Delays Time-delay1 Time-delay2 Time-delay3 Time-delay4
0.000000000000000000e+00 -3.864910499941216077e-02 -3.864910499941216077e-02 -3.864910499941216077e-02 -3.864910499941216077e-02
1.000000000000000000e+00 -1.086897406672674982e-01 -1.086897406672674982e-01 -1.086897406672674982e-01 -1.086897406672674982e-01
2.000000000000000000e+00 -8.500402246681758311e-02 -8.500402246681758311e-02 -8.500402246681758311e-02 -8.500402246681758311e-02
3.000000000000000000e+00 -2.705189091861945339e-02 -2.705189091861945339e-02 -2.705189091861945339e-02 -2.705189091861945339e-02
4.000000000000000000e+00 -8.457875418321442185e-02 -8.457875418321442185e-02 -8.457875418321442185e-02 -8.457875418321442185e-02
5.000000000000000000e+00 -8.656772844484551810e-02 -8.656772844484551810e-02 -8.656772844484551810e-02 -8.656772844484551810e-02
6.000000000000000000e+00 -9.004625767653752499e-02 -9.004625767653752499e-02 -9.004625767653752499e-02 -9.004625767653752499e-02
7.000000000000000000e+00 3.293759187269049843e-02 3.293759187269049843e-02 3.293759187269049843e-02 3.293759187269049843e-02
8.000000000000000000e+00 -2.002384737256287517e-01 -2.002384737256287517e-01 -2.002384737256287517e-01 -2.002384737256287517e-01
9.000000000000000000e+00 1.744588963925877007e-02 1.744588963925877007e-02 1.744588963925877007e-02 1.744588963925877007e-02
1.000000000000000000e+01 -5.413460385729591123e-02 -5.413460385729591123e-02 -5.413460385729591123e-02 -5.413460385729591123e-02
1.100000000000000000e+01 -8.231615806033826255e-02 -8.231615806033826255e-02 -8.231615806033826255e-02 -8.231615806033826255e-02
1.200000000000000000e+01 6.801679065851291839e-02 6.801679065851291839e-02 6.801679065851291839e-02 6.801679065851291839e-02
1.300000000000000000e+01 2.175019007840963206e-02 2.175019007840963206e-02 2.175019007840963206e-02 2.175019007840963206e-02
1.400000000000000000e+01 1.721349620950080039e-02 1.721349620950080039e-02 1.721349620950080039e-02 1.721349620950080039e-02
1.500000000000000000e+01 -8.731807824417335898e-03 -8.731807824417335898e-03 -8.731807824417335898e-03 -8.731807824417335898e-03
1.600000000000000000e+01 -4.453329668300778227e-02 -4.453329668300778227e-02 -4.453329668300778227e-02 -4.453329668300778227e-02
1.700000000000000000e+01 8.096082587361569383e-02 8.096082587361569383e-02 8.096082587361569383e-02 8.096082587361569383e-02
1.800000000000000000e+01 -5.715077051748419096e-02 -5.715077051748419096e-02 -5.715077051748419096e-02 -5.715077051748419096e-02
1.900000000000000000e+01 -1.438205826381404040e-01 -1.438205826381404040e-01 -1.438205826381404040e-01 -1.438205826381404040e-01
2.000000000000000000e+01 -2.738954566044834310e-02 -2.738954566044834310e-02 -2.738954566044834310e-02 -2.738954566044834310e-02
2.100000000000000000e+01 -7.863475241213328804e-03 -7.863475241213328804e-03 -7.863475241213328804e-03 -7.863475241213328804e-03
2.200000000000000000e+01 -2.043777186693886833e-02 -2.043777186693886833e-02 -2.043777186693886833e-02 -2.043777186693886833e-02
2.300000000000000000e+01 -1.625907558501828443e-01 -1.625907558501828443e-01 -1.625907558501828443e-01 -1.625907558501828443e-01
2.400000000000000000e+01 -8.612461672788443434e-02 -8.612461672788443434e-02 -8.612461672788443434e-02 -8.612461672788443434e-02
2.500000000000000000e+01 -9.958036121207386460e-02 -9.958036121207386460e-02 -9.958036121207386460e-02 -9.958036121207386460e-02
2.600000000000000000e+01 1.723547472025684785e-02 1.723547472025684785e-02 1.723547472025684785e-02 1.723547472025684785e-02
2.700000000000000000e+01 -1.765799780024182308e-01 -1.765799780024182308e-01 -1.765799780024182308e-01 -1.765799780024182308e-01
2.800000000000000000e+01 3.344668670102273877e-03 3.344668670102273877e-03 3.344668670102273877e-03 3.344668670102273877e-03
2.900000000000000000e+01 -7.885805869019993364e-02 -7.885805869019993364e-02 -7.885805869019993364e-02 -7.885805869019993364e-02
3.000000000000000000e+01 -8.371651356620722628e-02 -8.371651356620722628e-02 -8.371651356620722628e-02 -8.371651356620722628e-02
3.100000000000000000e+01 -6.577494372828449065e-02 -6.577494372828449065e-02 -6.577494372828449065e-02 -6.577494372828449065e-02
3.200000000000000000e+01 1.608901787797512306e-01 1.608901787797512306e-01 1.608901787797512306e-01 1.608901787797512306e-01
3.300000000000000000e+01 1.791489035785842274e-02 1.791489035785842274e-02 1.791489035785842274e-02 1.791489035785842274e-02
3.400000000000000000e+01 -3.460557880817684284e-02 -3.460557880817684284e-02 -3.460557880817684284e-02 -3.460557880817684284e-02
3.500000000000000000e+01 1.429170929367928333e-01 1.429170929367928333e-01 1.429170929367928333e-01 1.429170929367928333e-01
3.600000000000000000e+01 1.292549966833344277e-01 1.292549966833344277e-01 1.292549966833344277e-01 1.292549966833344277e-01
3.700000000000000000e+01 1.116206770269052850e-01 1.116206770269052850e-01 1.116206770269052850e-01 1.116206770269052850e-01
3.800000000000000000e+01 3.547064286634957209e-01 3.547064286634957209e-01 3.547064286634957209e-01 3.547064286634957209e-01
3.900000000000000000e+01 -1.598630755786211236e-02 -1.598630755786211236e-02 -1.598630755786211236e-02 -1.598630755786211236e-02
4.000000000000000000e+01 1.817125609602143477e-01 1.817125609602143477e-01 1.817125609602143477e-01 1.817125609602143477e-01
4.100000000000000000e+01 5.592690265252492354e-02 5.592690265252492354e-02 5.592690265252492354e-02 5.592690265252492354e-02
4.200000000000000000e+01 2.147673858305160222e-02 2.147673858305160222e-02 2.147673858305160222e-02 2.147673858305160222e-02
4.300000000000000000e+01 -4.491756081156675351e-02 -4.491756081156675351e-02 -4.491756081156675351e-02 -4.491756081156675351e-02
4.400000000000000000e+01 -1.673153965792486403e-02 -1.673153965792486403e-02 -1.673153965792486403e-02 -1.673153965792486403e-02
4.500000000000000000e+01 -7.173371784570956033e-02 -7.173371784570956033e-02 -7.173371784570956033e-02 -7.173371784570956033e-02
4.600000000000000000e+01 4.116420174055641229e-02 4.116420174055641229e-02 4.116420174055641229e-02 4.116420174055641229e-02
4.700000000000000000e+01 -3.243269576413427835e-01 -3.243269576413427835e-01 -3.243269576413427835e-01 -3.243269576413427835e-01
4.800000000000000000e+01 5.403784251331707200e-02 5.403784251331707200e-02 5.403784251331707200e-02 5.403784251331707200e-02
4.900000000000000000e+01 -1.449307310001318044e-02 -1.449307310001318044e-02 -1.449307310001318044e-02 -1.449307310001318044e-02
5.000000000000000000e+01 -3.798797142690248964e-03 -3.798797142690248964e-03 -3.798797142690248964e-03 -3.798797142690248964e-03
5.100000000000000000e+01 -1.487794632796292371e-02 -1.487794632796292371e-02 -1.487794632796292371e-02 -1.487794632796292371e-02
5.200000000000000000e+01 -2.266014486309162954e-02 -2.266014486309162954e-02 -2.266014486309162954e-02 -2.266014486309162954e-02
5.300000000000000000e+01 3.619361977460289898e-02 3.619361977460289898e-02 3.619361977460289898e-02 3.619361977460289898e-02
5.400000000000000000e+01 1.790183169868173885e-01 1.790183169868173885e-01 1.790183169868173885e-01 1.790183169868173885e-01
5.500000000000000000e+01 9.304748579120544760e-02 9.304748579120544760e-02 9.304748579120544760e-02 9.304748579120544760e-02
5.600000000000000000e+01 4.496284402582331752e-02 4.496284402582331752e-02 4.496284402582331752e-02 4.496284402582331752e-02
5.700000000000000000e+01 3.091332985262855715e-01 3.091332985262855715e-01 3.091332985262855715e-01 3.091332985262855715e-01
5.800000000000000000e+01 -3.142883753584858192e-02 -3.142883753584858192e-02 -3.142883753584858192e-02 -3.142883753584858192e-02
5.900000000000000000e+01 2.214649422204478801e-01 2.214649422204478801e-01 2.214649422204478801e-01 2.214649422204478801e-01
6.000000000000000000e+01 -5.023908790518748918e-02 -5.023908790518748918e-02 -5.023908790518748918e-02 -5.023908790518748918e-02
6.100000000000000000e+01 -3.465840985288333453e-02 -3.465840985288333453e-02 -3.465840985288333453e-02 -3.465840985288333453e-02
6.200000000000000000e+01 2.207071888647747782e-01 2.207071888647747782e-01 2.207071888647747782e-01 2.207071888647747782e-01
6.300000000000000000e+01 -1.731844762674382421e-01 -1.731844762674382421e-01 -1.731844762674382421e-01 -1.731844762674382421e-01
6.400000000000000000e+01 -1.896220160621070808e-02 -1.896220160621070808e-02 -1.896220160621070808e-02 -1.896220160621070808e-02
6.500000000000000000e+01 -1.465500657725639644e-01 -1.465500657725639644e-01 -1.465500657725639644e-01 -1.465500657725639644e-01
6.600000000000000000e+01 5.084171144705308676e-02 5.084171144705308676e-02 5.084171144705308676e-02 5.084171144705308676e-02
6.700000000000000000e+01 -6.871103152603709463e-02 -6.871103152603709463e-02 -6.871103152603709463e-02 -6.871103152603709463e-02
6.800000000000000000e+01 -1.144829706627707028e-01 -1.144829706627707028e-01 -1.144829706627707028e-01 -1.144829706627707028e-01
6.900000000000000000e+01 3.341246300946398851e-02 3.341246300946398851e-02 3.341246300946398851e-02 3.341246300946398851e-02
7.000000000000000000e+01 2.467019120673685784e-01 2.467019120673685784e-01 2.467019120673685784e-01 2.467019120673685784e-01
7.100000000000000000e+01 -1.025277364861131302e-01 -1.025277364861131302e-01 -1.025277364861131302e-01 -1.025277364861131302e-01
7.200000000000000000e+01 2.371351628634314479e-01 2.371351628634314479e-01 2.371351628634314479e-01 2.371351628634314479e-01
7.300000000000000000e+01 7.264010143153759591e-02 7.264010143153759591e-02 7.264010143153759591e-02 7.264010143153759591e-02
7.400000000000000000e+01 3.881463332825543233e-01 3.881463332825543233e-01 3.881463332825543233e-01 3.881463332825543233e-01
7.500000000000000000e+01 2.282326198502814540e-01 2.282326198502814540e-01 2.282326198502814540e-01 2.282326198502814540e-01
7.600000000000000000e+01 3.363325765200363970e-01 3.363325765200363970e-01 3.363325765200363970e-01 3.363325765200363970e-01
7.700000000000000000e+01 2.314904037070018294e-01 2.314904037070018294e-01 2.314904037070018294e-01 2.314904037070018294e-01
7.800000000000000000e+01 2.838395131809139382e-01 2.838395131809139382e-01 2.838395131809139382e-01 2.838395131809139382e-01
7.900000000000000000e+01 1.264005483166419641e-01 1.264005483166419641e-01 1.264005483166419641e-01 1.264005483166419641e-01
8.000000000000000000e+01 2.190243381004773060e-01 2.190243381004773060e-01 2.190243381004773060e-01 2.190243381004773060e-01
8.100000000000000000e+01 -3.310712553883069648e-02 -3.310712553883069648e-02 -3.310712553883069648e-02 -3.310712553883069648e-02
8.200000000000000000e+01 5.997393395225461554e-02 5.997393395225461554e-02 5.997393395225461554e-02 5.997393395225461554e-02
8.300000000000000000e+01 5.175519708813446779e-02 5.175519708813446779e-02 5.175519708813446779e-02 5.175519708813446779e-02
8.400000000000000000e+01 -8.873642826361964608e-02 -8.873642826361964608e-02 -8.873642826361964608e-02 -8.873642826361964608e-02
8.500000000000000000e+01 -9.822864839325876063e-02 -9.822864839325876063e-02 -9.822864839325876063e-02 -9.822864839325876063e-02
8.600000000000000000e+01 2.057377526471549090e-01 2.057377526471549090e-01 2.057377526471549090e-01 2.057377526471549090e-01
8.700000000000000000e+01 -7.762139027697383120e-02 -7.762139027697383120e-02 -7.762139027697383120e-02 -7.762139027697383120e-02
8.800000000000000000e+01 -2.494112460113599161e-01 -2.494112460113599161e-01 -2.494112460113599161e-01 -2.494112460113599161e-01
8.900000000000000000e+01 1.124852002245172872e-01 1.124852002245172872e-01 1.124852002245172872e-01 1.124852002245172872e-01
9.000000000000000000e+01 1.406424032236173738e-01 1.406424032236173738e-01 1.406424032236173738e-01 1.406424032236173738e-01
9.100000000000000000e+01 -4.351072812366838655e-02 -4.351072812366838655e-02 -4.351072812366838655e-02 -4.351072812366838655e-02
9.200000000000000000e+01 2.984386235903837559e-01 2.984386235903837559e-01 2.984386235903837559e-01 2.984386235903837559e-01
9.300000000000000000e+01 8.897516985467754380e-02 8.897516985467754380e-02 8.897516985467754380e-02 8.897516985467754380e-02
9.400000000000000000e+01 4.037907906434105021e-01 4.037907906434105021e-01 4.037907906434105021e-01 4.037907906434105021e-01
9.500000000000000000e+01 2.795932858883343752e-01 2.795932858883343752e-01 2.795932858883343752e-01 2.795932858883343752e-01
9.600000000000000000e+01 3.863561586801881331e-01 3.863561586801881331e-01 3.863561586801881331e-01 3.863561586801881331e-01
9.700000000000000000e+01 2.546288926243172046e-01 2.546288926243172046e-01 2.546288926243172046e-01 2.546288926243172046e-01
9.800000000000000000e+01 4.357626805963291106e-01 4.357626805963291106e-01 4.357626805963291106e-01 4.357626805963291106e-01
9.900000000000000000e+01 1.814388396551595145e-02 1.814388396551595145e-02 1.814388396551595145e-02 1.814388396551595145e-02
1.000000000000000000e+02 2.691438323352344786e-01 2.691438323352344786e-01 2.691438323352344786e-01 2.691438323352344786e-01
1.010000000000000000e+02 1.990593474574442467e-01 1.990593474574442467e-01 1.990593474574442467e-01 1.990593474574442467e-01
1.020000000000000000e+02 1.710164022076113843e-01 1.710164022076113843e-01 1.710164022076113843e-01 1.710164022076113843e-01
1.030000000000000000e+02 5.130551658458300246e-02 5.130551658458300246e-02 5.130551658458300246e-02 5.130551658458300246e-02
1.040000000000000000e+02 5.960694893238380893e-02 5.960694893238380893e-02 5.960694893238380893e-02 5.960694893238380893e-02
1.050000000000000000e+02 -9.713275958488486184e-02 -9.713275958488486184e-02 -9.713275958488486184e-02 -9.713275958488486184e-02
1.060000000000000000e+02 2.533724170477542059e-01 2.533724170477542059e-01 2.533724170477542059e-01 2.533724170477542059e-01
1.070000000000000000e+02 -4.869940107376004995e-02 -4.869940107376004995e-02 -4.869940107376004995e-02 -4.869940107376004995e-02
1.080000000000000000e+02 -5.743808787333492399e-02 -5.743808787333492399e-02 -5.743808787333492399e-02 -5.743808787333492399e-02
1.090000000000000000e+02 1.132310350103165747e-01 1.132310350103165747e-01 1.132310350103165747e-01 1.132310350103165747e-01
1.100000000000000000e+02 1.183794980934390895e-01 1.183794980934390895e-01 1.183794980934390895e-01 1.183794980934390895e-01
1.110000000000000000e+02 6.680620445245460948e-02 6.680620445245460948e-02 6.680620445245460948e-02 6.680620445245460948e-02
1.120000000000000000e+02 1.588652542680325519e-01 1.588652542680325519e-01 1.588652542680325519e-01 1.588652542680325519e-01
1.130000000000000000e+02 1.942880571030278503e-01 1.942880571030278503e-01 1.942880571030278503e-01 1.942880571030278503e-01
1.140000000000000000e+02 9.790482021057983486e-02 9.790482021057983486e-02 9.790482021057983486e-02 9.790482021057983486e-02
1.150000000000000000e+02 3.431928728654790595e-01 3.431928728654790595e-01 3.431928728654790595e-01 3.431928728654790595e-01
1.160000000000000000e+02 1.270815165061062180e-01 1.270815165061062180e-01 1.270815165061062180e-01 1.270815165061062180e-01
1.170000000000000000e+02 2.000275345077331957e-01 2.000275345077331957e-01 2.000275345077331957e-01 2.000275345077331957e-01
1.180000000000000000e+02 1.673606863635383191e-01 1.673606863635383191e-01 1.673606863635383191e-01 1.673606863635383191e-01
1.190000000000000000e+02 3.596475464061075211e-01 3.596475464061075211e-01 3.596475464061075211e-01 3.596475464061075211e-01
