0.000000000000000000e+00 2.492662809109129352e-01 2.492662809109129352e-01 2.492662809109129352e-01 2.492662809109129352e-01
1.000000000000000000e+00 3.686987348355949545e-01 3.686987348355949545e-01 3.686987348355949545e-01 3.686987348355949545e-01
2.000000000000000000e+00 4.615844225178203364e-01 4.615844225178203364e-01 4.615844225178203364e-01 4.615844225178203364e-01
3.000000000000000000e+00 4.320612101498268465e-01 4.320612101498268465e-01 4.320612101498268465e-01 4.320612101498268465e-01
4.000000000000000000e+00 7.065439433850894124e-01 7.065439433850894124e-01 7.065439433850894124e-01 7.065439433850894124e-01
5.000000000000000000e+00 8.427881991553318741e-01 8.427881991553318741e-01 8.427881991553318741e-01 8.427881991553318741e-01
6.000000000000000000e+00 1.072329269675934116e+00 1.072329269675934116e+00 1.072329269675934116e+00 1.072329269675934116e+00
7.000000000000000000e+00 1.411739343755733733e+00 1.411739343755733733e+00 1.411739343755733733e+00 1.411739343755733733e+00
8.000000000000000000e+00 1.459467890521161548e+00 1.459467890521161548e+00 1.459467890521161548e+00 1.459467890521161548e+00
9.000000000000000000e+00 1.495616812231418846e+00 1.495616812231418846e+00 1.495616812231418846e+00 1.495616812231418846e+00
1.000000000000000000e+01 1.611247829585571223e+00 1.611247829585571223e+00 1.611247829585571223e+00 1.611247829585571223e+00
1.100000000000000000e+01 1.561128821358807039e+00 1.561128821358807039e+00 1.561128821358807039e+00 1.561128821358807039e+00
1.200000000000000000e+01 1.811012654064322103e+00 1.811012654064322103e+00 1.811012654064322103e+00 1.811012654064322103e+00
1.300000000000000000e+01 1.899478910298369128e+00 1.899478910298369128e+00 1.899478910298369128e+00 1.899478910298369128e+00
1.400000000000000000e+01 2.008658493942270251e+00 2.008658493942270251e+00 2.008658493942270251e+00 2.008658493942270251e+00
1.500000000000000000e+01 2.123040926697810526e+00 2.123040926697810526e+00 2.123040926697810526e+00 2.123040926697810526e+00
1.600000000000000000e+01 2.147795884246778364e+00 2.147795884246778364e+00 2.147795884246778364e+00 2.147795884246778364e+00
1.700000000000000000e+01 2.050249620205322199e+00 2.050249620205322199e+00 2.050249620205322199e+00 2.050249620205322199e+00
1.800000000000000000e+01 1.852583235241973991e+00 1.852583235241973991e+00 1.852583235241973991e+00 1.852583235241973991e+00
1.900000000000000000e+01 1.817032623255630863e+00 1.817032623255630863e+00 1.817032623255630863e+00 1.817032623255630863e+00
2.000000000000000000e+01 1.451977633757005615e+00 1.451977633757005615e+00 1.451977633757005615e+00 1.451977633757005615e+00
2.100000000000000000e+01 1.457506891826652939e+00 1.457506891826652939e+00 1.457506891826652939e+00 1.457506891826652939e+00
2.200000000000000000e+01 1.570698068148130844e+00 1.570698068148130844e+00 1.570698068148130844e+00 1.570698068148130844e+00
2.300000000000000000e+01 1.271493889358676244e+00 1.271493889358676244e+00 1.271493889358676244e+00 1.271493889358676244e+00
2.400000000000000000e+01 1.482295693892609512e+00 1.482295693892609512e+00 1.482295693892609512e+00 1.482295693892609512e+00
2.500000000000000000e+01 1.411690839861683200e+00 1.411690839861683200e+00 1.411690839861683200e+00 1.411690839861683200e+00
2.600000000000000000e+01 1.436510887468501974e+00 1.436510887468501974e+00 1.436510887468501974e+00 1.436510887468501974e+00
2.700000000000000000e+01 1.307521116592753385e+00 1.307521116592753385e+00 1.307521116592753385e+00 1.307521116592753385e+00
2.800000000000000000e+01 1.380980360843301336e+00 1.380980360843301336e+00 1.380980360843301336e+00 1.380980360843301336e+00
2.900000000000000000e+01 1.388094344552715631e+00 1.388094344552715631e+00 1.388094344552715631e+00 1.388094344552715631e+00
3.000000000000000000e+01 1.528207532585716510e+00 1.528207532585716510e+00 1.528207532585716510e+00 1.528207532585716510e+00
3.100000000000000000e+01 1.744245107714180509e+00 1.744245107714180509e+00 1.744245107714180509e+00 1.744245107714180509e+00
3.200000000000000000e+01 1.780864803748565484e+00 1.780864803748565484e+00 1.780864803748565484e+00 1.780864803748565484e+00
3.300000000000000000e+01 2.072763195415840531e+00 2.072763195415840531e+00 2.072763195415840531e+00 2.072763195415840531e+00
3.400000000000000000e+01 1.997899291665496069e+00 1.997899291665496069e+00 1.997899291665496069e+00 1.997899291665496069e+00
3.500000000000000000e+01 1.873502803567734132e+00 1.873502803567734132e+00 1.873502803567734132e+00 1.873502803567734132e+00
3.600000000000000000e+01 2.032870431393078103e+00 2.032870431393078103e+00 2.032870431393078103e+00 2.032870431393078103e+00
3.700000000000000000e+01 1.919561090216983512e+00 1.919561090216983512e+00 1.919561090216983512e+00 1.919561090216983512e+00
3.800000000000000000e+01 1.757133670365356171e+00 1.757133670365356171e+00 1.757133670365356171e+00 1.757133670365356171e+00
3.900000000000000000e+01 1.775362588468126335e+00 1.775362588468126335e+00 1.775362588468126335e+00 1.775362588468126335e+00
4.000000000000000000e+01 1.809016725494633215e+00 1.809016725494633215e+00 1.809016725494633215e+00 1.809016725494633215e+00
4.100000000000000000e+01 1.870069387076197298e+00 1.870069387076197298e+00 1.870069387076197298e+00 1.870069387076197298e+00
4.200000000000000000e+01 1.977376498269945770e+00 1.977376498269945770e+00 1.977376498269945770e+00 1.977376498269945770e+00
4.300000000000000000e+01 1.929242094606529401e+00 1.929242094606529401e+00 1.929242094606529401e+00 1.929242094606529401e+00
4.400000000000000000e+01 2.040437503116567797e+00 2.040437503116567797e+00 2.040437503116567797e+00 2.040437503116567797e+00
4.500000000000000000e+01 1.884155525211955950e+00 1.884155525211955950e+00 1.884155525211955950e+00 1.884155525211955950e+00
4.600000000000000000e+01 2.004165461536572934e+00 2.004165461536572934e+00 2.004165461536572934e+00 2.004165461536572934e+00
4.700000000000000000e+01 1.979436072636178823e+00 1.979436072636178823e+00 1.979436072636178823e+00 1.979436072636178823e+00
4.800000000000000000e+01 2.156086707101671607e+00 2.156086707101671607e+00 2.156086707101671607e+00 2.156086707101671607e+00
4.900000000000000000e+01 2.213137365271655721e+00 2.213137365271655721e+00 2.213137365271655721e+00 2.213137365271655721e+00
5.000000000000000000e+01 2.642780655479737284e+00 2.642780655479737284e+00 2.642780655479737284e+00 2.642780655479737284e+00
5.100000000000000000e+01 2.742278939502286850e+00 2.742278939502286850e+00 2.742278939502286850e+00 2.742278939502286850e+00
5.200000000000000000e+01 2.914364035514446893e+00 2.914364035514446893e+00 2.914364035514446893e+00 2.914364035514446893e+00
5.300000000000000000e+01 3.147805478140018209e+00 3.147805478140018209e+00 3.147805478140018209e+00 3.147805478140018209e+00
5.400000000000000000e+01 3.084791390363311070e+00 3.084791390363311070e+00 3.084791390363311070e+00 3.084791390363311070e+00
5.500000000000000000e+01 2.969479385906300895e+00 2.969479385906300895e+00 2.969479385906300895e+00 2.969479385906300895e+00
5.600000000000000000e+01 2.900680323634187818e+00 2.900680323634187818e+00 2.900680323634187818e+00 2.900680323634187818e+00
5.700000000000000000e+01 2.674025167608712561e+00 2.674025167608712561e+00 2.674025167608712561e+00 2.674025167608712561e+00
5.800000000000000000e+01 2.541006603527760532e+00 2.541006603527760532e+00 2.541006603527760532e+00 2.541006603527760532e+00
5.900000000000000000e+01 2.579547449500696921e+00 2.579547449500696921e+00 2.579547449500696921e+00 2.579547449500696921e+00
6.000000000000000000e+01 2.222128438823900431e+00 2.222128438823900431e+00 2.222128438823900431e+00 2.222128438823900431e+00
6.100000000000000000e+01 2.292599574993826828e+00 2.292599574993826828e+00 2.292599574993826828e+00 2.292599574993826828e+00
6.200000000000000000e+01 2.289983884446125550e+00 2.289983884446125550e+00 2.289983884446125550e+00 2.289983884446125550e+00
6.300000000000000000e+01 2.164680421593437654e+00 2.164680421593437654e+00 2.164680421593437654e+00 2.164680421593437654e+00
6.400000000000000000e+01 2.251363093798699033e+00 2.251363093798699033e+00 2.251363093798699033e+00 2.251363093798699033e+00
6.500000000000000000e+01 2.130302806950125305e+00 2.130302806950125305e+00 2.130302806950125305e+00 2.130302806950125305e+00
6.600000000000000000e+01 2.154945950756957274e+00 2.154945950756957274e+00 2.154945950756957274e+00 2.154945950756957274e+00
6.700000000000000000e+01 2.231604730314271201e+00 2.231604730314271201e+00 2.231604730314271201e+00 2.231604730314271201e+00
6.800000000000000000e+01 2.299686966850303715e+00 2.299686966850303715e+00 2.299686966850303715e+00 2.299686966850303715e+00
6.900000000000000000e+01 2.297296806766583543e+00 2.297296806766583543e+00 2.297296806766583543e+00 2.297296806766583543e+00
7.000000000000000000e+01 2.601829931379049832e+00 2.601829931379049832e+00 2.601829931379049832e+00 2.601829931379049832e+00
7.100000000000000000e+01 2.610987480795760707e+00 2.610987480795760707e+00 2.610987480795760707e+00 2.610987480795760707e+00
7.200000000000000000e+01 2.768627663285805340e+00 2.768627663285805340e+00 2.768627663285805340e+00 2.768627663285805340e+00
7.300000000000000000e+01 2.722497802053887028e+00 2.722497802053887028e+00 2.722497802053887028e+00 2.722497802053887028e+00
7.400000000000000000e+01 2.553085685223742018e+00 2.553085685223742018e+00 2.553085685223742018e+00 2.553085685223742018e+00
7.500000000000000000e+01 2.691903801894048431e+00 2.691903801894048431e+00 2.691903801894048431e+00 2.691903801894048431e+00
7.600000000000000000e+01 2.529722096872307979e+00 2.529722096872307979e+00 2.529722096872307979e+00 2.529722096872307979e+00
7.700000000000000000e+01 2.557628982043801624e+00 2.557628982043801624e+00 2.557628982043801624e+00 2.557628982043801624e+00
7.800000000000000000e+01 2.260818035304581919e+00 2.260818035304581919e+00 2.260818035304581919e+00 2.260818035304581919e+00
7.900000000000000000e+01 2.562249710590376761e+00 2.562249710590376761e+00 2.562249710590376761e+00 2.562249710590376761e+00
8.000000000000000000e+01 2.255925639676875871e+00 2.255925639676875871e+00 2.255925639676875871e+00 2.255925639676875871e+00
8.100000000000000000e+01 2.273004940646266903e+00 2.273004940646266903e+00 2.273004940646266903e+00 2.273004940646266903e+00
8.200000000000000000e+01 2.341803752641605563e+00 2.341803752641605563e+00 2.341803752641605563e+00 2.341803752641605563e+00
8.300000000000000000e+01 1.809675973858557940e+00 1.809675973858557940e+00 1.809675973858557940e+00 1.809675973858557940e+00
8.400000000000000000e+01 1.887958387162763652e+00 1.887958387162763652e+00 1.887958387162763652e+00 1.887958387162763652e+00
8.500000000000000000e+01 1.496870216413745291e+00 1.496870216413745291e+00 1.496870216413745291e+00 1.496870216413745291e+00
8.600000000000000000e+01 1.528776009448414630e+00 1.528776009448414630e+00 1.528776009448414630e+00 1.528776009448414630e+00
8.700000000000000000e+01 1.830116710132016378e+00 1.830116710132016378e+00 1.830116710132016378e+00 1.830116710132016378e+00
8.800000000000000000e+01 2.100385860439826669e+00 2.100385860439826669e+00 2.100385860439826669e+00 2.100385860439826669e+00
8.900000000000000000e+01 2.303656948913977320e+00 2.303656948913977320e+00 2.303656948913977320e+00 2.303656948913977320e+00
9.000000000000000000e+01 2.533880471820038505e+00 2.533880471820038505e+00 2.533880471820038505e+00 2.533880471820038505e+00
9.100000000000000000e+01 2.703419421301987313e+00 2.703419421301987313e+00 2.703419421301987313e+00 2.703419421301987313e+00
9.200000000000000000e+01 2.444671573656983288e+00 2.444671573656983288e+00 2.444671573656983288e+00 2.444671573656983288e+00
9.300000000000000000e+01 2.165239310362975900e+00 2.165239310362975900e+00 2.165239310362975900e+00 2.165239310362975900e+00
9.400000000000000000e+01 1.992098918880052416e+00 1.992098918880052416e+00 1.992098918880052416e+00 1.992098918880052416e+00
9.500000000000000000e+01 2.133813901103223554e+00 2.133813901103223554e+00 2.133813901103223554e+00 2.133813901103223554e+00
9.600000000000000000e+01 1.946302637066624319e+00 1.946302637066624319e+00 1.946302637066624319e+00 1.946302637066624319e+00
9.700000000000000000e+01 1.972054283700641619e+00 1.972054283700641619e+00 1.972054283700641619e+00 1.972054283700641619e+00
9.800000000000000000e+01 1.814940216418748031e+00 1.814940216418748031e+00 1.814940216418748031e+00 1.814940216418748031e+00
9.900000000000000000e+01 1.818243913682553670e+00 1.818243913682553670e+00 1.818243913682553670e+00 1.818243913682553670e+00
1.000000000000000000e+02 1.559737270075511217e+00 1.559737270075511217e+00 1.559737270075511217e+00 1.559737270075511217e+00
1.010000000000000000e+02 1.465924377999916706e+00 1.465924377999916706e+00 1.465924377999916706e+00 1.465924377999916706e+00
1.020000000000000000e+02 1.350576893933330913e+00 1.350576893933330913e+00 1.350576893933330913e+00 1.350576893933330913e+00
1.030000000000000000e+02 1.134576796118150321e+00 1.134576796118150321e+00 1.134576796118150321e+00 1.134576796118150321e+00
1.040000000000000000e+02 1.224807538882770830e+00 1.224807538882770830e+00 1.224807538882770830e+00 1.224807538882770830e+00
1.050000000000000000e+02 1.092091661504607458e+00 1.092091661504607458e+00 1.092091661504607458e+00 1.092091661504607458e+00
1.060000000000000000e+02 1.161155237760910452e+00 1.161155237760910452e+00 1.161155237760910452e+00 1.161155237760910452e+00
1.070000000000000000e+02 1.360508349283421126e+00 1.360508349283421126e+00 1.360508349283421126e+00 1.360508349283421126e+00
1.080000000000000000e+02 1.351130419838792118e+00 1.351130419838792118e+00 1.351130419838792118e+00 1.351130419838792118e+00
1.090000000000000000e+02 1.373725114193149910e+00 1.373725114193149910e+00 1.373725114193149910e+00 1.373725114193149910e+00
1.100000000000000000e+02 1.416507530459153674e+00 1.416507530459153674e+00 1.416507530459153674e+00 1.416507530459153674e+00
1.110000000000000000e+02 1.322266619351819772e+00 1.322266619351819772e+00 1.322266619351819772e+00 1.322266619351819772e+00
1.120000000000000000e+02 1.407447884459046339e+00 1.407447884459046339e+00 1.407447884459046339e+00 1.407447884459046339e+00
1.130000000000000000e+02 1.462597723073551625e+00 1.462597723073551625e+00 1.462597723073551625e+00 1.462597723073551625e+00
1.140000000000000000e+02 1.378008013220936023e+00 1.378008013220936023e+00 1.378008013220936023e+00 1.378008013220936023e+00
1.150000000000000000e+02 1.602555490420965789e+00 1.602555490420965789e+00 1.602555490420965789e+00 1.602555490420965789e+00
1.160000000000000000e+02 1.524459186554715462e+00 1.524459186554715462e+00 1.524459186554715462e+00 1.524459186554715462e+00
1.170000000000000000e+02 1.830227162980154754e+00 1.830227162980154754e+00 1.830227162980154754e+00 1.830227162980154754e+00
1.180000000000000000e+02 1.796946618253124850e+00 1.796946618253124850e+00 1.796946618253124850e+00 1.796946618253124850e+00
1.190000000000000000e+02 1.978888348569070477e+00 1.978888348569070477e+00 1.978888348569070477e+00 1.978888348569070477e+00
