0.000000000000000000e+00 6.335516396146758655e-01 6.335516396146758655e-01 6.335516396146758655e-01 6.335516396146758655e-01
1.000000000000000000e+00 7.825351265010922486e-01 7.825351265010922486e-01 7.825351265010922486e-01 7.825351265010922486e-01
2.000000000000000000e+00 1.103172166216378342e-01 1.103172166216378342e-01 1.103172166216378342e-01 1.103172166216378342e-01
3.000000000000000000e+00 1.151075973041119749e+00 1.151075973041119749e+00 1.151075973041119749e+00 1.151075973041119749e+00
4.000000000000000000e+00 2.569544845878080075e+00 2.569544845878080075e+00 2.569544845878080075e+00 2.569544845878080075e+00
5.000000000000000000e+00 1.867376735743073057e+00 1.867376735743073057e+00 1.867376735743073057e+00 1.867376735743073057e+00
6.000000000000000000e+00 3.615531109632203477e-01 3.615531109632203477e-01 3.615531109632203477e-01 3.615531109632203477e-01
7.000000000000000000e+00 1.218243002083100546e+00 1.218243002083100546e+00 1.218243002083100546e+00 1.218243002083100546e+00
8.000000000000000000e+00 3.140574235936739012e+00 3.140574235936739012e+00 3.140574235936739012e+00 3.140574235936739012e+00
9.000000000000000000e+00 3.585438575736754174e+00 3.585438575736754174e+00 3.585438575736754174e+00 3.585438575736754174e+00
1.000000000000000000e+01 2.257764276089051059e+00 2.257764276089051059e+00 2.257764276089051059e+00 2.257764276089051059e+00
1.100000000000000000e+01 4.386164675600647378e+00 4.386164675600647378e+00 4.386164675600647378e+00 4.386164675600647378e+00
1.200000000000000000e+01 3.828382668777649211e+00 3.828382668777649211e+00 3.828382668777649211e+00 3.828382668777649211e+00
1.300000000000000000e+01 3.522105612520526563e+00 3.522105612520526563e+00 3.522105612520526563e+00 3.522105612520526563e+00
1.400000000000000000e+01 4.292669612752136210e+00 4.292669612752136210e+00 4.292669612752136210e+00 4.292669612752136210e+00
1.500000000000000000e+01 3.658872911582819132e+00 3.658872911582819132e+00 3.658872911582819132e+00 3.658872911582819132e+00
1.600000000000000000e+01 5.252011111376113206e+00 5.252011111376113206e+00 5.252011111376113206e+00 5.252011111376113206e+00
1.700000000000000000e+01 5.458060204844255026e+00 5.458060204844255026e+00 5.458060204844255026e+00 5.458060204844255026e+00
1.800000000000000000e+01 4.892882705393495790e+00 4.892882705393495790e+00 4.892882705393495790e+00 4.892882705393495790e+00
1.900000000000000000e+01 5.240983015219568664e+00 5.240983015219568664e+00 5.240983015219568664e+00 5.240983015219568664e+00
2.000000000000000000e+01 5.394416053371560160e+00 5.394416053371560160e+00 5.394416053371560160e+00 5.394416053371560160e+00
2.100000000000000000e+01 5.794551689091894886e+00 5.794551689091894886e+00 5.794551689091894886e+00 5.794551689091894886e+00
2.200000000000000000e+01 5.654273911938396679e+00 5.654273911938396679e+00 5.654273911938396679e+00 5.654273911938396679e+00
2.300000000000000000e+01 5.825397193580356792e+00 5.825397193580356792e+00 5.825397193580356792e+00 5.825397193580356792e+00
2.400000000000000000e+01 6.532409852736905442e+00 6.532409852736905442e+00 6.532409852736905442e+00 6.532409852736905442e+00
2.500000000000000000e+01 6.026185616730256100e+00 6.026185616730256100e+00 6.026185616730256100e+00 6.026185616730256100e+00
2.600000000000000000e+01 5.165644131349206525e+00 5.165644131349206525e+00 5.165644131349206525e+00 5.165644131349206525e+00
2.700000000000000000e+01 5.902641909648031593e+00 5.902641909648031593e+00 5.902641909648031593e+00 5.902641909648031593e+00
2.800000000000000000e+01 6.462993764198264657e+00 6.462993764198264657e+00 6.462993764198264657e+00 6.462993764198264657e+00
2.900000000000000000e+01 6.641418975286313753e+00 6.641418975286313753e+00 6.641418975286313753e+00 6.641418975286313753e+00
3.000000000000000000e+01 6.726585342087597397e+00 6.726585342087597397e+00 6.726585342087597397e+00 6.726585342087597397e+00
3.100000000000000000e+01 8.310752030242470667e+00 8.310752030242470667e+00 8.310752030242470667e+00 8.310752030242470667e+00
3.200000000000000000e+01 6.938300274843080651e+00 6.938300274843080651e+00 6.938300274843080651e+00 6.938300274843080651e+00
3.300000000000000000e+01 6.369625603654389678e+00 6.369625603654389678e+00 6.369625603654389678e+00 6.369625603654389678e+00
3.400000000000000000e+01 6.343752087115739791e+00 6.343752087115739791e+00 6.343752087115739791e+00 6.343752087115739791e+00
3.500000000000000000e+01 7.141452099810534193e+00 7.141452099810534193e+00 7.141452099810534193e+00 7.141452099810534193e+00
3.600000000000000000e+01 6.822019587158927756e+00 6.822019587158927756e+00 6.822019587158927756e+00 6.822019587158927756e+00
3.700000000000000000e+01 6.484292316075208618e+00 6.484292316075208618e+00 6.484292316075208618e+00 6.484292316075208618e+00
3.800000000000000000e+01 7.837292590134651959e+00 7.837292590134651959e+00 7.837292590134651959e+00 7.837292590134651959e+00
3.900000000000000000e+01 8.643454795017060377e+00 8.643454795017060377e+00 8.643454795017060377e+00 8.643454795017060377e+00
4.000000000000000000e+01 8.332745856471884593e+00 8.332745856471884593e+00 8.332745856471884593e+00 8.332745856471884593e+00
4.100000000000000000e+01 6.676259193246257162e+00 6.676259193246257162e+00 6.676259193246257162e+00 6.676259193246257162e+00
4.200000000000000000e+01 7.540127931190583332e+00 7.540127931190583332e+00 7.540127931190583332e+00 7.540127931190583332e+00
4.300000000000000000e+01 8.068118763457844622e+00 8.068118763457844622e+00 8.068118763457844622e+00 8.068118763457844622e+00
4.400000000000000000e+01 8.905047931370354775e+00 8.905047931370354775e+00 8.905047931370354775e+00 8.905047931370354775e+00
4.500000000000000000e+01 9.001574395439400078e+00 9.001574395439400078e+00 9.001574395439400078e+00 9.001574395439400078e+00
4.600000000000000000e+01 9.040347786485314785e+00 9.040347786485314785e+00 9.040347786485314785e+00 9.040347786485314785e+00
4.700000000000000000e+01 9.403900822127205572e+00 9.403900822127205572e+00 9.403900822127205572e+00 9.403900822127205572e+00
4.800000000000000000e+01 7.746963415713673307e+00 7.746963415713673307e+00 7.746963415713673307e+00 7.746963415713673307e+00
4.900000000000000000e+01 8.576760898000854283e+00 8.576760898000854283e+00 8.576760898000854283e+00 8.576760898000854283e+00
5.000000000000000000e+01 8.581192664488916932e+00 8.581192664488916932e+00 8.581192664488916932e+00 8.581192664488916932e+00
5.100000000000000000e+01 7.377830029497627784e+00 7.377830029497627784e+00 7.377830029497627784e+00 7.377830029497627784e+00
5.200000000000000000e+01 8.886197660254556041e+00 8.886197660254556041e+00 8.886197660254556041e+00 8.886197660254556041e+00
5.300000000000000000e+01 8.698917686345186695e+00 8.698917686345186695e+00 8.698917686345186695e+00 8.698917686345186695e+00
5.400000000000000000e+01 9.341085820608714840e+00 9.341085820608714840e+00 9.341085820608714840e+00 9.341085820608714840e+00
5.500000000000000000e+01 9.220592276801147236e+00 9.220592276801147236e+00 9.220592276801147236e+00 9.220592276801147236e+00
5.600000000000000000e+01 7.726604535910036375e+00 7.726604535910036375e+00 7.726604535910036375e+00 7.726604535910036375e+00
5.700000000000000000e+01 7.622127339033964333e+00 7.622127339033964333e+00 7.622127339033964333e+00 7.622127339033964333e+00
5.800000000000000000e+01 7.954274937823194058e+00 7.954274937823194058e+00 7.954274937823194058e+00 7.954274937823194058e+00
5.900000000000000000e+01 6.842034013170605888e+00 6.842034013170605888e+00 6.842034013170605888e+00 6.842034013170605888e+00
6.000000000000000000e+01 7.565871233484291025e+00 7.565871233484291025e+00 7.565871233484291025e+00 7.565871233484291025e+00
6.100000000000000000e+01 8.094312699193066507e+00 8.094312699193066507e+00 8.094312699193066507e+00 8.094312699193066507e+00
6.200000000000000000e+01 1.004809098341762841e+01 1.004809098341762841e+01 1.004809098341762841e+01 1.004809098341762841e+01
6.300000000000000000e+01 7.465742760732879013e+00 7.465742760732879013e+00 7.465742760732879013e+00 7.465742760732879013e+00
6.400000000000000000e+01 8.531112022758531310e+00 8.531112022758531310e+00 8.531112022758531310e+00 8.531112022758531310e+00
6.500000000000000000e+01 8.125238489301620959e+00 8.125238489301620959e+00 8.125238489301620959e+00 8.125238489301620959e+00
6.600000000000000000e+01 8.203413432234546221e+00 8.203413432234546221e+00 8.203413432234546221e+00 8.203413432234546221e+00
6.700000000000000000e+01 9.183004951056915388e+00 9.183004951056915388e+00 9.183004951056915388e+00 9.183004951056915388e+00
6.800000000000000000e+01 9.815453226372973461e+00 9.815453226372973461e+00 9.815453226372973461e+00 9.815453226372973461e+00
6.900000000000000000e+01 7.072938612235655675e+00 7.072938612235655675e+00 7.072938612235655675e+00 7.072938612235655675e+00
7.000000000000000000e+01 8.291068065972755363e+00 8.291068065972755363e+00 8.291068065972755363e+00 8.291068065972755363e+00
7.100000000000000000e+01 9.533490149812935854e+00 9.533490149812935854e+00 9.533490149812935854e+00 9.533490149812935854e+00
7.200000000000000000e+01 8.427182867810394384e+00 8.427182867810394384e+00 8.427182867810394384e+00 8.427182867810394384e+00
7.300000000000000000e+01 7.938639199283577419e+00 7.938639199283577419e+00 7.938639199283577419e+00 7.938639199283577419e+00
7.400000000000000000e+01 8.466399066134439266e+00 8.466399066134439266e+00 8.466399066134439266e+00 8.466399066134439266e+00
7.500000000000000000e+01 8.950933669122628444e+00 8.950933669122628444e+00 8.950933669122628444e+00 8.950933669122628444e+00
7.600000000000000000e+01 1.001823464782538231e+01 1.001823464782538231e+01 1.001823464782538231e+01 1.001823464782538231e+01
7.700000000000000000e+01 9.048466418919799636e+00 9.048466418919799636e+00 9.048466418919799636e+00 9.048466418919799636e+00
7.800000000000000000e+01 8.370342093677141548e+00 8.370342093677141548e+00 8.370342093677141548e+00 8.370342093677141548e+00
7.900000000000000000e+01 7.709034444213500592e+00 7.709034444213500592e+00 7.709034444213500592e+00 7.709034444213500592e+00
8.000000000000000000e+01 7.884317319856410933e+00 7.884317319856410933e+00 7.884317319856410933e+00 7.884317319856410933e+00
8.100000000000000000e+01 7.404263897687151541e+00 7.404263897687151541e+00 7.404263897687151541e+00 7.404263897687151541e+00
8.200000000000000000e+01 7.188221999331012135e+00 7.188221999331012135e+00 7.188221999331012135e+00 7.188221999331012135e+00
8.300000000000000000e+01 7.577802357249902698e+00 7.577802357249902698e+00 7.577802357249902698e+00 7.577802357249902698e+00
8.400000000000000000e+01 8.378905872349688977e+00 8.378905872349688977e+00 8.378905872349688977e+00 8.378905872349688977e+00
8.500000000000000000e+01 9.091838049657358312e+00 9.091838049657358312e+00 9.091838049657358312e+00 9.091838049657358312e+00
8.600000000000000000e+01 8.095245896660872020e+00 8.095245896660872020e+00 8.095245896660872020e+00 8.095245896660872020e+00
8.700000000000000000e+01 8.747272171470052982e+00 8.747272171470052982e+00 8.747272171470052982e+00 8.747272171470052982e+00
8.800000000000000000e+01 9.076263050959630263e+00 9.076263050959630263e+00 9.076263050959630263e+00 9.076263050959630263e+00
8.900000000000000000e+01 9.226256184102854974e+00 9.226256184102854974e+00 9.226256184102854974e+00 9.226256184102854974e+00
9.000000000000000000e+01 8.091516914763177581e+00 8.091516914763177581e+00 8.091516914763177581e+00 8.091516914763177581e+00
9.100000000000000000e+01 7.124747840584064740e+00 7.124747840584064740e+00 7.124747840584064740e+00 7.124747840584064740e+00
9.200000000000000000e+01 7.321762140356625537e+00 7.321762140356625537e+00 7.321762140356625537e+00 7.321762140356625537e+00
9.300000000000000000e+01 7.295578205514540393e+00 7.295578205514540393e+00 7.295578205514540393e+00 7.295578205514540393e+00
9.400000000000000000e+01 6.033453296930225029e+00 6.033453296930225029e+00 6.033453296930225029e+00 6.033453296930225029e+00
9.500000000000000000e+01 6.359862209490601437e+00 6.359862209490601437e+00 6.359862209490601437e+00 6.359862209490601437e+00
9.600000000000000000e+01 7.784293069211951632e+00 7.784293069211951632e+00 7.784293069211951632e+00 7.784293069211951632e+00
9.700000000000000000e+01 7.708074617758961189e+00 7.708074617758961189e+00 7.708074617758961189e+00 7.708074617758961189e+00
9.800000000000000000e+01 5.477778617554137419e+00 5.477778617554137419e+00 5.477778617554137419e+00 5.477778617554137419e+00
9.900000000000000000e+01 5.889551396109267145e+00 5.889551396109267145e+00 5.889551396109267145e+00 5.889551396109267145e+00
