0.000000000000000000e+00 -2.003127097912265953e+00 -2.003127097912265953e+00 -2.003127097912265953e+00 -2.003127097912265953e+00
1.000000000000000000e+00 -1.325587071744787293e+00 -1.325587071744787293e+00 -1.325587071744787293e+00 -1.325587071744787293e+00
2.000000000000000000e+00 -1.107893457839156826e+00 -1.107893457839156826e+00 -1.107893457839156826e+00 -1.107893457839156826e+00
3.000000000000000000e+00 -8.102476168938286261e-01 -8.102476168938286261e-01 -8.102476168938286261e-01 -8.102476168938286261e-01
4.000000000000000000e+00 -6.174002611025337650e-01 -6.174002611025337650e-01 -6.174002611025337650e-01 -6.174002611025337650e-01
5.000000000000000000e+00 -2.023457123580727213e-01 -2.023457123580727213e-01 -2.023457123580727213e-01 -2.023457123580727213e-01
6.000000000000000000e+00 3.030945157779312352e-02 3.030945157779312352e-02 3.030945157779312352e-02 3.030945157779312352e-02
7.000000000000000000e+00 -2.309023417699945235e-01 -2.309023417699945235e-01 -2.309023417699945235e-01 -2.309023417699945235e-01
8.000000000000000000e+00 -6.178841591744875777e-04 -6.178841591744875777e-04 -6.178841591744875777e-04 -6.178841591744875777e-04
9.000000000000000000e+00 1.312519538740802849e-01 1.312519538740802849e-01 1.312519538740802849e-01 1.312519538740802849e-01
1.000000000000000000e+01 3.997961174530695883e-01 3.997961174530695883e-01 3.997961174530695883e-01 3.997961174530695883e-01
1.100000000000000000e+01 5.950387957866456468e-01 5.950387957866456468e-01 5.950387957866456468e-01 5.950387957866456468e-01
1.200000000000000000e+01 6.486903989230483614e-01 6.486903989230483614e-01 6.486903989230483614e-01 6.486903989230483614e-01
1.300000000000000000e+01 8.833802907208698763e-01 8.833802907208698763e-01 8.833802907208698763e-01 8.833802907208698763e-01
1.400000000000000000e+01 6.299603349078571890e-01 6.299603349078571890e-01 6.299603349078571890e-01 6.299603349078571890e-01
1.500000000000000000e+01 7.148458125681443898e-01 7.148458125681443898e-01 7.148458125681443898e-01 7.148458125681443898e-01
1.600000000000000000e+01 4.850880652134388349e-01 4.850880652134388349e-01 4.850880652134388349e-01 4.850880652134388349e-01
1.700000000000000000e+01 6.278051062357152198e-03 6.278051062357152198e-03 6.278051062357152198e-03 6.278051062357152198e-03
1.800000000000000000e+01 3.678768146562311908e-02 3.678768146562311908e-02 3.678768146562311908e-02 3.678768146562311908e-02
1.900000000000000000e+01 3.195186595086442205e-01 3.195186595086442205e-01 3.195186595086442205e-01 3.195186595086442205e-01
2.000000000000000000e+01 5.464482543712937401e-01 5.464482543712937401e-01 5.464482543712937401e-01 5.464482543712937401e-01
2.100000000000000000e+01 7.035238824351768283e-01 7.035238824351768283e-01 7.035238824351768283e-01 7.035238824351768283e-01
2.200000000000000000e+01 1.055761408544595881e+00 1.055761408544595881e+00 1.055761408544595881e+00 1.055761408544595881e+00
2.300000000000000000e+01 1.009420715431991633e+00 1.009420715431991633e+00 1.009420715431991633e+00 1.009420715431991633e+00
2.400000000000000000e+01 1.107312937838792699e+00 1.107312937838792699e+00 1.107312937838792699e+00 1.107312937838792699e+00
2.500000000000000000e+01 1.202658582481535676e+00 1.202658582481535676e+00 1.202658582481535676e+00 1.202658582481535676e+00
2.600000000000000000e+01 1.238944019391456930e+00 1.238944019391456930e+00 1.238944019391456930e+00 1.238944019391456930e+00
2.700000000000000000e+01 1.453301494017526618e+00 1.453301494017526618e+00 1.453301494017526618e+00 1.453301494017526618e+00
2.800000000000000000e+01 1.625916228239305150e+00 1.625916228239305150e+00 1.625916228239305150e+00 1.625916228239305150e+00
2.900000000000000000e+01 1.697215640781964741e+00 1.697215640781964741e+00 1.697215640781964741e+00 1.697215640781964741e+00
3.000000000000000000e+01 2.003725831681420821e+00 2.003725831681420821e+00 2.003725831681420821e+00 2.003725831681420821e+00
3.100000000000000000e+01 1.719550766767681926e+00 1.719550766767681926e+00 1.719550766767681926e+00 1.719550766767681926e+00
3.200000000000000000e+01 2.001817176701735423e+00 2.001817176701735423e+00 2.001817176701735423e+00 2.001817176701735423e+00
3.300000000000000000e+01 1.949988233311039876e+00 1.949988233311039876e+00 1.949988233311039876e+00 1.949988233311039876e+00
3.400000000000000000e+01 1.314529495301807627e+00 1.314529495301807627e+00 1.314529495301807627e+00 1.314529495301807627e+00
3.500000000000000000e+01 1.532761274258590545e+00 1.532761274258590545e+00 1.532761274258590545e+00 1.532761274258590545e+00
3.600000000000000000e+01 1.508425148294590512e+00 1.508425148294590512e+00 1.508425148294590512e+00 1.508425148294590512e+00
3.700000000000000000e+01 1.646210667528452021e+00 1.646210667528452021e+00 1.646210667528452021e+00 1.646210667528452021e+00
3.800000000000000000e+01 1.607613504133070581e+00 1.607613504133070581e+00 1.607613504133070581e+00 1.607613504133070581e+00
3.900000000000000000e+01 1.725117522262960446e+00 1.725117522262960446e+00 1.725117522262960446e+00 1.725117522262960446e+00
4.000000000000000000e+01 1.730048763640032350e+00 1.730048763640032350e+00 1.730048763640032350e+00 1.730048763640032350e+00
4.100000000000000000e+01 1.903750472933433135e+00 1.903750472933433135e+00 1.903750472933433135e+00 1.903750472933433135e+00
4.200000000000000000e+01 1.932934347479997150e+00 1.932934347479997150e+00 1.932934347479997150e+00 1.932934347479997150e+00
4.300000000000000000e+01 2.240717280776685971e+00 2.240717280776685971e+00 2.240717280776685971e+00 2.240717280776685971e+00
4.400000000000000000e+01 2.462147882757978135e+00 2.462147882757978135e+00 2.462147882757978135e+00 2.462147882757978135e+00
4.500000000000000000e+01 2.188731798256717820e+00 2.188731798256717820e+00 2.188731798256717820e+00 2.188731798256717820e+00
4.600000000000000000e+01 2.418396553552222716e+00 2.418396553552222716e+00 2.418396553552222716e+00 2.418396553552222716e+00
4.700000000000000000e+01 3.175253100182036547e+00 3.175253100182036547e+00 3.175253100182036547e+00 3.175253100182036547e+00
4.800000000000000000e+01 2.931915310242370065e+00 2.931915310242370065e+00 2.931915310242370065e+00 2.931915310242370065e+00
4.900000000000000000e+01 3.004087905589122975e+00 3.004087905589122975e+00 3.004087905589122975e+00 3.004087905589122975e+00
5.000000000000000000e+01 2.495369362097482391e+00 2.495369362097482391e+00 2.495369362097482391e+00 2.495369362097482391e+00
5.100000000000000000e+01 2.693981326446596825e+00 2.693981326446596825e+00 2.693981326446596825e+00 2.693981326446596825e+00
5.200000000000000000e+01 2.831015505463209792e+00 2.831015505463209792e+00 2.831015505463209792e+00 2.831015505463209792e+00
5.300000000000000000e+01 2.485642695174011596e+00 2.485642695174011596e+00 2.485642695174011596e+00 2.485642695174011596e+00
5.400000000000000000e+01 2.289892407694623877e+00 2.289892407694623877e+00 2.289892407694623877e+00 2.289892407694623877e+00
5.500000000000000000e+01 2.785587868153808433e+00 2.785587868153808433e+00 2.785587868153808433e+00 2.785587868153808433e+00
5.600000000000000000e+01 2.764506943419828833e+00 2.764506943419828833e+00 2.764506943419828833e+00 2.764506943419828833e+00
5.700000000000000000e+01 3.053057272856021687e+00 3.053057272856021687e+00 3.053057272856021687e+00 3.053057272856021687e+00
5.800000000000000000e+01 3.188631140405473907e+00 3.188631140405473907e+00 3.188631140405473907e+00 3.188631140405473907e+00
5.900000000000000000e+01 3.124073799776013516e+00 3.124073799776013516e+00 3.124073799776013516e+00 3.124073799776013516e+00
6.000000000000000000e+01 3.264782818586581925e+00 3.264782818586581925e+00 3.264782818586581925e+00 3.264782818586581925e+00
6.100000000000000000e+01 3.390949942609913670e+00 3.390949942609913670e+00 3.390949942609913670e+00 3.390949942609913670e+00
6.200000000000000000e+01 3.391796525093444536e+00 3.391796525093444536e+00 3.391796525093444536e+00 3.391796525093444536e+00
6.300000000000000000e+01 3.412992587408913092e+00 3.412992587408913092e+00 3.412992587408913092e+00 3.412992587408913092e+00
6.400000000000000000e+01 3.547701517100970481e+00 3.547701517100970481e+00 3.547701517100970481e+00 3.547701517100970481e+00
6.500000000000000000e+01 3.521251475979507273e+00 3.521251475979507273e+00 3.521251475979507273e+00 3.521251475979507273e+00
6.600000000000000000e+01 3.630733145208717261e+00 3.630733145208717261e+00 3.630733145208717261e+00 3.630733145208717261e+00
6.700000000000000000e+01 4.088831644020245015e+00 4.088831644020245015e+00 4.088831644020245015e+00 4.088831644020245015e+00
6.800000000000000000e+01 3.765014031697697217e+00 3.765014031697697217e+00 3.765014031697697217e+00 3.765014031697697217e+00
6.900000000000000000e+01 3.958380140153435534e+00 3.958380140153435534e+00 3.958380140153435534e+00 3.958380140153435534e+00
7.000000000000000000e+01 3.960920958184642959e+00 3.960920958184642959e+00 3.960920958184642959e+00 3.960920958184642959e+00
7.100000000000000000e+01 3.344625865113962426e+00 3.344625865113962426e+00 3.344625865113962426e+00 3.344625865113962426e+00
7.200000000000000000e+01 3.494245464504909027e+00 3.494245464504909027e+00 3.494245464504909027e+00 3.494245464504909027e+00
7.300000000000000000e+01 3.563724768803934850e+00 3.563724768803934850e+00 3.563724768803934850e+00 3.563724768803934850e+00
7.400000000000000000e+01 3.534418126769991453e+00 3.534418126769991453e+00 3.534418126769991453e+00 3.534418126769991453e+00
7.500000000000000000e+01 3.801665118672979293e+00 3.801665118672979293e+00 3.801665118672979293e+00 3.801665118672979293e+00
7.600000000000000000e+01 3.711640945655349189e+00 3.711640945655349189e+00 3.711640945655349189e+00 3.711640945655349189e+00
7.700000000000000000e+01 3.616962484680516177e+00 3.616962484680516177e+00 3.616962484680516177e+00 3.616962484680516177e+00
7.800000000000000000e+01 3.744171116704564373e+00 3.744171116704564373e+00 3.744171116704564373e+00 3.744171116704564373e+00
7.900000000000000000e+01 3.686598990231491957e+00 3.686598990231491957e+00 3.686598990231491957e+00 3.686598990231491957e+00
8.000000000000000000e+01 3.665949770590715140e+00 3.665949770590715140e+00 3.665949770590715140e+00 3.665949770590715140e+00
8.100000000000000000e+01 3.780288614719222284e+00 3.780288614719222284e+00 3.780288614719222284e+00 3.780288614719222284e+00
8.200000000000000000e+01 3.566346162360837457e+00 3.566346162360837457e+00 3.566346162360837457e+00 3.566346162360837457e+00
8.300000000000000000e+01 3.263153413457943408e+00 3.263153413457943408e+00 3.263153413457943408e+00 3.263153413457943408e+00
8.400000000000000000e+01 3.222199127548007969e+00 3.222199127548007969e+00 3.222199127548007969e+00 3.222199127548007969e+00
8.500000000000000000e+01 2.798118006898539623e+00 2.798118006898539623e+00 2.798118006898539623e+00 2.798118006898539623e+00
8.600000000000000000e+01 2.899276132642050641e+00 2.899276132642050641e+00 2.899276132642050641e+00 2.899276132642050641e+00
8.700000000000000000e+01 3.322418114521100918e+00 3.322418114521100918e+00 3.322418114521100918e+00 3.322418114521100918e+00
8.800000000000000000e+01 3.269903506739390675e+00 3.269903506739390675e+00 3.269903506739390675e+00 3.269903506739390675e+00
8.900000000000000000e+01 3.109203062330372802e+00 3.109203062330372802e+00 3.109203062330372802e+00 3.109203062330372802e+00
9.000000000000000000e+01 3.504015111261099769e+00 3.504015111261099769e+00 3.504015111261099769e+00 3.504015111261099769e+00
9.100000000000000000e+01 3.559205542975817593e+00 3.559205542975817593e+00 3.559205542975817593e+00 3.559205542975817593e+00
9.200000000000000000e+01 3.815772051478065308e+00 3.815772051478065308e+00 3.815772051478065308e+00 3.815772051478065308e+00
9.300000000000000000e+01 4.264234458136582084e+00 4.264234458136582084e+00 4.264234458136582084e+00 4.264234458136582084e+00
9.400000000000000000e+01 4.144423230782680712e+00 4.144423230782680712e+00 4.144423230782680712e+00 4.144423230782680712e+00
9.500000000000000000e+01 4.274007807095706823e+00 4.274007807095706823e+00 4.274007807095706823e+00 4.274007807095706823e+00
9.600000000000000000e+01 4.283822770949059944e+00 4.283822770949059944e+00 4.283822770949059944e+00 4.283822770949059944e+00
9.700000000000000000e+01 3.886172262437478153e+00 3.886172262437478153e+00 3.886172262437478153e+00 3.886172262437478153e+00
9.800000000000000000e+01 3.781266976417025916e+00 3.781266976417025916e+00 3.781266976417025916e+00 3.781266976417025916e+00
9.900000000000000000e+01 3.831539369500021497e+00 3.831539369500021497e+00 3.831539369500021497e+00 3.831539369500021497e+00
