0.000000000000000000e+00 1.840246569792673315e+00 1.840246569792673315e+00 1.840246569792673315e+00 1.840246569792673315e+00
1.000000000000000000e+00 1.426675334032755149e+00 1.426675334032755149e+00 1.426675334032755149e+00 1.426675334032755149e+00
2.000000000000000000e+00 1.185678800056312099e+00 1.185678800056312099e+00 1.185678800056312099e+00 1.185678800056312099e+00
3.000000000000000000e+00 2.132809982650079483e+00 2.132809982650079483e+00 2.132809982650079483e+00 2.132809982650079483e+00
4.000000000000000000e+00 6.434920099617663647e-01 6.434920099617663647e-01 6.434920099617663647e-01 6.434920099617663647e-01
5.000000000000000000e+00 1.438236667950202330e+00 1.438236667950202330e+00 1.438236667950202330e+00 1.438236667950202330e+00
6.000000000000000000e+00 1.044172872213225078e+00 1.044172872213225078e+00 1.044172872213225078e+00 1.044172872213225078e+00
7.000000000000000000e+00 1.881455455758180850e+00 1.881455455758180850e+00 1.881455455758180850e+00 1.881455455758180850e+00
8.000000000000000000e+00 1.305070848891468405e+00 1.305070848891468405e+00 1.305070848891468405e+00 1.305070848891468405e+00
9.000000000000000000e+00 1.580083797918031552e+00 1.580083797918031552e+00 1.580083797918031552e+00 1.580083797918031552e+00
1.000000000000000000e+01 1.245198247828002591e+00 1.245198247828002591e+00 1.245198247828002591e+00 1.245198247828002591e+00
1.100000000000000000e+01 1.164978979603596088e+00 1.164978979603596088e+00 1.164978979603596088e+00 1.164978979603596088e+00
1.200000000000000000e+01 1.083170886643354036e+00 1.083170886643354036e+00 1.083170886643354036e+00 1.083170886643354036e+00
1.300000000000000000e+01 1.309718033855971964e+00 1.309718033855971964e+00 1.309718033855971964e+00 1.309718033855971964e+00
1.400000000000000000e+01 1.007445470827409206e+00 1.007445470827409206e+00 1.007445470827409206e+00 1.007445470827409206e+00
1.500000000000000000e+01 1.397267913118666716e+00 1.397267913118666716e+00 1.397267913118666716e+00 1.397267913118666716e+00
1.600000000000000000e+01 1.545997216657640339e+00 1.545997216657640339e+00 1.545997216657640339e+00 1.545997216657640339e+00
1.700000000000000000e+01 1.156539764313790908e+00 1.156539764313790908e+00 1.156539764313790908e+00 1.156539764313790908e+00
1.800000000000000000e+01 9.780548950388388008e-01 9.780548950388388008e-01 9.780548950388388008e-01 9.780548950388388008e-01
1.900000000000000000e+01 1.306831475074667237e+00 1.306831475074667237e+00 1.306831475074667237e+00 1.306831475074667237e+00
2.000000000000000000e+01 1.598535996146862370e+00 1.598535996146862370e+00 1.598535996146862370e+00 1.598535996146862370e+00
2.100000000000000000e+01 1.546374919650150392e+00 1.546374919650150392e+00 1.546374919650150392e+00 1.546374919650150392e+00
2.200000000000000000e+01 1.274055345327314903e+00 1.274055345327314903e+00 1.274055345327314903e+00 1.274055345327314903e+00
2.300000000000000000e+01 1.721787618713652934e+00 1.721787618713652934e+00 1.721787618713652934e+00 1.721787618713652934e+00
2.400000000000000000e+01 2.855966942276434217e+00 2.855966942276434217e+00 2.855966942276434217e+00 2.855966942276434217e+00
2.500000000000000000e+01 1.413607650773849533e+00 1.413607650773849533e+00 1.413607650773849533e+00 1.413607650773849533e+00
2.600000000000000000e+01 1.908946107918442880e+00 1.908946107918442880e+00 1.908946107918442880e+00 1.908946107918442880e+00
2.700000000000000000e+01 2.459840730828438460e+00 2.459840730828438460e+00 2.459840730828438460e+00 2.459840730828438460e+00
2.800000000000000000e+01 1.896003742935453262e+00 1.896003742935453262e+00 1.896003742935453262e+00 1.896003742935453262e+00
2.900000000000000000e+01 1.752281386599611634e+00 1.752281386599611634e+00 1.752281386599611634e+00 1.752281386599611634e+00
3.000000000000000000e+01 2.146654398045084733e+00 2.146654398045084733e+00 2.146654398045084733e+00 2.146654398045084733e+00
3.100000000000000000e+01 1.669704907516130765e+00 1.669704907516130765e+00 1.669704907516130765e+00 1.669704907516130765e+00
3.200000000000000000e+01 1.911637670526940003e+00 1.911637670526940003e+00 1.911637670526940003e+00 1.911637670526940003e+00
3.300000000000000000e+01 1.776159638219968029e+00 1.776159638219968029e+00 1.776159638219968029e+00 1.776159638219968029e+00
3.400000000000000000e+01 1.842458887927361788e+00 1.842458887927361788e+00 1.842458887927361788e+00 1.842458887927361788e+00
3.500000000000000000e+01 2.533836590586049375e+00 2.533836590586049375e+00 2.533836590586049375e+00 2.533836590586049375e+00
3.600000000000000000e+01 1.195707130155039266e+00 1.195707130155039266e+00 1.195707130155039266e+00 1.195707130155039266e+00
3.700000000000000000e+01 3.175009221966857531e+00 3.175009221966857531e+00 3.175009221966857531e+00 3.175009221966857531e+00
3.800000000000000000e+01 2.098993862578535818e+00 2.098993862578535818e+00 2.098993862578535818e+00 2.098993862578535818e+00
3.900000000000000000e+01 2.656970787597778383e+00 2.656970787597778383e+00 2.656970787597778383e+00 2.656970787597778383e+00
4.000000000000000000e+01 1.739840148259426345e+00 1.739840148259426345e+00 1.739840148259426345e+00 1.739840148259426345e+00
4.100000000000000000e+01 2.253340837800709817e+00 2.253340837800709817e+00 2.253340837800709817e+00 2.253340837800709817e+00
4.200000000000000000e+01 3.527006310645261156e+00 3.527006310645261156e+00 3.527006310645261156e+00 3.527006310645261156e+00
4.300000000000000000e+01 2.874265752886428604e+00 2.874265752886428604e+00 2.874265752886428604e+00 2.874265752886428604e+00
4.400000000000000000e+01 2.371732661183766133e+00 2.371732661183766133e+00 2.371732661183766133e+00 2.371732661183766133e+00
4.500000000000000000e+01 1.584586754421122290e+00 1.584586754421122290e+00 1.584586754421122290e+00 1.584586754421122290e+00
4.600000000000000000e+01 3.010544077893183346e+00 3.010544077893183346e+00 3.010544077893183346e+00 3.010544077893183346e+00
4.700000000000000000e+01 2.726890277501100357e+00 2.726890277501100357e+00 2.726890277501100357e+00 2.726890277501100357e+00
4.800000000000000000e+01 3.485063107282588835e+00 3.485063107282588835e+00 3.485063107282588835e+00 3.485063107282588835e+00
4.900000000000000000e+01 2.570436800678201461e+00 2.570436800678201461e+00 2.570436800678201461e+00 2.570436800678201461e+00
5.000000000000000000e+01 2.013866412072833789e+00 2.013866412072833789e+00 2.013866412072833789e+00 2.013866412072833789e+00
5.100000000000000000e+01 2.114747661951651203e+00 2.114747661951651203e+00 2.114747661951651203e+00 2.114747661951651203e+00
5.200000000000000000e+01 3.843745118412951189e+00 3.843745118412951189e+00 3.843745118412951189e+00 3.843745118412951189e+00
5.300000000000000000e+01 1.863741435050570772e+00 1.863741435050570772e+00 1.863741435050570772e+00 1.863741435050570772e+00
5.400000000000000000e+01 2.797910751235389792e+00 2.797910751235389792e+00 2.797910751235389792e+00 2.797910751235389792e+00
5.500000000000000000e+01 2.952954037000197207e+00 2.952954037000197207e+00 2.952954037000197207e+00 2.952954037000197207e+00
5.600000000000000000e+01 3.154389300284054176e+00 3.154389300284054176e+00 3.154389300284054176e+00 3.154389300284054176e+00
5.700000000000000000e+01 2.301702871664592198e+00 2.301702871664592198e+00 2.301702871664592198e+00 2.301702871664592198e+00
5.800000000000000000e+01 4.049575331611538154e+00 4.049575331611538154e+00 4.049575331611538154e+00 4.049575331611538154e+00
5.900000000000000000e+01 3.155545029480405272e+00 3.155545029480405272e+00 3.155545029480405272e+00 3.155545029480405272e+00
6.000000000000000000e+01 2.172736494485490777e+00 2.172736494485490777e+00 2.172736494485490777e+00 2.172736494485490777e+00
6.100000000000000000e+01 3.010171284329488994e+00 3.010171284329488994e+00 3.010171284329488994e+00 3.010171284329488994e+00
6.200000000000000000e+01 3.877975597415339148e+00 3.877975597415339148e+00 3.877975597415339148e+00 3.877975597415339148e+00
6.300000000000000000e+01 3.051049996051196533e+00 3.051049996051196533e+00 3.051049996051196533e+00 3.051049996051196533e+00
6.400000000000000000e+01 3.213338663296767539e+00 3.213338663296767539e+00 3.213338663296767539e+00 3.213338663296767539e+00
6.500000000000000000e+01 1.744455754870224862e+00 1.744455754870224862e+00 1.744455754870224862e+00 1.744455754870224862e+00
6.600000000000000000e+01 2.938146617743984557e+00 2.938146617743984557e+00 2.938146617743984557e+00 2.938146617743984557e+00
6.700000000000000000e+01 3.451663591354755756e+00 3.451663591354755756e+00 3.451663591354755756e+00 3.451663591354755756e+00
6.800000000000000000e+01 2.443126942203373453e+00 2.443126942203373453e+00 2.443126942203373453e+00 2.443126942203373453e+00
6.900000000000000000e+01 1.060559918898813736e+00 1.060559918898813736e+00 1.060559918898813736e+00 1.060559918898813736e+00
7.000000000000000000e+01 2.706514207421446105e+00 2.706514207421446105e+00 2.706514207421446105e+00 2.706514207421446105e+00
7.100000000000000000e+01 2.441041548355880053e+00 2.441041548355880053e+00 2.441041548355880053e+00 2.441041548355880053e+00
7.200000000000000000e+01 2.694300148583153920e+00 2.694300148583153920e+00 2.694300148583153920e+00 2.694300148583153920e+00
7.300000000000000000e+01 3.078950293237810776e+00 3.078950293237810776e+00 3.078950293237810776e+00 3.078950293237810776e+00
7.400000000000000000e+01 3.182223380339761043e+00 3.182223380339761043e+00 3.182223380339761043e+00 3.182223380339761043e+00
7.500000000000000000e+01 2.747956107939153902e+00 2.747956107939153902e+00 2.747956107939153902e+00 2.747956107939153902e+00
7.600000000000000000e+01 3.681223706263479833e+00 3.681223706263479833e+00 3.681223706263479833e+00 3.681223706263479833e+00
7.700000000000000000e+01 1.981582175225592435e+00 1.981582175225592435e+00 1.981582175225592435e+00 1.981582175225592435e+00
7.800000000000000000e+01 3.361535314179247447e+00 3.361535314179247447e+00 3.361535314179247447e+00 3.361535314179247447e+00
7.900000000000000000e+01 3.632310525964891568e+00 3.632310525964891568e+00 3.632310525964891568e+00 3.632310525964891568e+00
8.000000000000000000e+01 3.393193785666395179e+00 3.393193785666395179e+00 3.393193785666395179e+00 3.393193785666395179e+00
8.100000000000000000e+01 2.644540560705747279e+00 2.644540560705747279e+00 2.644540560705747279e+00 2.644540560705747279e+00
8.200000000000000000e+01 2.189407267479375641e+00 2.189407267479375641e+00 2.189407267479375641e+00 2.189407267479375641e+00
8.300000000000000000e+01 3.440853149349835771e+00 3.440853149349835771e+00 3.440853149349835771e+00 3.440853149349835771e+00
8.400000000000000000e+01 3.490687595853246616e+00 3.490687595853246616e+00 3.490687595853246616e+00 3.490687595853246616e+00
8.500000000000000000e+01 3.725213137944391129e+00 3.725213137944391129e+00 3.725213137944391129e+00 3.725213137944391129e+00
8.600000000000000000e+01 2.269032267750392240e+00 2.269032267750392240e+00 2.269032267750392240e+00 2.269032267750392240e+00
8.700000000000000000e+01 2.644295695033517024e+00 2.644295695033517024e+00 2.644295695033517024e+00 2.644295695033517024e+00
8.800000000000000000e+01 2.827773132561901548e+00 2.827773132561901548e+00 2.827773132561901548e+00 2.827773132561901548e+00
8.900000000000000000e+01 3.745002928474436832e+00 3.745002928474436832e+00 3.745002928474436832e+00 3.745002928474436832e+00
9.000000000000000000e+01 2.202180031595387444e+00 2.202180031595387444e+00 2.202180031595387444e+00 2.202180031595387444e+00
9.100000000000000000e+01 2.543869928565835714e+00 2.543869928565835714e+00 2.543869928565835714e+00 2.543869928565835714e+00
9.200000000000000000e+01 2.869276306926061171e+00 2.869276306926061171e+00 2.869276306926061171e+00 2.869276306926061171e+00
9.300000000000000000e+01 3.056601955812945803e+00 3.056601955812945803e+00 3.056601955812945803e+00 3.056601955812945803e+00
9.400000000000000000e+01 3.055636944426086909e+00 3.055636944426086909e+00 3.055636944426086909e+00 3.055636944426086909e+00
9.500000000000000000e+01 2.192072405796079426e+00 2.192072405796079426e+00 2.192072405796079426e+00 2.192072405796079426e+00
9.600000000000000000e+01 2.734617298204759184e+00 2.734617298204759184e+00 2.734617298204759184e+00 2.734617298204759184e+00
9.700000000000000000e+01 2.609197302529665752e+00 2.609197302529665752e+00 2.609197302529665752e+00 2.609197302529665752e+00
9.800000000000000000e+01 2.481071602600864345e+00 2.481071602600864345e+00 2.481071602600864345e+00 2.481071602600864345e+00
