0.000000000000000000e+00 -2.596633290838892827e-01 -2.596633290838892827e-01 -2.596633290838892827e-01 -2.596633290838892827e-01
1.000000000000000000e+00 -2.496049366179151907e-01 -2.496049366179151907e-01 -2.496049366179151907e-01 -2.496049366179151907e-01
2.000000000000000000e+00 -6.913615140324017028e-02 -6.913615140324017028e-02 -6.913615140324017028e-02 -6.913615140324017028e-02
3.000000000000000000e+00 -3.083551453112976515e-01 -3.083551453112976515e-01 -3.083551453112976515e-01 -3.083551453112976515e-01
4.000000000000000000e+00 -2.751001888450413380e-01 -2.751001888450413380e-01 -2.751001888450413380e-01 -2.751001888450413380e-01
5.000000000000000000e+00 -2.238273895952752057e-01 -2.238273895952752057e-01 -2.238273895952752057e-01 -2.238273895952752057e-01
6.000000000000000000e+00 -4.528558966017822707e-01 -4.528558966017822707e-01 -4.528558966017822707e-01 -4.528558966017822707e-01
7.000000000000000000e+00 1.012146156211043008e-01 1.012146156211043008e-01 1.012146156211043008e-01 1.012146156211043008e-01
8.000000000000000000e+00 1.163726460369905041e-02 1.163726460369905041e-02 1.163726460369905041e-02 1.163726460369905041e-02
9.000000000000000000e+00 -2.155363210462473977e-01 -2.155363210462473977e-01 -2.155363210462473977e-01 -2.155363210462473977e-01
1.000000000000000000e+01 -1.452888563850467940e-01 -1.452888563850467940e-01 -1.452888563850467940e-01 -1.452888563850467940e-01
1.100000000000000000e+01 -4.098894057448740358e-02 -4.098894057448740358e-02 -4.098894057448740358e-02 -4.098894057448740358e-02
1.200000000000000000e+01 -2.001826877284477446e-01 -2.001826877284477446e-01 -2.001826877284477446e-01 -2.001826877284477446e-01
1.300000000000000000e+01 -4.244230177689501393e-01 -4.244230177689501393e-01 -4.244230177689501393e-01 -4.244230177689501393e-01
1.400000000000000000e+01 -5.032035401999005453e-01 -5.032035401999005453e-01 -5.032035401999005453e-01 -5.032035401999005453e-01
1.500000000000000000e+01 -2.779797651476609288e-01 -2.779797651476609288e-01 -2.779797651476609288e-01 -2.779797651476609288e-01
1.600000000000000000e+01 -2.260294173812741614e-01 -2.260294173812741614e-01 -2.260294173812741614e-01 -2.260294173812741614e-01
1.700000000000000000e+01 -4.941508768710834443e-01 -4.941508768710834443e-01 -4.941508768710834443e-01 -4.941508768710834443e-01
1.800000000000000000e+01 -2.894509989287167295e-01 -2.894509989287167295e-01 -2.894509989287167295e-01 -2.894509989287167295e-01
1.900000000000000000e+01 -2.145259945022996162e-01 -2.145259945022996162e-01 -2.145259945022996162e-01 -2.145259945022996162e-01
2.000000000000000000e+01 -3.520173276102783744e-01 -3.520173276102783744e-01 -3.520173276102783744e-01 -3.520173276102783744e-01
2.100000000000000000e+01 -2.753472011718184342e-01 -2.753472011718184342e-01 -2.753472011718184342e-01 -2.753472011718184342e-01
2.200000000000000000e+01 1.271382160065638589e-01 1.271382160065638589e-01 1.271382160065638589e-01 1.271382160065638589e-01
2.300000000000000000e+01 -1.603466814598874246e-01 -1.603466814598874246e-01 -1.603466814598874246e-01 -1.603466814598874246e-01
2.400000000000000000e+01 -6.672170624512980446e-04 -6.672170624512980446e-04 -6.672170624512980446e-04 -6.672170624512980446e-04
2.500000000000000000e+01 -2.137482315352173257e-01 -2.137482315352173257e-01 -2.137482315352173257e-01 -2.137482315352173257e-01
2.600000000000000000e+01 -1.113822818584158381e-01 -1.113822818584158381e-01 -1.113822818584158381e-01 -1.113822818584158381e-01
2.700000000000000000e+01 -1.875917697400434070e-01 -1.875917697400434070e-01 -1.875917697400434070e-01 -1.875917697400434070e-01
2.800000000000000000e+01 -3.405651596102833578e-02 -3.405651596102833578e-02 -3.405651596102833578e-02 -3.405651596102833578e-02
2.900000000000000000e+01 -5.465036727203920891e-02 -5.465036727203920891e-02 -5.465036727203920891e-02 -5.465036727203920891e-02
3.000000000000000000e+01 6.959405540988128358e-02 6.959405540988128358e-02 6.959405540988128358e-02 6.959405540988128358e-02
3.100000000000000000e+01 -1.653617694666918159e-01 -1.653617694666918159e-01 -1.653617694666918159e-01 -1.653617694666918159e-01
3.200000000000000000e+01 -2.850214034554940934e-01 -2.850214034554940934e-01 -2.850214034554940934e-01 -2.850214034554940934e-01
3.300000000000000000e+01 -3.130239312826046394e-01 -3.130239312826046394e-01 -3.130239312826046394e-01 -3.130239312826046394e-01
3.400000000000000000e+01 -2.087838718603893529e-01 -2.087838718603893529e-01 -2.087838718603893529e-01 -2.087838718603893529e-01
3.500000000000000000e+01 -1.438586588077331863e-01 -1.438586588077331863e-01 -1.438586588077331863e-01 -1.438586588077331863e-01
3.600000000000000000e+01 -4.481564225140786117e-01 -4.481564225140786117e-01 -4.481564225140786117e-01 -4.481564225140786117e-01
3.700000000000000000e+01 -1.654435059632155536e-01 -1.654435059632155536e-01 -1.654435059632155536e-01 -1.654435059632155536e-01
3.800000000000000000e+01 -1.131018596742688481e-01 -1.131018596742688481e-01 -1.131018596742688481e-01 -1.131018596742688481e-01
3.900000000000000000e+01 -8.452672907672331704e-02 -8.452672907672331704e-02 -8.452672907672331704e-02 -8.452672907672331704e-02
4.000000000000000000e+01 -1.164015764759661897e-01 -1.164015764759661897e-01 -1.164015764759661897e-01 -1.164015764759661897e-01
4.100000000000000000e+01 -2.525604572605003595e-01 -2.525604572605003595e-01 -2.525604572605003595e-01 -2.525604572605003595e-01
4.200000000000000000e+01 -2.550579380721527678e-01 -2.550579380721527678e-01 -2.550579380721527678e-01 -2.550579380721527678e-01
4.300000000000000000e+01 -2.536931719329115209e-01 -2.536931719329115209e-01 -2.536931719329115209e-01 -2.536931719329115209e-01
4.400000000000000000e+01 -1.685184176441392179e-01 -1.685184176441392179e-01 -1.685184176441392179e-01 -1.685184176441392179e-01
4.500000000000000000e+01 -2.813320875779918850e-01 -2.813320875779918850e-01 -2.813320875779918850e-01 -2.813320875779918850e-01
4.600000000000000000e+01 -9.592938945047960186e-02 -9.592938945047960186e-02 -9.592938945047960186e-02 -9.592938945047960186e-02
4.700000000000000000e+01 -1.408991027275131869e-01 -1.408991027275131869e-01 -1.408991027275131869e-01 -1.408991027275131869e-01
4.800000000000000000e+01 -9.820194723940540993e-02 -9.820194723940540993e-02 -9.820194723940540993e-02 -9.820194723940540993e-02
4.900000000000000000e+01 -1.958844938477177500e-01 -1.958844938477177500e-01 -1.958844938477177500e-01 -1.958844938477177500e-01
5.000000000000000000e+01 -2.327154472998600385e-02 -2.327154472998600385e-02 -2.327154472998600385e-02 -2.327154472998600385e-02
5.100000000000000000e+01 -4.062181246613695285e-01 -4.062181246613695285e-01 -4.062181246613695285e-01 -4.062181246613695285e-01
5.200000000000000000e+01 -1.084651953678439085e-01 -1.084651953678439085e-01 -1.084651953678439085e-01 -1.084651953678439085e-01
5.300000000000000000e+01 -1.178815881365670448e-01 -1.178815881365670448e-01 -1.178815881365670448e-01 -1.178815881365670448e-01
5.400000000000000000e+01 -3.780953535366435303e-01 -3.780953535366435303e-01 -3.780953535366435303e-01 -3.780953535366435303e-01
5.500000000000000000e+01 -1.991875224141377576e-02 -1.991875224141377576e-02 -1.991875224141377576e-02 -1.991875224141377576e-02
5.600000000000000000e+01 -1.824212904924573941e-01 -1.824212904924573941e-01 -1.824212904924573941e-01 -1.824212904924573941e-01
5.700000000000000000e+01 -1.878118127157806516e-01 -1.878118127157806516e-01 -1.878118127157806516e-01 -1.878118127157806516e-01
5.800000000000000000e+01 -2.511966704310465981e-01 -2.511966704310465981e-01 -2.511966704310465981e-01 -2.511966704310465981e-01
5.900000000000000000e+01 -5.517616521275720692e-02 -5.517616521275720692e-02 -5.517616521275720692e-02 -5.517616521275720692e-02
6.000000000000000000e+01 -1.811049168830891620e-01 -1.811049168830891620e-01 -1.811049168830891620e-01 -1.811049168830891620e-01
6.100000000000000000e+01 -1.875361205913662899e-01 -1.875361205913662899e-01 -1.875361205913662899e-01 -1.875361205913662899e-01
6.200000000000000000e+01 -1.597995155226440978e-01 -1.597995155226440978e-01 -1.597995155226440978e-01 -1.597995155226440978e-01
6.300000000000000000e+01 1.673196879524873615e-01 1.673196879524873615e-01 1.673196879524873615e-01 1.673196879524873615e-01
6.400000000000000000e+01 -1.331072496530126270e-01 -1.331072496530126270e-01 -1.331072496530126270e-01 -1.331072496530126270e-01
6.500000000000000000e+01 -1.983729021126651726e-01 -1.983729021126651726e-01 -1.983729021126651726e-01 -1.983729021126651726e-01
6.600000000000000000e+01 1.040475173591472050e-03 1.040475173591472050e-03 1.040475173591472050e-03 1.040475173591472050e-03
6.700000000000000000e+01 -4.097825552494818030e-02 -4.097825552494818030e-02 -4.097825552494818030e-02 -4.097825552494818030e-02
6.800000000000000000e+01 -1.315617657348847058e-01 -1.315617657348847058e-01 -1.315617657348847058e-01 -1.315617657348847058e-01
6.900000000000000000e+01 -1.960095153053715011e-01 -1.960095153053715011e-01 -1.960095153053715011e-01 -1.960095153053715011e-01
7.000000000000000000e+01 9.208249514705579841e-02 9.208249514705579841e-02 9.208249514705579841e-02 9.208249514705579841e-02
7.100000000000000000e+01 -1.369409097776575768e-01 -1.369409097776575768e-01 -1.369409097776575768e-01 -1.369409097776575768e-01
7.200000000000000000e+01 -2.685097676986402671e-01 -2.685097676986402671e-01 -2.685097676986402671e-01 -2.685097676986402671e-01
7.300000000000000000e+01 -3.753821549317213901e-01 -3.753821549317213901e-01 -3.753821549317213901e-01 -3.753821549317213901e-01
7.400000000000000000e+01 -1.808581711994226571e-01 -1.808581711994226571e-01 -1.808581711994226571e-01 -1.808581711994226571e-01
7.500000000000000000e+01 -1.228628880257762318e-01 -1.228628880257762318e-01 -1.228628880257762318e-01 -1.228628880257762318e-01
7.600000000000000000e+01 -3.077101727587601074e-02 -3.077101727587601074e-02 -3.077101727587601074e-02 -3.077101727587601074e-02
7.700000000000000000e+01 -5.573377062920359393e-02 -5.573377062920359393e-02 -5.573377062920359393e-02 -5.573377062920359393e-02
7.800000000000000000e+01 -5.138813731260326589e-01 -5.138813731260326589e-01 -5.138813731260326589e-01 -5.138813731260326589e-01
7.900000000000000000e+01 -5.202263908378820245e-01 -5.202263908378820245e-01 -5.202263908378820245e-01 -5.202263908378820245e-01
8.000000000000000000e+01 -3.360869307501418990e-01 -3.360869307501418990e-01 -3.360869307501418990e-01 -3.360869307501418990e-01
8.100000000000000000e+01 -2.996445297278785835e-01 -2.996445297278785835e-01 -2.996445297278785835e-01 -2.996445297278785835e-01
8.200000000000000000e+01 -2.092154752309393628e-01 -2.092154752309393628e-01 -2.092154752309393628e-01 -2.092154752309393628e-01
8.300000000000000000e+01 -1.271983883607827603e-01 -1.271983883607827603e-01 -1.271983883607827603e-01 -1.271983883607827603e-01
8.400000000000000000e+01 -1.233008057414575614e-01 -1.233008057414575614e-01 -1.233008057414575614e-01 -1.233008057414575614e-01
8.500000000000000000e+01 -3.672818641942930395e-01 -3.672818641942930395e-01 -3.672818641942930395e-01 -3.672818641942930395e-01
8.600000000000000000e+01 1.955137074913073369e-01 1.955137074913073369e-01 1.955137074913073369e-01 1.955137074913073369e-01
8.700000000000000000e+01 -5.646329700313784672e-02 -5.646329700313784672e-02 -5.646329700313784672e-02 -5.646329700313784672e-02
8.800000000000000000e+01 -4.615016748318843121e-01 -4.615016748318843121e-01 -4.615016748318843121e-01 -4.615016748318843121e-01
8.900000000000000000e+01 -1.824750793473205179e-02 -1.824750793473205179e-02 -1.824750793473205179e-02 -1.824750793473205179e-02
9.000000000000000000e+01 -5.233006813399974227e-02 -5.233006813399974227e-02 -5.233006813399974227e-02 -5.233006813399974227e-02
9.100000000000000000e+01 -1.557784665411023894e-01 -1.557784665411023894e-01 -1.557784665411023894e-01 -1.557784665411023894e-01
9.200000000000000000e+01 -8.472868443595082955e-02 -8.472868443595082955e-02 -8.472868443595082955e-02 -8.472868443595082955e-02
9.300000000000000000e+01 -3.368101038506276512e-01 -3.368101038506276512e-01 -3.368101038506276512e-01 -3.368101038506276512e-01
9.400000000000000000e+01 -4.852651268980113369e-02 -4.852651268980113369e-02 -4.852651268980113369e-02 -4.852651268980113369e-02
9.500000000000000000e+01 -2.099029488810984501e-01 -2.099029488810984501e-01 -2.099029488810984501e-01 -2.099029488810984501e-01
9.600000000000000000e+01 -1.803193292053610619e-01 -1.803193292053610619e-01 -1.803193292053610619e-01 -1.803193292053610619e-01
9.700000000000000000e+01 -4.573493670606200157e-01 -4.573493670606200157e-01 -4.573493670606200157e-01 -4.573493670606200157e-01
9.800000000000000000e+01 8.126437733830269017e-02 8.126437733830269017e-02 8.126437733830269017e-02 8.126437733830269017e-02
9.900000000000000000e+01 -1.610394152528774048e-02 -1.610394152528774048e-02 -1.610394152528774048e-02 -1.610394152528774048e-02
1.000000000000000000e+02 -1.204197836752703143e-01 -1.204197836752703143e-01 -1.204197836752703143e-01 -1.204197836752703143e-01
1.010000000000000000e+02 -5.226063183967104564e-01 -5.226063183967104564e-01 -5.226063183967104564e-01 -5.226063183967104564e-01
1.020000000000000000e+02 -3.231616975664253211e-02 -3.231616975664253211e-02 -3.231616975664253211e-02 -3.231616975664253211e-02
1.030000000000000000e+02 4.669325027653445370e-01 4.669325027653445370e-01 4.669325027653445370e-01 4.669325027653445370e-01
1.040000000000000000e+02 -2.015288630076842724e-01 -2.015288630076842724e-01 -2.015288630076842724e-01 -2.015288630076842724e-01
1.050000000000000000e+02 -6.948749895213429673e-02 -6.948749895213429673e-02 -6.948749895213429673e-02 -6.948749895213429673e-02
1.060000000000000000e+02 -3.879214645755553748e-01 -3.879214645755553748e-01 -3.879214645755553748e-01 -3.879214645755553748e-01
1.070000000000000000e+02 -1.127932667165525704e-01 -1.127932667165525704e-01 -1.127932667165525704e-01 -1.127932667165525704e-01
1.080000000000000000e+02 -4.177394211649101408e-01 -4.177394211649101408e-01 -4.177394211649101408e-01 -4.177394211649101408e-01
1.090000000000000000e+02 -1.606298343924160155e-01 -1.606298343924160155e-01 -1.606298343924160155e-01 -1.606298343924160155e-01
1.100000000000000000e+02 3.705626420333784504e-02 3.705626420333784504e-02 3.705626420333784504e-02 3.705626420333784504e-02
1.110000000000000000e+02 -2.474165033654503187e-01 -2.474165033654503187e-01 -2.474165033654503187e-01 -2.474165033654503187e-01
1.120000000000000000e+02 -1.332203386052362160e-01 -1.332203386052362160e-01 -1.332203386052362160e-01 -1.332203386052362160e-01
1.130000000000000000e+02 -2.303171687322834726e-01 -2.303171687322834726e-01 -2.303171687322834726e-01 -2.303171687322834726e-01
1.140000000000000000e+02 -1.099721198509246989e-01 -1.099721198509246989e-01 -1.099721198509246989e-01 -1.099721198509246989e-01
1.150000000000000000e+02 -2.000432588156073332e-01 -2.000432588156073332e-01 -2.000432588156073332e-01 -2.000432588156073332e-01
1.160000000000000000e+02 -1.366149372381432470e-01 -1.366149372381432470e-01 -1.366149372381432470e-01 -1.366149372381432470e-01
1.170000000000000000e+02 -1.818671779011342415e-01 -1.818671779011342415e-01 -1.818671779011342415e-01 -1.818671779011342415e-01
1.180000000000000000e+02 -6.249611741537407228e-02 -6.249611741537407228e-02 -6.249611741537407228e-02 -6.249611741537407228e-02
1.190000000000000000e+02 -1.051928771484154368e-01 -1.051928771484154368e-01 -1.051928771484154368e-01 -1.051928771484154368e-01
