0.000000000000000000e+00 5.023323652076985280e-01 5.023323652076985280e-01 5.023323652076985280e-01 5.023323652076985280e-01
1.000000000000000000e+00 6.512608556220967904e-01 6.512608556220967904e-01 6.512608556220967904e-01 6.512608556220967904e-01
2.000000000000000000e+00 7.873909593143362251e-01 7.873909593143362251e-01 7.873909593143362251e-01 7.873909593143362251e-01
3.000000000000000000e+00 7.596758747655119048e-01 7.596758747655119048e-01 7.596758747655119048e-01 7.596758747655119048e-01
4.000000000000000000e+00 8.461772140136997189e-01 8.461772140136997189e-01 8.461772140136997189e-01 8.461772140136997189e-01
5.000000000000000000e+00 9.150817316723983685e-01 9.150817316723983685e-01 9.150817316723983685e-01 9.150817316723983685e-01
6.000000000000000000e+00 9.589300874165570532e-01 9.589300874165570532e-01 9.589300874165570532e-01 9.589300874165570532e-01
7.000000000000000000e+00 1.011614806449454562e+00 1.011614806449454562e+00 1.011614806449454562e+00 1.011614806449454562e+00
8.000000000000000000e+00 1.005253227309687691e+00 1.005253227309687691e+00 1.005253227309687691e+00 1.005253227309687691e+00
9.000000000000000000e+00 9.700733090911686229e-01 9.700733090911686229e-01 9.700733090911686229e-01 9.700733090911686229e-01
1.000000000000000000e+01 1.044467053829247316e+00 1.044467053829247316e+00 1.044467053829247316e+00 1.044467053829247316e+00
1.100000000000000000e+01 8.558228372850910093e-01 8.558228372850910093e-01 8.558228372850910093e-01 8.558228372850910093e-01
1.200000000000000000e+01 1.216801076584200558e+00 1.216801076584200558e+00 1.216801076584200558e+00 1.216801076584200558e+00
1.300000000000000000e+01 1.186666945584634814e+00 1.186666945584634814e+00 1.186666945584634814e+00 1.186666945584634814e+00
1.400000000000000000e+01 1.474863321233218949e+00 1.474863321233218949e+00 1.474863321233218949e+00 1.474863321233218949e+00
1.500000000000000000e+01 1.301961691037095470e+00 1.301961691037095470e+00 1.301961691037095470e+00 1.301961691037095470e+00
1.600000000000000000e+01 1.221613114264310074e+00 1.221613114264310074e+00 1.221613114264310074e+00 1.221613114264310074e+00
1.700000000000000000e+01 1.477280603226146072e+00 1.477280603226146072e+00 1.477280603226146072e+00 1.477280603226146072e+00
1.800000000000000000e+01 1.329589573578124018e+00 1.329589573578124018e+00 1.329589573578124018e+00 1.329589573578124018e+00
1.900000000000000000e+01 1.370233432030037335e+00 1.370233432030037335e+00 1.370233432030037335e+00 1.370233432030037335e+00
2.000000000000000000e+01 1.424730378045192536e+00 1.424730378045192536e+00 1.424730378045192536e+00 1.424730378045192536e+00
2.100000000000000000e+01 1.392947783319921973e+00 1.392947783319921973e+00 1.392947783319921973e+00 1.392947783319921973e+00
2.200000000000000000e+01 1.577125144720096017e+00 1.577125144720096017e+00 1.577125144720096017e+00 1.577125144720096017e+00
2.300000000000000000e+01 1.518971023410377263e+00 1.518971023410377263e+00 1.518971023410377263e+00 1.518971023410377263e+00
2.400000000000000000e+01 1.618366323807419294e+00 1.618366323807419294e+00 1.618366323807419294e+00 1.618366323807419294e+00
2.500000000000000000e+01 1.545893154118127111e+00 1.545893154118127111e+00 1.545893154118127111e+00 1.545893154118127111e+00
2.600000000000000000e+01 1.733548447036602047e+00 1.733548447036602047e+00 1.733548447036602047e+00 1.733548447036602047e+00
2.700000000000000000e+01 1.387015287122386864e+00 1.387015287122386864e+00 1.387015287122386864e+00 1.387015287122386864e+00
2.800000000000000000e+01 1.635731333692986400e+00 1.635731333692986400e+00 1.635731333692986400e+00 1.635731333692986400e+00
2.900000000000000000e+01 1.459550684340099380e+00 1.459550684340099380e+00 1.459550684340099380e+00 1.459550684340099380e+00
3.000000000000000000e+01 1.733022730443571469e+00 1.733022730443571469e+00 1.733022730443571469e+00 1.733022730443571469e+00
3.100000000000000000e+01 1.871216465692745023e+00 1.871216465692745023e+00 1.871216465692745023e+00 1.871216465692745023e+00
3.200000000000000000e+01 1.951706791706480315e+00 1.951706791706480315e+00 1.951706791706480315e+00 1.951706791706480315e+00
3.300000000000000000e+01 2.197258501603316372e+00 2.197258501603316372e+00 2.197258501603316372e+00 2.197258501603316372e+00
3.400000000000000000e+01 2.326391723520124355e+00 2.326391723520124355e+00 2.326391723520124355e+00 2.326391723520124355e+00
3.500000000000000000e+01 2.215002507510959617e+00 2.215002507510959617e+00 2.215002507510959617e+00 2.215002507510959617e+00
3.600000000000000000e+01 1.923618534067988106e+00 1.923618534067988106e+00 1.923618534067988106e+00 1.923618534067988106e+00
3.700000000000000000e+01 2.095440475961949378e+00 2.095440475961949378e+00 2.095440475961949378e+00 2.095440475961949378e+00
3.800000000000000000e+01 1.912586376152156209e+00 1.912586376152156209e+00 1.912586376152156209e+00 1.912586376152156209e+00
3.900000000000000000e+01 1.901560649213445586e+00 1.901560649213445586e+00 1.901560649213445586e+00 1.901560649213445586e+00
4.000000000000000000e+01 2.003515156642997841e+00 2.003515156642997841e+00 2.003515156642997841e+00 2.003515156642997841e+00
4.100000000000000000e+01 1.688322794897251899e+00 1.688322794897251899e+00 1.688322794897251899e+00 1.688322794897251899e+00
4.200000000000000000e+01 1.815248571957784440e+00 1.815248571957784440e+00 1.815248571957784440e+00 1.815248571957784440e+00
4.300000000000000000e+01 2.107069367900958667e+00 2.107069367900958667e+00 2.107069367900958667e+00 2.107069367900958667e+00
4.400000000000000000e+01 1.686812557373400523e+00 1.686812557373400523e+00 1.686812557373400523e+00 1.686812557373400523e+00
4.500000000000000000e+01 1.960458293909648209e+00 1.960458293909648209e+00 1.960458293909648209e+00 1.960458293909648209e+00
4.600000000000000000e+01 1.760574971269935673e+00 1.760574971269935673e+00 1.760574971269935673e+00 1.760574971269935673e+00
4.700000000000000000e+01 1.782540079340037886e+00 1.782540079340037886e+00 1.782540079340037886e+00 1.782540079340037886e+00
4.800000000000000000e+01 1.902575850407355107e+00 1.902575850407355107e+00 1.902575850407355107e+00 1.902575850407355107e+00
4.900000000000000000e+01 1.696287290777208634e+00 1.696287290777208634e+00 1.696287290777208634e+00 1.696287290777208634e+00
5.000000000000000000e+01 1.789745786145759077e+00 1.789745786145759077e+00 1.789745786145759077e+00 1.789745786145759077e+00
5.100000000000000000e+01 2.000683112494452853e+00 2.000683112494452853e+00 2.000683112494452853e+00 2.000683112494452853e+00
5.200000000000000000e+01 2.075527451227462628e+00 2.075527451227462628e+00 2.075527451227462628e+00 2.075527451227462628e+00
5.300000000000000000e+01 2.240188474332738267e+00 2.240188474332738267e+00 2.240188474332738267e+00 2.240188474332738267e+00
5.400000000000000000e+01 2.450208216756170732e+00 2.450208216756170732e+00 2.450208216756170732e+00 2.450208216756170732e+00
5.500000000000000000e+01 2.363850986134621746e+00 2.363850986134621746e+00 2.363850986134621746e+00 2.363850986134621746e+00
5.600000000000000000e+01 2.522952782830441887e+00 2.522952782830441887e+00 2.522952782830441887e+00 2.522952782830441887e+00
5.700000000000000000e+01 2.299339173915469381e+00 2.299339173915469381e+00 2.299339173915469381e+00 2.299339173915469381e+00
5.800000000000000000e+01 2.363997072878372574e+00 2.363997072878372574e+00 2.363997072878372574e+00 2.363997072878372574e+00
5.900000000000000000e+01 2.729203270741551002e+00 2.729203270741551002e+00 2.729203270741551002e+00 2.729203270741551002e+00
6.000000000000000000e+01 2.417183207976850934e+00 2.417183207976850934e+00 2.417183207976850934e+00 2.417183207976850934e+00
6.100000000000000000e+01 2.400668893818905580e+00 2.400668893818905580e+00 2.400668893818905580e+00 2.400668893818905580e+00
6.200000000000000000e+01 2.265285103304501835e+00 2.265285103304501835e+00 2.265285103304501835e+00 2.265285103304501835e+00
6.300000000000000000e+01 2.410547113491603000e+00 2.410547113491603000e+00 2.410547113491603000e+00 2.410547113491603000e+00
6.400000000000000000e+01 2.295901587750356576e+00 2.295901587750356576e+00 2.295901587750356576e+00 2.295901587750356576e+00
6.500000000000000000e+01 2.227185768269682953e+00 2.227185768269682953e+00 2.227185768269682953e+00 2.227185768269682953e+00
6.600000000000000000e+01 2.411865667004828850e+00 2.411865667004828850e+00 2.411865667004828850e+00 2.411865667004828850e+00
6.700000000000000000e+01 2.316174050153231967e+00 2.316174050153231967e+00 2.316174050153231967e+00 2.316174050153231967e+00
6.800000000000000000e+01 2.641009243245238558e+00 2.641009243245238558e+00 2.641009243245238558e+00 2.641009243245238558e+00
6.900000000000000000e+01 2.339970977609755032e+00 2.339970977609755032e+00 2.339970977609755032e+00 2.339970977609755032e+00
7.000000000000000000e+01 2.451264959550615963e+00 2.451264959550615963e+00 2.451264959550615963e+00 2.451264959550615963e+00
7.100000000000000000e+01 2.544656983568994058e+00 2.544656983568994058e+00 2.544656983568994058e+00 2.544656983568994058e+00
7.200000000000000000e+01 2.353143251930725377e+00 2.353143251930725377e+00 2.353143251930725377e+00 2.353143251930725377e+00
7.300000000000000000e+01 2.840283503581159774e+00 2.840283503581159774e+00 2.840283503581159774e+00 2.840283503581159774e+00
7.400000000000000000e+01 2.585493273703402650e+00 2.585493273703402650e+00 2.585493273703402650e+00 2.585493273703402650e+00
7.500000000000000000e+01 2.475701000759108261e+00 2.475701000759108261e+00 2.475701000759108261e+00 2.475701000759108261e+00
7.600000000000000000e+01 2.427190133074353717e+00 2.427190133074353717e+00 2.427190133074353717e+00 2.427190133074353717e+00
7.700000000000000000e+01 1.543519609805316550e+00 1.543519609805316550e+00 1.543519609805316550e+00 1.543519609805316550e+00
7.800000000000000000e+01 1.762768556853627988e+00 1.762768556853627988e+00 1.762768556853627988e+00 1.762768556853627988e+00
7.900000000000000000e+01 1.862757800147590848e+00 1.862757800147590848e+00 1.862757800147590848e+00 1.862757800147590848e+00
8.000000000000000000e+01 2.002765508401310957e+00 2.002765508401310957e+00 2.002765508401310957e+00 2.002765508401310957e+00
8.100000000000000000e+01 1.741385163471688591e+00 1.741385163471688591e+00 1.741385163471688591e+00 1.741385163471688591e+00
8.200000000000000000e+01 2.288036973182680622e+00 2.288036973182680622e+00 2.288036973182680622e+00 2.288036973182680622e+00
8.300000000000000000e+01 2.062767676143876017e+00 2.062767676143876017e+00 2.062767676143876017e+00 2.062767676143876017e+00
8.400000000000000000e+01 2.187406770987557092e+00 2.187406770987557092e+00 2.187406770987557092e+00 2.187406770987557092e+00
8.500000000000000000e+01 2.480344724376583709e+00 2.480344724376583709e+00 2.480344724376583709e+00 2.480344724376583709e+00
8.600000000000000000e+01 2.082755372405922234e+00 2.082755372405922234e+00 2.082755372405922234e+00 2.082755372405922234e+00
8.700000000000000000e+01 1.930576580121595276e+00 1.930576580121595276e+00 1.930576580121595276e+00 1.930576580121595276e+00
8.800000000000000000e+01 2.031024669910043823e+00 2.031024669910043823e+00 2.031024669910043823e+00 2.031024669910043823e+00
8.900000000000000000e+01 2.061569898829938019e+00 2.061569898829938019e+00 2.061569898829938019e+00 2.061569898829938019e+00
9.000000000000000000e+01 2.068668448509007884e+00 2.068668448509007884e+00 2.068668448509007884e+00 2.068668448509007884e+00
9.100000000000000000e+01 2.105203692027826534e+00 2.105203692027826534e+00 2.105203692027826534e+00 2.105203692027826534e+00
9.200000000000000000e+01 2.303089456013741376e+00 2.303089456013741376e+00 2.303089456013741376e+00 2.303089456013741376e+00
9.300000000000000000e+01 2.214051356228970313e+00 2.214051356228970313e+00 2.214051356228970313e+00 2.214051356228970313e+00
9.400000000000000000e+01 2.458010626919413966e+00 2.458010626919413966e+00 2.458010626919413966e+00 2.458010626919413966e+00
9.500000000000000000e+01 2.170125052830108370e+00 2.170125052830108370e+00 2.170125052830108370e+00 2.170125052830108370e+00
9.600000000000000000e+01 2.387115354486343044e+00 2.387115354486343044e+00 2.387115354486343044e+00 2.387115354486343044e+00
9.700000000000000000e+01 1.355617267776811685e+00 1.355617267776811685e+00 1.355617267776811685e+00 1.355617267776811685e+00
9.800000000000000000e+01 2.222950542470155888e+00 2.222950542470155888e+00 2.222950542470155888e+00 2.222950542470155888e+00
