0.000000000000000000e+00 9.697292140741301525e-01 9.697292140741301525e-01 9.697292140741301525e-01 9.697292140741301525e-01
1.000000000000000000e+00 2.136383042195586501e-01 2.136383042195586501e-01 2.136383042195586501e-01 2.136383042195586501e-01
2.000000000000000000e+00 -2.687525420802345799e-01 -2.687525420802345799e-01 -2.687525420802345799e-01 -2.687525420802345799e-01
3.000000000000000000e+00 -4.317966505643309194e-01 -4.317966505643309194e-01 -4.317966505643309194e-01 -4.317966505643309194e-01
4.000000000000000000e+00 -4.918513572868645212e-01 -4.918513572868645212e-01 -4.918513572868645212e-01 -4.918513572868645212e-01
5.000000000000000000e+00 -4.819983819675340703e-02 -4.819983819675340703e-02 -4.819983819675340703e-02 -4.819983819675340703e-02
6.000000000000000000e+00 4.403557691463328566e-02 4.403557691463328566e-02 4.403557691463328566e-02 4.403557691463328566e-02
7.000000000000000000e+00 1.493900355888323206e-01 1.493900355888323206e-01 1.493900355888323206e-01 1.493900355888323206e-01
8.000000000000000000e+00 6.582448824110810337e-01 6.582448824110810337e-01 6.582448824110810337e-01 6.582448824110810337e-01
9.000000000000000000e+00 9.951919689961822302e-01 9.951919689961822302e-01 9.951919689961822302e-01 9.951919689961822302e-01
1.000000000000000000e+01 6.832796909661663642e-01 6.832796909661663642e-01 6.832796909661663642e-01 6.832796909661663642e-01
1.100000000000000000e+01 6.480282715718969078e-01 6.480282715718969078e-01 6.480282715718969078e-01 6.480282715718969078e-01
1.200000000000000000e+01 6.778493795673029565e-01 6.778493795673029565e-01 6.778493795673029565e-01 6.778493795673029565e-01
1.300000000000000000e+01 7.043563175773007723e-01 7.043563175773007723e-01 7.043563175773007723e-01 7.043563175773007723e-01
1.400000000000000000e+01 8.528160243579663291e-01 8.528160243579663291e-01 8.528160243579663291e-01 8.528160243579663291e-01
1.500000000000000000e+01 9.637509986406327389e-01 9.637509986406327389e-01 9.637509986406327389e-01 9.637509986406327389e-01
1.600000000000000000e+01 9.293909481318045618e-01 9.293909481318045618e-01 9.293909481318045618e-01 9.293909481318045618e-01
1.700000000000000000e+01 1.057182822832191782e+00 1.057182822832191782e+00 1.057182822832191782e+00 1.057182822832191782e+00
1.800000000000000000e+01 1.058567897990775997e+00 1.058567897990775997e+00 1.058567897990775997e+00 1.058567897990775997e+00
1.900000000000000000e+01 9.604522530418948545e-01 9.604522530418948545e-01 9.604522530418948545e-01 9.604522530418948545e-01
2.000000000000000000e+01 1.482315782199041365e+00 1.482315782199041365e+00 1.482315782199041365e+00 1.482315782199041365e+00
2.100000000000000000e+01 1.088067852313804540e+00 1.088067852313804540e+00 1.088067852313804540e+00 1.088067852313804540e+00
2.200000000000000000e+01 1.043518203075646245e+00 1.043518203075646245e+00 1.043518203075646245e+00 1.043518203075646245e+00
2.300000000000000000e+01 9.718478320584366115e-01 9.718478320584366115e-01 9.718478320584366115e-01 9.718478320584366115e-01
2.400000000000000000e+01 1.478317871320952603e+00 1.478317871320952603e+00 1.478317871320952603e+00 1.478317871320952603e+00
2.500000000000000000e+01 1.239071058823472127e+00 1.239071058823472127e+00 1.239071058823472127e+00 1.239071058823472127e+00
2.600000000000000000e+01 7.352945227592700972e-01 7.352945227592700972e-01 7.352945227592700972e-01 7.352945227592700972e-01
2.700000000000000000e+01 3.705767331517019203e-01 3.705767331517019203e-01 3.705767331517019203e-01 3.705767331517019203e-01
2.800000000000000000e+01 -3.272803800028425969e-02 -3.272803800028425969e-02 -3.272803800028425969e-02 -3.272803800028425969e-02
2.900000000000000000e+01 -4.835851126293072011e-01 -4.835851126293072011e-01 -4.835851126293072011e-01 -4.835851126293072011e-01
3.000000000000000000e+01 -2.526082719314625691e-01 -2.526082719314625691e-01 -2.526082719314625691e-01 -2.526082719314625691e-01
3.100000000000000000e+01 4.174777713674524687e-02 4.174777713674524687e-02 4.174777713674524687e-02 4.174777713674524687e-02
3.200000000000000000e+01 3.430842368331931125e-01 3.430842368331931125e-01 3.430842368331931125e-01 3.430842368331931125e-01
3.300000000000000000e+01 3.585184448285687608e-01 3.585184448285687608e-01 3.585184448285687608e-01 3.585184448285687608e-01
3.400000000000000000e+01 3.656719242124933933e-01 3.656719242124933933e-01 3.656719242124933933e-01 3.656719242124933933e-01
3.500000000000000000e+01 3.747755289365528597e-01 3.747755289365528597e-01 3.747755289365528597e-01 3.747755289365528597e-01
3.600000000000000000e+01 5.158210123087220156e-01 5.158210123087220156e-01 5.158210123087220156e-01 5.158210123087220156e-01
3.700000000000000000e+01 1.001289323375030627e+00 1.001289323375030627e+00 1.001289323375030627e+00 1.001289323375030627e+00
3.800000000000000000e+01 5.101646445361094351e-01 5.101646445361094351e-01 5.101646445361094351e-01 5.101646445361094351e-01
3.900000000000000000e+01 1.198212667279801469e+00 1.198212667279801469e+00 1.198212667279801469e+00 1.198212667279801469e+00
4.000000000000000000e+01 9.046751608626228958e-01 9.046751608626228958e-01 9.046751608626228958e-01 9.046751608626228958e-01
4.100000000000000000e+01 6.948404964911267800e-01 6.948404964911267800e-01 6.948404964911267800e-01 6.948404964911267800e-01
4.200000000000000000e+01 8.500132157833568680e-01 8.500132157833568680e-01 8.500132157833568680e-01 8.500132157833568680e-01
4.300000000000000000e+01 7.018879206494065270e-01 7.018879206494065270e-01 7.018879206494065270e-01 7.018879206494065270e-01
4.400000000000000000e+01 8.020303183780685963e-01 8.020303183780685963e-01 8.020303183780685963e-01 8.020303183780685963e-01
4.500000000000000000e+01 7.391292554164240469e-01 7.391292554164240469e-01 7.391292554164240469e-01 7.391292554164240469e-01
4.600000000000000000e+01 6.963257672556852906e-01 6.963257672556852906e-01 6.963257672556852906e-01 6.963257672556852906e-01
4.700000000000000000e+01 8.086698090818172924e-01 8.086698090818172924e-01 8.086698090818172924e-01 8.086698090818172924e-01
4.800000000000000000e+01 9.901601700997139099e-01 9.901601700997139099e-01 9.901601700997139099e-01 9.901601700997139099e-01
4.900000000000000000e+01 8.688273312667474935e-01 8.688273312667474935e-01 8.688273312667474935e-01 8.688273312667474935e-01
5.000000000000000000e+01 1.024281134629730472e+00 1.024281134629730472e+00 1.024281134629730472e+00 1.024281134629730472e+00
5.100000000000000000e+01 1.492679428338359759e+00 1.492679428338359759e+00 1.492679428338359759e+00 1.492679428338359759e+00
5.200000000000000000e+01 4.951846952193761364e-01 4.951846952193761364e-01 4.951846952193761364e-01 4.951846952193761364e-01
5.300000000000000000e+01 3.912667265264089811e-01 3.912667265264089811e-01 3.912667265264089811e-01 3.912667265264089811e-01
5.400000000000000000e+01 7.700557890820565188e-01 7.700557890820565188e-01 7.700557890820565188e-01 7.700557890820565188e-01
5.500000000000000000e+01 5.599834242979464527e-01 5.599834242979464527e-01 5.599834242979464527e-01 5.599834242979464527e-01
5.600000000000000000e+01 7.465444611702554134e-01 7.465444611702554134e-01 7.465444611702554134e-01 7.465444611702554134e-01
5.700000000000000000e+01 5.605637740252923384e-01 5.605637740252923384e-01 5.605637740252923384e-01 5.605637740252923384e-01
5.800000000000000000e+01 5.762884770145176860e-01 5.762884770145176860e-01 5.762884770145176860e-01 5.762884770145176860e-01
5.900000000000000000e+01 6.532614987294117492e-01 6.532614987294117492e-01 6.532614987294117492e-01 6.532614987294117492e-01
6.000000000000000000e+01 8.783607717171956208e-01 8.783607717171956208e-01 8.783607717171956208e-01 8.783607717171956208e-01
6.100000000000000000e+01 9.762979144945954646e-01 9.762979144945954646e-01 9.762979144945954646e-01 9.762979144945954646e-01
6.200000000000000000e+01 8.650966345281961845e-01 8.650966345281961845e-01 8.650966345281961845e-01 8.650966345281961845e-01
6.300000000000000000e+01 1.084086028678745262e+00 1.084086028678745262e+00 1.084086028678745262e+00 1.084086028678745262e+00
6.400000000000000000e+01 9.309805671304529628e-01 9.309805671304529628e-01 9.309805671304529628e-01 9.309805671304529628e-01
6.500000000000000000e+01 1.009391016834036980e+00 1.009391016834036980e+00 1.009391016834036980e+00 1.009391016834036980e+00
6.600000000000000000e+01 9.040702948951981899e-01 9.040702948951981899e-01 9.040702948951981899e-01 9.040702948951981899e-01
6.700000000000000000e+01 9.532499896614872181e-01 9.532499896614872181e-01 9.532499896614872181e-01 9.532499896614872181e-01
6.800000000000000000e+01 9.416419610337715129e-01 9.416419610337715129e-01 9.416419610337715129e-01 9.416419610337715129e-01
6.900000000000000000e+01 7.810541802906203479e-01 7.810541802906203479e-01 7.810541802906203479e-01 7.810541802906203479e-01
7.000000000000000000e+01 5.963629172584460347e-01 5.963629172584460347e-01 5.963629172584460347e-01 5.963629172584460347e-01
7.100000000000000000e+01 7.734107170586282942e-01 7.734107170586282942e-01 7.734107170586282942e-01 7.734107170586282942e-01
7.200000000000000000e+01 1.002894696873723124e+00 1.002894696873723124e+00 1.002894696873723124e+00 1.002894696873723124e+00
7.300000000000000000e+01 8.053928792339231091e-01 8.053928792339231091e-01 8.053928792339231091e-01 8.053928792339231091e-01
7.400000000000000000e+01 7.215251426813470426e-01 7.215251426813470426e-01 7.215251426813470426e-01 7.215251426813470426e-01
7.500000000000000000e+01 9.263734709485011987e-01 9.263734709485011987e-01 9.263734709485011987e-01 9.263734709485011987e-01
7.600000000000000000e+01 7.768164973199589429e-01 7.768164973199589429e-01 7.768164973199589429e-01 7.768164973199589429e-01
7.700000000000000000e+01 6.715338655555264102e-01 6.715338655555264102e-01 6.715338655555264102e-01 6.715338655555264102e-01
7.800000000000000000e+01 7.059744940604549823e-01 7.059744940604549823e-01 7.059744940604549823e-01 7.059744940604549823e-01
7.900000000000000000e+01 6.457449950984004428e-01 6.457449950984004428e-01 6.457449950984004428e-01 6.457449950984004428e-01
8.000000000000000000e+01 9.058822040219416394e-01 9.058822040219416394e-01 9.058822040219416394e-01 9.058822040219416394e-01
8.100000000000000000e+01 1.163895732403115391e+00 1.163895732403115391e+00 1.163895732403115391e+00 1.163895732403115391e+00
8.200000000000000000e+01 9.082925741719234392e-01 9.082925741719234392e-01 9.082925741719234392e-01 9.082925741719234392e-01
8.300000000000000000e+01 1.038469625323837464e+00 1.038469625323837464e+00 1.038469625323837464e+00 1.038469625323837464e+00
8.400000000000000000e+01 7.807362122070411470e-01 7.807362122070411470e-01 7.807362122070411470e-01 7.807362122070411470e-01
8.500000000000000000e+01 8.582962867070474955e-01 8.582962867070474955e-01 8.582962867070474955e-01 8.582962867070474955e-01
8.600000000000000000e+01 1.042366645871098063e+00 1.042366645871098063e+00 1.042366645871098063e+00 1.042366645871098063e+00
8.700000000000000000e+01 1.032541778018035927e+00 1.032541778018035927e+00 1.032541778018035927e+00 1.032541778018035927e+00
8.800000000000000000e+01 5.376939624898841030e-01 5.376939624898841030e-01 5.376939624898841030e-01 5.376939624898841030e-01
8.900000000000000000e+01 8.639275348440893509e-01 8.639275348440893509e-01 8.639275348440893509e-01 8.639275348440893509e-01
9.000000000000000000e+01 1.239416370607508755e+00 1.239416370607508755e+00 1.239416370607508755e+00 1.239416370607508755e+00
9.100000000000000000e+01 1.124998680261939610e+00 1.124998680261939610e+00 1.124998680261939610e+00 1.124998680261939610e+00
9.200000000000000000e+01 3.523991141883681677e-01 3.523991141883681677e-01 3.523991141883681677e-01 3.523991141883681677e-01
9.300000000000000000e+01 4.476862816501270825e-01 4.476862816501270825e-01 4.476862816501270825e-01 4.476862816501270825e-01
9.400000000000000000e+01 5.727929582774990980e-01 5.727929582774990980e-01 5.727929582774990980e-01 5.727929582774990980e-01
9.500000000000000000e+01 5.594331634523320718e-01 5.594331634523320718e-01 5.594331634523320718e-01 5.594331634523320718e-01
9.600000000000000000e+01 5.734953587809594744e-01 5.734953587809594744e-01 5.734953587809594744e-01 5.734953587809594744e-01
9.700000000000000000e+01 5.950536238272590150e-01 5.950536238272590150e-01 5.950536238272590150e-01 5.950536238272590150e-01
9.800000000000000000e+01 6.376104204435683043e-01 6.376104204435683043e-01 6.376104204435683043e-01 6.376104204435683043e-01
9.900000000000000000e+01 9.247494441747393656e-01 9.247494441747393656e-01 9.247494441747393656e-01 9.247494441747393656e-01
1.000000000000000000e+02 6.196518983068466380e-01 6.196518983068466380e-01 6.196518983068466380e-01 6.196518983068466380e-01
1.010000000000000000e+02 1.212447111551852474e+00 1.212447111551852474e+00 1.212447111551852474e+00 1.212447111551852474e+00
1.020000000000000000e+02 7.349113819832192585e-01 7.349113819832192585e-01 7.349113819832192585e-01 7.349113819832192585e-01
1.030000000000000000e+02 5.767047198941747110e-01 5.767047198941747110e-01 5.767047198941747110e-01 5.767047198941747110e-01
1.040000000000000000e+02 6.389804545604765851e-01 6.389804545604765851e-01 6.389804545604765851e-01 6.389804545604765851e-01
1.050000000000000000e+02 6.878106681439378756e-01 6.878106681439378756e-01 6.878106681439378756e-01 6.878106681439378756e-01
1.060000000000000000e+02 3.656719011201888248e-01 3.656719011201888248e-01 3.656719011201888248e-01 3.656719011201888248e-01
1.070000000000000000e+02 7.353598958585975121e-01 7.353598958585975121e-01 7.353598958585975121e-01 7.353598958585975121e-01
1.080000000000000000e+02 3.954528104191406546e-01 3.954528104191406546e-01 3.954528104191406546e-01 3.954528104191406546e-01
1.090000000000000000e+02 1.008566300187074161e+00 1.008566300187074161e+00 1.008566300187074161e+00 1.008566300187074161e+00
1.100000000000000000e+02 1.401008597315175797e+00 1.401008597315175797e+00 1.401008597315175797e+00 1.401008597315175797e+00
1.110000000000000000e+02 4.977207616895027442e-01 4.977207616895027442e-01 4.977207616895027442e-01 4.977207616895027442e-01
1.120000000000000000e+02 3.573768518827941110e-01 3.573768518827941110e-01 3.573768518827941110e-01 3.573768518827941110e-01
1.130000000000000000e+02 5.950416998863190532e-01 5.950416998863190532e-01 5.950416998863190532e-01 5.950416998863190532e-01
1.140000000000000000e+02 3.598264927923446876e-01 3.598264927923446876e-01 3.598264927923446876e-01 3.598264927923446876e-01
1.150000000000000000e+02 6.861808494560616145e-01 6.861808494560616145e-01 6.861808494560616145e-01 6.861808494560616145e-01
1.160000000000000000e+02 6.935386136667389678e-01 6.935386136667389678e-01 6.935386136667389678e-01 6.935386136667389678e-01
1.170000000000000000e+02 3.018507006696379280e-01 3.018507006696379280e-01 3.018507006696379280e-01 3.018507006696379280e-01
1.180000000000000000e+02 6.712677455585012165e-01 6.712677455585012165e-01 6.712677455585012165e-01 6.712677455585012165e-01
1.190000000000000000e+02 9.796214413576178615e-01 9.796214413576178615e-01 9.796214413576178615e-01 9.796214413576178615e-01
