0.000000000000000000e+00 4.299115773233089577e+00 4.299115773233089577e+00 4.299115773233089577e+00 4.299115773233089577e+00
1.000000000000000000e+00 4.692269227202443993e+00 4.692269227202443993e+00 4.692269227202443993e+00 4.692269227202443993e+00
2.000000000000000000e+00 5.471461846262414497e+00 5.471461846262414497e+00 5.471461846262414497e+00 5.471461846262414497e+00
3.000000000000000000e+00 5.879738733569547016e+00 5.879738733569547016e+00 5.879738733569547016e+00 5.879738733569547016e+00
4.000000000000000000e+00 5.389369000714049562e+00 5.389369000714049562e+00 5.389369000714049562e+00 5.389369000714049562e+00
5.000000000000000000e+00 6.848363163190454905e+00 6.848363163190454905e+00 6.848363163190454905e+00 6.848363163190454905e+00
6.000000000000000000e+00 6.205304770670018399e+00 6.205304770670018399e+00 6.205304770670018399e+00 6.205304770670018399e+00
7.000000000000000000e+00 6.321008905048406845e+00 6.321008905048406845e+00 6.321008905048406845e+00 6.321008905048406845e+00
8.000000000000000000e+00 6.976847801793877757e+00 6.976847801793877757e+00 6.976847801793877757e+00 6.976847801793877757e+00
9.000000000000000000e+00 6.930003677843427745e+00 6.930003677843427745e+00 6.930003677843427745e+00 6.930003677843427745e+00
1.000000000000000000e+01 7.186248231545133258e+00 7.186248231545133258e+00 7.186248231545133258e+00 7.186248231545133258e+00
1.100000000000000000e+01 6.826001199850055379e+00 6.826001199850055379e+00 6.826001199850055379e+00 6.826001199850055379e+00
1.200000000000000000e+01 7.730080563481977585e+00 7.730080563481977585e+00 7.730080563481977585e+00 7.730080563481977585e+00
1.300000000000000000e+01 7.940054879007822919e+00 7.940054879007822919e+00 7.940054879007822919e+00 7.940054879007822919e+00
1.400000000000000000e+01 7.957676865953652978e+00 7.957676865953652978e+00 7.957676865953652978e+00 7.957676865953652978e+00
1.500000000000000000e+01 8.574201726676266233e+00 8.574201726676266233e+00 8.574201726676266233e+00 8.574201726676266233e+00
1.600000000000000000e+01 8.722587348762269599e+00 8.722587348762269599e+00 8.722587348762269599e+00 8.722587348762269599e+00
1.700000000000000000e+01 9.033349116368562193e+00 9.033349116368562193e+00 9.033349116368562193e+00 9.033349116368562193e+00
1.800000000000000000e+01 9.980457309789219522e+00 9.980457309789219522e+00 9.980457309789219522e+00 9.980457309789219522e+00
1.900000000000000000e+01 9.896311146520202939e+00 9.896311146520202939e+00 9.896311146520202939e+00 9.896311146520202939e+00
2.000000000000000000e+01 1.069558704652876102e+01 1.069558704652876102e+01 1.069558704652876102e+01 1.069558704652876102e+01
2.100000000000000000e+01 1.066185026588679285e+01 1.066185026588679285e+01 1.066185026588679285e+01 1.066185026588679285e+01
2.200000000000000000e+01 1.052916722626389578e+01 1.052916722626389578e+01 1.052916722626389578e+01 1.052916722626389578e+01
2.300000000000000000e+01 1.149296026503920132e+01 1.149296026503920132e+01 1.149296026503920132e+01 1.149296026503920132e+01
2.400000000000000000e+01 1.113324030800262321e+01 1.113324030800262321e+01 1.113324030800262321e+01 1.113324030800262321e+01
2.500000000000000000e+01 1.169820105011418221e+01 1.169820105011418221e+01 1.169820105011418221e+01 1.169820105011418221e+01
2.600000000000000000e+01 1.140974147004786943e+01 1.140974147004786943e+01 1.140974147004786943e+01 1.140974147004786943e+01
2.700000000000000000e+01 1.252131650748773950e+01 1.252131650748773950e+01 1.252131650748773950e+01 1.252131650748773950e+01
2.800000000000000000e+01 1.249819750865916212e+01 1.249819750865916212e+01 1.249819750865916212e+01 1.249819750865916212e+01
2.900000000000000000e+01 1.245070556289173069e+01 1.245070556289173069e+01 1.245070556289173069e+01 1.245070556289173069e+01
3.000000000000000000e+01 1.232305635146800959e+01 1.232305635146800959e+01 1.232305635146800959e+01 1.232305635146800959e+01
3.100000000000000000e+01 1.256319487968429272e+01 1.256319487968429272e+01 1.256319487968429272e+01 1.256319487968429272e+01
3.200000000000000000e+01 1.268079878026897767e+01 1.268079878026897767e+01 1.268079878026897767e+01 1.268079878026897767e+01
3.300000000000000000e+01 1.385218307714082009e+01 1.385218307714082009e+01 1.385218307714082009e+01 1.385218307714082009e+01
3.400000000000000000e+01 1.399535477693084395e+01 1.399535477693084395e+01 1.399535477693084395e+01 1.399535477693084395e+01
3.500000000000000000e+01 1.399901869597771586e+01 1.399901869597771586e+01 1.399901869597771586e+01 1.399901869597771586e+01
3.600000000000000000e+01 1.356626773178623324e+01 1.356626773178623324e+01 1.356626773178623324e+01 1.356626773178623324e+01
3.700000000000000000e+01 1.449322889688749605e+01 1.449322889688749605e+01 1.449322889688749605e+01 1.449322889688749605e+01
3.800000000000000000e+01 1.515083957834227313e+01 1.515083957834227313e+01 1.515083957834227313e+01 1.515083957834227313e+01
3.900000000000000000e+01 1.496298817017334493e+01 1.496298817017334493e+01 1.496298817017334493e+01 1.496298817017334493e+01
4.000000000000000000e+01 1.546118599931614490e+01 1.546118599931614490e+01 1.546118599931614490e+01 1.546118599931614490e+01
4.100000000000000000e+01 1.561560907766040174e+01 1.561560907766040174e+01 1.561560907766040174e+01 1.561560907766040174e+01
4.200000000000000000e+01 1.631635415902700359e+01 1.631635415902700359e+01 1.631635415902700359e+01 1.631635415902700359e+01
4.300000000000000000e+01 1.614130164265101541e+01 1.614130164265101541e+01 1.614130164265101541e+01 1.614130164265101541e+01
4.400000000000000000e+01 1.525212981315048921e+01 1.525212981315048921e+01 1.525212981315048921e+01 1.525212981315048921e+01
4.500000000000000000e+01 1.637232071426641511e+01 1.637232071426641511e+01 1.637232071426641511e+01 1.637232071426641511e+01
4.600000000000000000e+01 1.668917652053147194e+01 1.668917652053147194e+01 1.668917652053147194e+01 1.668917652053147194e+01
4.700000000000000000e+01 1.562162698837290975e+01 1.562162698837290975e+01 1.562162698837290975e+01 1.562162698837290975e+01
4.800000000000000000e+01 1.540173902197755140e+01 1.540173902197755140e+01 1.540173902197755140e+01 1.540173902197755140e+01
4.900000000000000000e+01 1.591661176555873780e+01 1.591661176555873780e+01 1.591661176555873780e+01 1.591661176555873780e+01
5.000000000000000000e+01 1.635430645427766194e+01 1.635430645427766194e+01 1.635430645427766194e+01 1.635430645427766194e+01
5.100000000000000000e+01 1.613781541704816291e+01 1.613781541704816291e+01 1.613781541704816291e+01 1.613781541704816291e+01
5.200000000000000000e+01 1.554039367816718986e+01 1.554039367816718986e+01 1.554039367816718986e+01 1.554039367816718986e+01
5.300000000000000000e+01 1.646074832818816347e+01 1.646074832818816347e+01 1.646074832818816347e+01 1.646074832818816347e+01
5.400000000000000000e+01 1.656474356167875683e+01 1.656474356167875683e+01 1.656474356167875683e+01 1.656474356167875683e+01
5.500000000000000000e+01 1.650492103185242598e+01 1.650492103185242598e+01 1.650492103185242598e+01 1.650492103185242598e+01
5.600000000000000000e+01 1.525728560201596906e+01 1.525728560201596906e+01 1.525728560201596906e+01 1.525728560201596906e+01
5.700000000000000000e+01 1.577656135338337862e+01 1.577656135338337862e+01 1.577656135338337862e+01 1.577656135338337862e+01
5.800000000000000000e+01 1.608320862001021823e+01 1.608320862001021823e+01 1.608320862001021823e+01 1.608320862001021823e+01
5.900000000000000000e+01 1.595631015418273435e+01 1.595631015418273435e+01 1.595631015418273435e+01 1.595631015418273435e+01
6.000000000000000000e+01 1.579759378159820926e+01 1.579759378159820926e+01 1.579759378159820926e+01 1.579759378159820926e+01
6.100000000000000000e+01 1.635467701913418637e+01 1.635467701913418637e+01 1.635467701913418637e+01 1.635467701913418637e+01
6.200000000000000000e+01 1.674054779271771665e+01 1.674054779271771665e+01 1.674054779271771665e+01 1.674054779271771665e+01
6.300000000000000000e+01 1.614159320323668112e+01 1.614159320323668112e+01 1.614159320323668112e+01 1.614159320323668112e+01
6.400000000000000000e+01 1.629406749210274796e+01 1.629406749210274796e+01 1.629406749210274796e+01 1.629406749210274796e+01
6.500000000000000000e+01 1.619661558080955643e+01 1.619661558080955643e+01 1.619661558080955643e+01 1.619661558080955643e+01
6.600000000000000000e+01 1.595144839224972344e+01 1.595144839224972344e+01 1.595144839224972344e+01 1.595144839224972344e+01
6.700000000000000000e+01 1.628701659303525417e+01 1.628701659303525417e+01 1.628701659303525417e+01 1.628701659303525417e+01
6.800000000000000000e+01 1.604066970679530613e+01 1.604066970679530613e+01 1.604066970679530613e+01 1.604066970679530613e+01
6.900000000000000000e+01 1.578214085579975823e+01 1.578214085579975823e+01 1.578214085579975823e+01 1.578214085579975823e+01
7.000000000000000000e+01 1.648378196524738115e+01 1.648378196524738115e+01 1.648378196524738115e+01 1.648378196524738115e+01
7.100000000000000000e+01 1.724373979531654655e+01 1.724373979531654655e+01 1.724373979531654655e+01 1.724373979531654655e+01
7.200000000000000000e+01 1.672377439359732421e+01 1.672377439359732421e+01 1.672377439359732421e+01 1.672377439359732421e+01
7.300000000000000000e+01 1.713924803722998291e+01 1.713924803722998291e+01 1.713924803722998291e+01 1.713924803722998291e+01
7.400000000000000000e+01 1.751689528046618705e+01 1.751689528046618705e+01 1.751689528046618705e+01 1.751689528046618705e+01
7.500000000000000000e+01 1.690023931901542298e+01 1.690023931901542298e+01 1.690023931901542298e+01 1.690023931901542298e+01
7.600000000000000000e+01 1.565592026282696381e+01 1.565592026282696381e+01 1.565592026282696381e+01 1.565592026282696381e+01
7.700000000000000000e+01 1.555102921734285104e+01 1.555102921734285104e+01 1.555102921734285104e+01 1.555102921734285104e+01
7.800000000000000000e+01 1.580414350684365310e+01 1.580414350684365310e+01 1.580414350684365310e+01 1.580414350684365310e+01
7.900000000000000000e+01 1.489117786021763656e+01 1.489117786021763656e+01 1.489117786021763656e+01 1.489117786021763656e+01
8.000000000000000000e+01 1.580402462033370981e+01 1.580402462033370981e+01 1.580402462033370981e+01 1.580402462033370981e+01
8.100000000000000000e+01 1.499602988277772120e+01 1.499602988277772120e+01 1.499602988277772120e+01 1.499602988277772120e+01
8.200000000000000000e+01 1.515168077413571623e+01 1.515168077413571623e+01 1.515168077413571623e+01 1.515168077413571623e+01
8.300000000000000000e+01 1.580565664870473697e+01 1.580565664870473697e+01 1.580565664870473697e+01 1.580565664870473697e+01
8.400000000000000000e+01 1.454951303842325849e+01 1.454951303842325849e+01 1.454951303842325849e+01 1.454951303842325849e+01
8.500000000000000000e+01 1.552815811340279772e+01 1.552815811340279772e+01 1.552815811340279772e+01 1.552815811340279772e+01
8.600000000000000000e+01 1.481916367034088822e+01 1.481916367034088822e+01 1.481916367034088822e+01 1.481916367034088822e+01
8.700000000000000000e+01 1.444198259693783015e+01 1.444198259693783015e+01 1.444198259693783015e+01 1.444198259693783015e+01
8.800000000000000000e+01 1.402163442639931290e+01 1.402163442639931290e+01 1.402163442639931290e+01 1.402163442639931290e+01
8.900000000000000000e+01 1.389226581736785882e+01 1.389226581736785882e+01 1.389226581736785882e+01 1.389226581736785882e+01
9.000000000000000000e+01 1.480117373584002927e+01 1.480117373584002927e+01 1.480117373584002927e+01 1.480117373584002927e+01
9.100000000000000000e+01 1.491217849594844935e+01 1.491217849594844935e+01 1.491217849594844935e+01 1.491217849594844935e+01
9.200000000000000000e+01 1.474570610467586462e+01 1.474570610467586462e+01 1.474570610467586462e+01 1.474570610467586462e+01
9.300000000000000000e+01 1.432303696513992897e+01 1.432303696513992897e+01 1.432303696513992897e+01 1.432303696513992897e+01
9.400000000000000000e+01 1.510196176364004472e+01 1.510196176364004472e+01 1.510196176364004472e+01 1.510196176364004472e+01
9.500000000000000000e+01 1.384075407396469082e+01 1.384075407396469082e+01 1.384075407396469082e+01 1.384075407396469082e+01
9.600000000000000000e+01 1.268291097503959897e+01 1.268291097503959897e+01 1.268291097503959897e+01 1.268291097503959897e+01
9.700000000000000000e+01 1.239123681638049490e+01 1.239123681638049490e+01 1.239123681638049490e+01 1.239123681638049490e+01
9.800000000000000000e+01 1.208345368792014796e+01 1.208345368792014796e+01 1.208345368792014796e+01 1.208345368792014796e+01
9.900000000000000000e+01 1.174834391191941485e+01 1.174834391191941485e+01 1.174834391191941485e+01 1.174834391191941485e+01
