0.000000000000000000e+00 -5.485231496026177211e+00 -5.485231496026177211e+00 -5.485231496026177211e+00 -5.485231496026177211e+00
1.000000000000000000e+00 -3.199171462709591740e+00 -3.199171462709591740e+00 -3.199171462709591740e+00 -3.199171462709591740e+00
2.000000000000000000e+00 -1.375195096549966411e+00 -1.375195096549966411e+00 -1.375195096549966411e+00 -1.375195096549966411e+00
3.000000000000000000e+00 -1.337924231595540192e+00 -1.337924231595540192e+00 -1.337924231595540192e+00 -1.337924231595540192e+00
4.000000000000000000e+00 -3.563158424173228922e-01 -3.563158424173228922e-01 -3.563158424173228922e-01 -3.563158424173228922e-01
5.000000000000000000e+00 2.878783750630468097e-01 2.878783750630468097e-01 2.878783750630468097e-01 2.878783750630468097e-01
6.000000000000000000e+00 1.014250688622735375e+00 1.014250688622735375e+00 1.014250688622735375e+00 1.014250688622735375e+00
7.000000000000000000e+00 -5.581406819959293664e-01 -5.581406819959293664e-01 -5.581406819959293664e-01 -5.581406819959293664e-01
8.000000000000000000e+00 1.548166610119262154e+00 1.548166610119262154e+00 1.548166610119262154e+00 1.548166610119262154e+00
9.000000000000000000e+00 1.911088779175305730e+00 1.911088779175305730e+00 1.911088779175305730e+00 1.911088779175305730e+00
1.000000000000000000e+01 5.446508626454930058e-01 5.446508626454930058e-01 5.446508626454930058e-01 5.446508626454930058e-01
1.100000000000000000e+01 1.048487199096324707e+00 1.048487199096324707e+00 1.048487199096324707e+00 1.048487199096324707e+00
1.200000000000000000e+01 1.039472222511627075e+00 1.039472222511627075e+00 1.039472222511627075e+00 1.039472222511627075e+00
1.300000000000000000e+01 1.594650069192769415e+00 1.594650069192769415e+00 1.594650069192769415e+00 1.594650069192769415e+00
1.400000000000000000e+01 1.332068855028452958e+00 1.332068855028452958e+00 1.332068855028452958e+00 1.332068855028452958e+00
1.500000000000000000e+01 9.945672884791835200e-01 9.945672884791835200e-01 9.945672884791835200e-01 9.945672884791835200e-01
1.600000000000000000e+01 9.461699566723377197e-01 9.461699566723377197e-01 9.461699566723377197e-01 9.461699566723377197e-01
1.700000000000000000e+01 4.823164204134116062e+00 4.823164204134116062e+00 4.823164204134116062e+00 4.823164204134116062e+00
1.800000000000000000e+01 7.732289896564127352e-01 7.732289896564127352e-01 7.732289896564127352e-01 7.732289896564127352e-01
1.900000000000000000e+01 2.359373849755390384e-01 2.359373849755390384e-01 2.359373849755390384e-01 2.359373849755390384e-01
2.000000000000000000e+01 -2.883431261168051818e-01 -2.883431261168051818e-01 -2.883431261168051818e-01 -2.883431261168051818e-01
2.100000000000000000e+01 2.343087435796727291e+00 2.343087435796727291e+00 2.343087435796727291e+00 2.343087435796727291e+00
2.200000000000000000e+01 -8.084948489464347521e-01 -8.084948489464347521e-01 -8.084948489464347521e-01 -8.084948489464347521e-01
2.300000000000000000e+01 2.214835660199127698e+00 2.214835660199127698e+00 2.214835660199127698e+00 2.214835660199127698e+00
2.400000000000000000e+01 6.525343136298027424e-01 6.525343136298027424e-01 6.525343136298027424e-01 6.525343136298027424e-01
2.500000000000000000e+01 1.126367542271008881e+00 1.126367542271008881e+00 1.126367542271008881e+00 1.126367542271008881e+00
2.600000000000000000e+01 2.725231246495221082e+00 2.725231246495221082e+00 2.725231246495221082e+00 2.725231246495221082e+00
2.700000000000000000e+01 2.441894983652121098e+00 2.441894983652121098e+00 2.441894983652121098e+00 2.441894983652121098e+00
2.800000000000000000e+01 1.939226379925955479e+00 1.939226379925955479e+00 1.939226379925955479e+00 1.939226379925955479e+00
2.900000000000000000e+01 6.646236267857588587e+00 6.646236267857588587e+00 6.646236267857588587e+00 6.646236267857588587e+00
3.000000000000000000e+01 1.117390734580731682e+00 1.117390734580731682e+00 1.117390734580731682e+00 1.117390734580731682e+00
3.100000000000000000e+01 1.762194580082942608e+00 1.762194580082942608e+00 1.762194580082942608e+00 1.762194580082942608e+00
3.200000000000000000e+01 1.953319539118521631e+00 1.953319539118521631e+00 1.953319539118521631e+00 1.953319539118521631e+00
3.300000000000000000e+01 1.549571128202549941e+00 1.549571128202549941e+00 1.549571128202549941e+00 1.549571128202549941e+00
3.400000000000000000e+01 1.740439318777087907e+00 1.740439318777087907e+00 1.740439318777087907e+00 1.740439318777087907e+00
3.500000000000000000e+01 2.353202961062353271e+00 2.353202961062353271e+00 2.353202961062353271e+00 2.353202961062353271e+00
3.600000000000000000e+01 2.405245291649114492e+00 2.405245291649114492e+00 2.405245291649114492e+00 2.405245291649114492e+00
3.700000000000000000e+01 1.697080592888388084e+00 1.697080592888388084e+00 1.697080592888388084e+00 1.697080592888388084e+00
3.800000000000000000e+01 1.932287014256304003e+00 1.932287014256304003e+00 1.932287014256304003e+00 1.932287014256304003e+00
3.900000000000000000e+01 1.189655734013808086e+00 1.189655734013808086e+00 1.189655734013808086e+00 1.189655734013808086e+00
4.000000000000000000e+01 1.744539819919039170e+00 1.744539819919039170e+00 1.744539819919039170e+00 1.744539819919039170e+00
4.100000000000000000e+01 8.851245937244893724e-01 8.851245937244893724e-01 8.851245937244893724e-01 8.851245937244893724e-01
4.200000000000000000e+01 -1.869611134883008896e+00 -1.869611134883008896e+00 -1.869611134883008896e+00 -1.869611134883008896e+00
4.300000000000000000e+01 8.914205128646353338e-02 8.914205128646353338e-02 8.914205128646353338e-02 8.914205128646353338e-02
4.400000000000000000e+01 2.011569658883420431e+00 2.011569658883420431e+00 2.011569658883420431e+00 2.011569658883420431e+00
4.500000000000000000e+01 3.647046597533870393e+00 3.647046597533870393e+00 3.647046597533870393e+00 3.647046597533870393e+00
4.600000000000000000e+01 2.289766972436112269e+00 2.289766972436112269e+00 2.289766972436112269e+00 2.289766972436112269e+00
4.700000000000000000e+01 2.392386354220536138e+00 2.392386354220536138e+00 2.392386354220536138e+00 2.392386354220536138e+00
4.800000000000000000e+01 3.247972546897228696e+00 3.247972546897228696e+00 3.247972546897228696e+00 3.247972546897228696e+00
4.900000000000000000e+01 4.466459327574304083e+00 4.466459327574304083e+00 4.466459327574304083e+00 4.466459327574304083e+00
5.000000000000000000e+01 2.068127495548052419e+00 2.068127495548052419e+00 2.068127495548052419e+00 2.068127495548052419e+00
5.100000000000000000e+01 1.663869992085406757e+00 1.663869992085406757e+00 1.663869992085406757e+00 1.663869992085406757e+00
5.200000000000000000e+01 4.074662581494322033e+00 4.074662581494322033e+00 4.074662581494322033e+00 4.074662581494322033e+00
5.300000000000000000e+01 3.624660766541326407e+00 3.624660766541326407e+00 3.624660766541326407e+00 3.624660766541326407e+00
5.400000000000000000e+01 3.703499164918647057e+00 3.703499164918647057e+00 3.703499164918647057e+00 3.703499164918647057e+00
5.500000000000000000e+01 3.936271270481381812e+00 3.936271270481381812e+00 3.936271270481381812e+00 3.936271270481381812e+00
5.600000000000000000e+01 2.158329263369272777e+00 2.158329263369272777e+00 2.158329263369272777e+00 2.158329263369272777e+00
5.700000000000000000e+01 3.517346252873174706e+00 3.517346252873174706e+00 3.517346252873174706e+00 3.517346252873174706e+00
5.800000000000000000e+01 1.916533521856457201e-01 1.916533521856457201e-01 1.916533521856457201e-01 1.916533521856457201e-01
5.900000000000000000e+01 3.240342675751245682e+00 3.240342675751245682e+00 3.240342675751245682e+00 3.240342675751245682e+00
6.000000000000000000e+01 1.826498059501913129e+00 1.826498059501913129e+00 1.826498059501913129e+00 1.826498059501913129e+00
6.100000000000000000e+01 3.190316062328268920e+00 3.190316062328268920e+00 3.190316062328268920e+00 3.190316062328268920e+00
6.200000000000000000e+01 3.075483260221393511e+00 3.075483260221393511e+00 3.075483260221393511e+00 3.075483260221393511e+00
6.300000000000000000e+01 3.644495956070662235e+00 3.644495956070662235e+00 3.644495956070662235e+00 3.644495956070662235e+00
6.400000000000000000e+01 3.626518421400704018e+00 3.626518421400704018e+00 3.626518421400704018e+00 3.626518421400704018e+00
6.500000000000000000e+01 3.842948258860833466e+00 3.842948258860833466e+00 3.842948258860833466e+00 3.842948258860833466e+00
6.600000000000000000e+01 3.576628151190369476e+00 3.576628151190369476e+00 3.576628151190369476e+00 3.576628151190369476e+00
6.700000000000000000e+01 4.092584815387132480e+00 4.092584815387132480e+00 4.092584815387132480e+00 4.092584815387132480e+00
6.800000000000000000e+01 4.356969914000153210e+00 4.356969914000153210e+00 4.356969914000153210e+00 4.356969914000153210e+00
6.900000000000000000e+01 2.658611377343793158e+00 2.658611377343793158e+00 2.658611377343793158e+00 2.658611377343793158e+00
7.000000000000000000e+01 4.416882116294312155e+00 4.416882116294312155e+00 4.416882116294312155e+00 4.416882116294312155e+00
7.100000000000000000e+01 2.895997828756908810e+00 2.895997828756908810e+00 2.895997828756908810e+00 2.895997828756908810e+00
7.200000000000000000e+01 2.471599240177807300e+00 2.471599240177807300e+00 2.471599240177807300e+00 2.471599240177807300e+00
7.300000000000000000e+01 4.319021262548406348e+00 4.319021262548406348e+00 4.319021262548406348e+00 4.319021262548406348e+00
7.400000000000000000e+01 3.393728524354205689e+00 3.393728524354205689e+00 3.393728524354205689e+00 3.393728524354205689e+00
7.500000000000000000e+01 2.849030962699183878e+00 2.849030962699183878e+00 2.849030962699183878e+00 2.849030962699183878e+00
7.600000000000000000e+01 1.346217210916446749e+00 1.346217210916446749e+00 1.346217210916446749e+00 1.346217210916446749e+00
7.700000000000000000e+01 -2.712355427598637014e+00 -2.712355427598637014e+00 -2.712355427598637014e+00 -2.712355427598637014e+00
7.800000000000000000e+01 1.670097681850380544e+00 1.670097681850380544e+00 1.670097681850380544e+00 1.670097681850380544e+00
7.900000000000000000e+01 2.325152217766355722e+00 2.325152217766355722e+00 2.325152217766355722e+00 2.325152217766355722e+00
8.000000000000000000e+01 1.769007244241289634e+00 1.769007244241289634e+00 1.769007244241289634e+00 1.769007244241289634e+00
8.100000000000000000e+01 2.003981796345353228e+00 2.003981796345353228e+00 2.003981796345353228e+00 2.003981796345353228e+00
8.200000000000000000e+01 3.006252235288419339e+00 3.006252235288419339e+00 3.006252235288419339e+00 3.006252235288419339e+00
8.300000000000000000e+01 6.074545108745346589e+00 6.074545108745346589e+00 6.074545108745346589e+00 6.074545108745346589e+00
8.400000000000000000e+01 3.169450074674675655e+00 3.169450074674675655e+00 3.169450074674675655e+00 3.169450074674675655e+00
8.500000000000000000e+01 2.131538270609094621e+00 2.131538270609094621e+00 2.131538270609094621e+00 2.131538270609094621e+00
8.600000000000000000e+01 2.687608896698466143e+00 2.687608896698466143e+00 2.687608896698466143e+00 2.687608896698466143e+00
8.700000000000000000e+01 3.174546740371619880e+00 3.174546740371619880e+00 3.174546740371619880e+00 3.174546740371619880e+00
8.800000000000000000e+01 2.879265662271989878e+00 2.879265662271989878e+00 2.879265662271989878e+00 2.879265662271989878e+00
8.900000000000000000e+01 4.409767051396012327e+00 4.409767051396012327e+00 4.409767051396012327e+00 4.409767051396012327e+00
9.000000000000000000e+01 5.159083736153136535e+00 5.159083736153136535e+00 5.159083736153136535e+00 5.159083736153136535e+00
9.100000000000000000e+01 2.757170565680149732e+00 2.757170565680149732e+00 2.757170565680149732e+00 2.757170565680149732e+00
9.200000000000000000e+01 6.716546444201082267e+00 6.716546444201082267e+00 6.716546444201082267e+00 6.716546444201082267e+00
9.300000000000000000e+01 -4.005003773018993130e+00 -4.005003773018993130e+00 -4.005003773018993130e+00 -4.005003773018993130e+00
9.400000000000000000e+01 -3.139052097129511054e+00 -3.139052097129511054e+00 -3.139052097129511054e+00 -3.139052097129511054e+00
9.500000000000000000e+01 1.487917406413894472e+00 1.487917406413894472e+00 1.487917406413894472e+00 1.487917406413894472e+00
9.600000000000000000e+01 5.834859524284387033e-01 5.834859524284387033e-01 5.834859524284387033e-01 5.834859524284387033e-01
9.700000000000000000e+01 1.117550635179901608e+00 1.117550635179901608e+00 1.117550635179901608e+00 1.117550635179901608e+00
9.800000000000000000e+01 4.180085127176589310e+00 4.180085127176589310e+00 4.180085127176589310e+00 4.180085127176589310e+00
