0.000000000000000000e+00 1.645354388417795688e-01 1.645354388417795688e-01 1.645354388417795688e-01 1.645354388417795688e-01
1.000000000000000000e+00 7.758812908618388793e-01 7.758812908618388793e-01 7.758812908618388793e-01 7.758812908618388793e-01
2.000000000000000000e+00 1.283602348966792039e+00 1.283602348966792039e+00 1.283602348966792039e+00 1.283602348966792039e+00
3.000000000000000000e+00 1.671083495941670050e+00 1.671083495941670050e+00 1.671083495941670050e+00 1.671083495941670050e+00
4.000000000000000000e+00 1.733294983961076285e+00 1.733294983961076285e+00 1.733294983961076285e+00 1.733294983961076285e+00
5.000000000000000000e+00 1.941615108556626668e+00 1.941615108556626668e+00 1.941615108556626668e+00 1.941615108556626668e+00
6.000000000000000000e+00 2.113240197596250258e+00 2.113240197596250258e+00 2.113240197596250258e+00 2.113240197596250258e+00
7.000000000000000000e+00 1.746192638117749274e+00 1.746192638117749274e+00 1.746192638117749274e+00 1.746192638117749274e+00
8.000000000000000000e+00 7.632463213057143481e-01 7.632463213057143481e-01 7.632463213057143481e-01 7.632463213057143481e-01
9.000000000000000000e+00 3.527744607544809341e-01 3.527744607544809341e-01 3.527744607544809341e-01 3.527744607544809341e-01
1.000000000000000000e+01 2.751043053866444321e-01 2.751043053866444321e-01 2.751043053866444321e-01 2.751043053866444321e-01
1.100000000000000000e+01 1.978309300415182492e-01 1.978309300415182492e-01 1.978309300415182492e-01 1.978309300415182492e-01
1.200000000000000000e+01 3.480152056457052612e-01 3.480152056457052612e-01 3.480152056457052612e-01 3.480152056457052612e-01
1.300000000000000000e+01 4.198212819873637924e-01 4.198212819873637924e-01 4.198212819873637924e-01 4.198212819873637924e-01
1.400000000000000000e+01 9.073025118666322442e-01 9.073025118666322442e-01 9.073025118666322442e-01 9.073025118666322442e-01
1.500000000000000000e+01 1.595435859755392594e+00 1.595435859755392594e+00 1.595435859755392594e+00 1.595435859755392594e+00
1.600000000000000000e+01 1.826318022671000962e+00 1.826318022671000962e+00 1.826318022671000962e+00 1.826318022671000962e+00
1.700000000000000000e+01 1.984522431839727874e+00 1.984522431839727874e+00 1.984522431839727874e+00 1.984522431839727874e+00
1.800000000000000000e+01 2.352756209344410543e+00 2.352756209344410543e+00 2.352756209344410543e+00 2.352756209344410543e+00
1.900000000000000000e+01 2.149202685480600561e+00 2.149202685480600561e+00 2.149202685480600561e+00 2.149202685480600561e+00
2.000000000000000000e+01 1.246218676736444042e+00 1.246218676736444042e+00 1.246218676736444042e+00 1.246218676736444042e+00
2.100000000000000000e+01 6.312667751936498206e-01 6.312667751936498206e-01 6.312667751936498206e-01 6.312667751936498206e-01
2.200000000000000000e+01 5.135397735309064071e-01 5.135397735309064071e-01 5.135397735309064071e-01 5.135397735309064071e-01
2.300000000000000000e+01 5.098277055870754637e-01 5.098277055870754637e-01 5.098277055870754637e-01 5.098277055870754637e-01
2.400000000000000000e+01 4.467040078354537758e-01 4.467040078354537758e-01 4.467040078354537758e-01 4.467040078354537758e-01
2.500000000000000000e+01 6.114857853174463509e-01 6.114857853174463509e-01 6.114857853174463509e-01 6.114857853174463509e-01
2.600000000000000000e+01 1.110327005042903270e+00 1.110327005042903270e+00 1.110327005042903270e+00 1.110327005042903270e+00
2.700000000000000000e+01 1.387127571025606354e+00 1.387127571025606354e+00 1.387127571025606354e+00 1.387127571025606354e+00
2.800000000000000000e+01 1.734855272558589734e+00 1.734855272558589734e+00 1.734855272558589734e+00 1.734855272558589734e+00
2.900000000000000000e+01 1.842405304637827923e+00 1.842405304637827923e+00 1.842405304637827923e+00 1.842405304637827923e+00
3.000000000000000000e+01 2.060925006371511881e+00 2.060925006371511881e+00 2.060925006371511881e+00 2.060925006371511881e+00
3.100000000000000000e+01 2.172338095683780779e+00 2.172338095683780779e+00 2.172338095683780779e+00 2.172338095683780779e+00
3.200000000000000000e+01 2.270298519133111981e+00 2.270298519133111981e+00 2.270298519133111981e+00 2.270298519133111981e+00
3.300000000000000000e+01 1.083373743744299400e+00 1.083373743744299400e+00 1.083373743744299400e+00 1.083373743744299400e+00
3.400000000000000000e+01 9.587762728804311019e-01 9.587762728804311019e-01 9.587762728804311019e-01 9.587762728804311019e-01
3.500000000000000000e+01 8.607421304516993388e-01 8.607421304516993388e-01 8.607421304516993388e-01 8.607421304516993388e-01
3.600000000000000000e+01 8.402220368774497850e-01 8.402220368774497850e-01 8.402220368774497850e-01 8.402220368774497850e-01
3.700000000000000000e+01 7.053220596652793883e-01 7.053220596652793883e-01 7.053220596652793883e-01 7.053220596652793883e-01
3.800000000000000000e+01 9.363507519579060689e-01 9.363507519579060689e-01 9.363507519579060689e-01 9.363507519579060689e-01
3.900000000000000000e+01 1.597382882733610288e+00 1.597382882733610288e+00 1.597382882733610288e+00 1.597382882733610288e+00
4.000000000000000000e+01 2.004509851999140224e+00 2.004509851999140224e+00 2.004509851999140224e+00 2.004509851999140224e+00
4.100000000000000000e+01 2.621290307440540701e+00 2.621290307440540701e+00 2.621290307440540701e+00 2.621290307440540701e+00
4.200000000000000000e+01 2.687413375456218834e+00 2.687413375456218834e+00 2.687413375456218834e+00 2.687413375456218834e+00
4.300000000000000000e+01 2.941632871235209556e+00 2.941632871235209556e+00 2.941632871235209556e+00 2.941632871235209556e+00
4.400000000000000000e+01 2.803859105391840689e+00 2.803859105391840689e+00 2.803859105391840689e+00 2.803859105391840689e+00
4.500000000000000000e+01 1.333269111111843763e+00 1.333269111111843763e+00 1.333269111111843763e+00 1.333269111111843763e+00
4.600000000000000000e+01 1.126836527589346382e+00 1.126836527589346382e+00 1.126836527589346382e+00 1.126836527589346382e+00
4.700000000000000000e+01 8.029169344021052090e-01 8.029169344021052090e-01 8.029169344021052090e-01 8.029169344021052090e-01
4.800000000000000000e+01 7.109772551765729531e-01 7.109772551765729531e-01 7.109772551765729531e-01 7.109772551765729531e-01
4.900000000000000000e+01 6.741433611191455233e-01 6.741433611191455233e-01 6.741433611191455233e-01 6.741433611191455233e-01
5.000000000000000000e+01 1.259911575107395709e+00 1.259911575107395709e+00 1.259911575107395709e+00 1.259911575107395709e+00
5.100000000000000000e+01 2.053250771339208747e+00 2.053250771339208747e+00 2.053250771339208747e+00 2.053250771339208747e+00
5.200000000000000000e+01 2.522119978126810658e+00 2.522119978126810658e+00 2.522119978126810658e+00 2.522119978126810658e+00
5.300000000000000000e+01 2.945328517266209367e+00 2.945328517266209367e+00 2.945328517266209367e+00 2.945328517266209367e+00
5.400000000000000000e+01 3.179184814468748677e+00 3.179184814468748677e+00 3.179184814468748677e+00 3.179184814468748677e+00
5.500000000000000000e+01 3.170664622050796133e+00 3.170664622050796133e+00 3.170664622050796133e+00 3.170664622050796133e+00
5.600000000000000000e+01 3.423050641517141557e+00 3.423050641517141557e+00 3.423050641517141557e+00 3.423050641517141557e+00
5.700000000000000000e+01 1.746399102889445443e+00 1.746399102889445443e+00 1.746399102889445443e+00 1.746399102889445443e+00
5.800000000000000000e+01 1.272187483745066405e+00 1.272187483745066405e+00 1.272187483745066405e+00 1.272187483745066405e+00
5.900000000000000000e+01 1.440733331539756135e+00 1.440733331539756135e+00 1.440733331539756135e+00 1.440733331539756135e+00
6.000000000000000000e+01 1.347253829451589002e+00 1.347253829451589002e+00 1.347253829451589002e+00 1.347253829451589002e+00
6.100000000000000000e+01 1.409598260799639791e+00 1.409598260799639791e+00 1.409598260799639791e+00 1.409598260799639791e+00
6.200000000000000000e+01 1.901197183562100657e+00 1.901197183562100657e+00 1.901197183562100657e+00 1.901197183562100657e+00
6.300000000000000000e+01 2.557560815355255812e+00 2.557560815355255812e+00 2.557560815355255812e+00 2.557560815355255812e+00
6.400000000000000000e+01 2.993622621463007505e+00 2.993622621463007505e+00 2.993622621463007505e+00 2.993622621463007505e+00
6.500000000000000000e+01 3.347811455856908314e+00 3.347811455856908314e+00 3.347811455856908314e+00 3.347811455856908314e+00
6.600000000000000000e+01 3.563087893884526736e+00 3.563087893884526736e+00 3.563087893884526736e+00 3.563087893884526736e+00
6.700000000000000000e+01 3.391053981510278259e+00 3.391053981510278259e+00 3.391053981510278259e+00 3.391053981510278259e+00
6.800000000000000000e+01 3.049077961887779686e+00 3.049077961887779686e+00 3.049077961887779686e+00 3.049077961887779686e+00
6.900000000000000000e+01 1.781110168253311477e+00 1.781110168253311477e+00 1.781110168253311477e+00 1.781110168253311477e+00
7.000000000000000000e+01 1.630653183958146180e+00 1.630653183958146180e+00 1.630653183958146180e+00 1.630653183958146180e+00
7.100000000000000000e+01 1.151780259896265424e+00 1.151780259896265424e+00 1.151780259896265424e+00 1.151780259896265424e+00
7.200000000000000000e+01 1.457458266740378150e+00 1.457458266740378150e+00 1.457458266740378150e+00 1.457458266740378150e+00
7.300000000000000000e+01 1.353754820267649261e+00 1.353754820267649261e+00 1.353754820267649261e+00 1.353754820267649261e+00
7.400000000000000000e+01 2.159959598998437258e+00 2.159959598998437258e+00 2.159959598998437258e+00 2.159959598998437258e+00
7.500000000000000000e+01 2.642097611719886885e+00 2.642097611719886885e+00 2.642097611719886885e+00 2.642097611719886885e+00
7.600000000000000000e+01 3.012125627664206551e+00 3.012125627664206551e+00 3.012125627664206551e+00 3.012125627664206551e+00
7.700000000000000000e+01 3.065107089965899423e+00 3.065107089965899423e+00 3.065107089965899423e+00 3.065107089965899423e+00
7.800000000000000000e+01 3.236154397274227268e+00 3.236154397274227268e+00 3.236154397274227268e+00 3.236154397274227268e+00
7.900000000000000000e+01 3.088607047071688427e+00 3.088607047071688427e+00 3.088607047071688427e+00 3.088607047071688427e+00
8.000000000000000000e+01 2.102202293489498608e+00 2.102202293489498608e+00 2.102202293489498608e+00 2.102202293489498608e+00
8.100000000000000000e+01 1.665292057014452709e+00 1.665292057014452709e+00 1.665292057014452709e+00 1.665292057014452709e+00
8.200000000000000000e+01 1.951488920469951038e+00 1.951488920469951038e+00 1.951488920469951038e+00 1.951488920469951038e+00
8.300000000000000000e+01 1.722274527228425445e+00 1.722274527228425445e+00 1.722274527228425445e+00 1.722274527228425445e+00
8.400000000000000000e+01 2.022415953218708484e+00 2.022415953218708484e+00 2.022415953218708484e+00 2.022415953218708484e+00
8.500000000000000000e+01 2.842222528739275500e+00 2.842222528739275500e+00 2.842222528739275500e+00 2.842222528739275500e+00
8.600000000000000000e+01 3.157877015439904511e+00 3.157877015439904511e+00 3.157877015439904511e+00 3.157877015439904511e+00
8.700000000000000000e+01 3.435922055445796541e+00 3.435922055445796541e+00 3.435922055445796541e+00 3.435922055445796541e+00
8.800000000000000000e+01 3.477217011453291207e+00 3.477217011453291207e+00 3.477217011453291207e+00 3.477217011453291207e+00
8.900000000000000000e+01 3.380677533543322344e+00 3.380677533543322344e+00 3.380677533543322344e+00 3.380677533543322344e+00
9.000000000000000000e+01 3.384758593143740502e+00 3.384758593143740502e+00 3.384758593143740502e+00 3.384758593143740502e+00
9.100000000000000000e+01 1.868724104429506427e+00 1.868724104429506427e+00 1.868724104429506427e+00 1.868724104429506427e+00
9.200000000000000000e+01 1.545583715246708456e+00 1.545583715246708456e+00 1.545583715246708456e+00 1.545583715246708456e+00
9.300000000000000000e+01 1.259828264917264740e+00 1.259828264917264740e+00 1.259828264917264740e+00 1.259828264917264740e+00
9.400000000000000000e+01 1.303012372679855035e+00 1.303012372679855035e+00 1.303012372679855035e+00 1.303012372679855035e+00
9.500000000000000000e+01 1.205272146825361324e+00 1.205272146825361324e+00 1.205272146825361324e+00 1.205272146825361324e+00
9.600000000000000000e+01 1.320944344063894604e+00 1.320944344063894604e+00 1.320944344063894604e+00 1.320944344063894604e+00
9.700000000000000000e+01 1.991957268014596494e+00 1.991957268014596494e+00 1.991957268014596494e+00 1.991957268014596494e+00
9.800000000000000000e+01 2.292322625336000286e+00 2.292322625336000286e+00 2.292322625336000286e+00 2.292322625336000286e+00
