0.000000000000000000e+00 1.838942377113024218e-01 1.838942377113024218e-01 1.838942377113024218e-01 1.838942377113024218e-01
1.000000000000000000e+00 -3.181594222797356486e-01 -3.181594222797356486e-01 -3.181594222797356486e-01 -3.181594222797356486e-01
2.000000000000000000e+00 1.590675207167666083e-01 1.590675207167666083e-01 1.590675207167666083e-01 1.590675207167666083e-01
3.000000000000000000e+00 4.715627752596673883e-02 4.715627752596673883e-02 4.715627752596673883e-02 4.715627752596673883e-02
4.000000000000000000e+00 8.276599262452184469e-01 8.276599262452184469e-01 8.276599262452184469e-01 8.276599262452184469e-01
5.000000000000000000e+00 -3.537705263759014507e-01 -3.537705263759014507e-01 -3.537705263759014507e-01 -3.537705263759014507e-01
6.000000000000000000e+00 -3.227665603524214055e-01 -3.227665603524214055e-01 -3.227665603524214055e-01 -3.227665603524214055e-01
7.000000000000000000e+00 3.379419334846650025e-01 3.379419334846650025e-01 3.379419334846650025e-01 3.379419334846650025e-01
8.000000000000000000e+00 4.866604714389802244e-01 4.866604714389802244e-01 4.866604714389802244e-01 4.866604714389802244e-01
9.000000000000000000e+00 6.135183061786269459e-02 6.135183061786269459e-02 6.135183061786269459e-02 6.135183061786269459e-02
1.000000000000000000e+01 -2.800364805373168897e-01 -2.800364805373168897e-01 -2.800364805373168897e-01 -2.800364805373168897e-01
1.100000000000000000e+01 -1.969434473888480031e-01 -1.969434473888480031e-01 -1.969434473888480031e-01 -1.969434473888480031e-01
1.200000000000000000e+01 1.816906702592958334e-01 1.816906702592958334e-01 1.816906702592958334e-01 1.816906702592958334e-01
1.300000000000000000e+01 -5.794505823661275645e-01 -5.794505823661275645e-01 -5.794505823661275645e-01 -5.794505823661275645e-01
1.400000000000000000e+01 5.439988210905548627e-01 5.439988210905548627e-01 5.439988210905548627e-01 5.439988210905548627e-01
1.500000000000000000e+01 1.514719409715555021e-01 1.514719409715555021e-01 1.514719409715555021e-01 1.514719409715555021e-01
1.600000000000000000e+01 -9.494996954287970858e-02 -9.494996954287970858e-02 -9.494996954287970858e-02 -9.494996954287970858e-02
1.700000000000000000e+01 1.235967113739038503e-01 1.235967113739038503e-01 1.235967113739038503e-01 1.235967113739038503e-01
1.800000000000000000e+01 -2.435350285283969518e-01 -2.435350285283969518e-01 -2.435350285283969518e-01 -2.435350285283969518e-01
1.900000000000000000e+01 1.611631903997526594e-01 1.611631903997526594e-01 1.611631903997526594e-01 1.611631903997526594e-01
2.000000000000000000e+01 9.319388321236107831e-02 9.319388321236107831e-02 9.319388321236107831e-02 9.319388321236107831e-02
2.100000000000000000e+01 -1.104041091018859833e+00 -1.104041091018859833e+00 -1.104041091018859833e+00 -1.104041091018859833e+00
2.200000000000000000e+01 -8.444766050967101867e-01 -8.444766050967101867e-01 -8.444766050967101867e-01 -8.444766050967101867e-01
2.300000000000000000e+01 5.145919234293531153e-01 5.145919234293531153e-01 5.145919234293531153e-01 5.145919234293531153e-01
2.400000000000000000e+01 1.013292438630696735e+00 1.013292438630696735e+00 1.013292438630696735e+00 1.013292438630696735e+00
2.500000000000000000e+01 5.111656751081085082e-01 5.111656751081085082e-01 5.111656751081085082e-01 5.111656751081085082e-01
2.600000000000000000e+01 2.284190234144080622e-01 2.284190234144080622e-01 2.284190234144080622e-01 2.284190234144080622e-01
2.700000000000000000e+01 -2.650219269636578945e-01 -2.650219269636578945e-01 -2.650219269636578945e-01 -2.650219269636578945e-01
2.800000000000000000e+01 2.957017422270683538e-01 2.957017422270683538e-01 2.957017422270683538e-01 2.957017422270683538e-01
2.900000000000000000e+01 -4.553987192480664081e-01 -4.553987192480664081e-01 -4.553987192480664081e-01 -4.553987192480664081e-01
3.000000000000000000e+01 -5.123428910583303075e-01 -5.123428910583303075e-01 -5.123428910583303075e-01 -5.123428910583303075e-01
3.100000000000000000e+01 -1.312483823903427549e+00 -1.312483823903427549e+00 -1.312483823903427549e+00 -1.312483823903427549e+00
3.200000000000000000e+01 -1.470149770864976002e+00 -1.470149770864976002e+00 -1.470149770864976002e+00 -1.470149770864976002e+00
3.300000000000000000e+01 -1.664864313457012912e+00 -1.664864313457012912e+00 -1.664864313457012912e+00 -1.664864313457012912e+00
3.400000000000000000e+01 -7.810941035998986148e-01 -7.810941035998986148e-01 -7.810941035998986148e-01 -7.810941035998986148e-01
3.500000000000000000e+01 -1.603614421525712333e-02 -1.603614421525712333e-02 -1.603614421525712333e-02 -1.603614421525712333e-02
3.600000000000000000e+01 3.693411559366301389e-01 3.693411559366301389e-01 3.693411559366301389e-01 3.693411559366301389e-01
3.700000000000000000e+01 5.533227431518131789e-01 5.533227431518131789e-01 5.533227431518131789e-01 5.533227431518131789e-01
3.800000000000000000e+01 -6.464302760183471275e-01 -6.464302760183471275e-01 -6.464302760183471275e-01 -6.464302760183471275e-01
3.900000000000000000e+01 1.125878708786680837e+00 1.125878708786680837e+00 1.125878708786680837e+00 1.125878708786680837e+00
4.000000000000000000e+01 -6.236032742581724131e-01 -6.236032742581724131e-01 -6.236032742581724131e-01 -6.236032742581724131e-01
4.100000000000000000e+01 1.650622426540701293e-01 1.650622426540701293e-01 1.650622426540701293e-01 1.650622426540701293e-01
4.200000000000000000e+01 1.201463359482419335e+00 1.201463359482419335e+00 1.201463359482419335e+00 1.201463359482419335e+00
4.300000000000000000e+01 5.887984173810189015e-01 5.887984173810189015e-01 5.887984173810189015e-01 5.887984173810189015e-01
4.400000000000000000e+01 2.917942363999299626e-01 2.917942363999299626e-01 2.917942363999299626e-01 2.917942363999299626e-01
4.500000000000000000e+01 -2.935513948855837940e-01 -2.935513948855837940e-01 -2.935513948855837940e-01 -2.935513948855837940e-01
4.600000000000000000e+01 7.708640374147481822e-01 7.708640374147481822e-01 7.708640374147481822e-01 7.708640374147481822e-01
4.700000000000000000e+01 -1.351621151023314926e+00 -1.351621151023314926e+00 -1.351621151023314926e+00 -1.351621151023314926e+00
4.800000000000000000e+01 -2.602063372602583247e-01 -2.602063372602583247e-01 -2.602063372602583247e-01 -2.602063372602583247e-01
4.900000000000000000e+01 1.308030418615447601e-03 1.308030418615447601e-03 1.308030418615447601e-03 1.308030418615447601e-03
5.000000000000000000e+01 -1.415054973203198063e+00 -1.415054973203198063e+00 -1.415054973203198063e+00 -1.415054973203198063e+00
5.100000000000000000e+01 -1.042353460001944621e+00 -1.042353460001944621e+00 -1.042353460001944621e+00 -1.042353460001944621e+00
5.200000000000000000e+01 3.560128540561048605e-02 3.560128540561048605e-02 3.560128540561048605e-02 3.560128540561048605e-02
5.300000000000000000e+01 -1.124657681168760970e+00 -1.124657681168760970e+00 -1.124657681168760970e+00 -1.124657681168760970e+00
5.400000000000000000e+01 3.562405867231941969e-01 3.562405867231941969e-01 3.562405867231941969e-01 3.562405867231941969e-01
5.500000000000000000e+01 1.772896003444389065e-02 1.772896003444389065e-02 1.772896003444389065e-02 1.772896003444389065e-02
5.600000000000000000e+01 1.716059181018561031e+00 1.716059181018561031e+00 1.716059181018561031e+00 1.716059181018561031e+00
5.700000000000000000e+01 -3.340033969889932841e-01 -3.340033969889932841e-01 -3.340033969889932841e-01 -3.340033969889932841e-01
5.800000000000000000e+01 1.713597086521142732e+00 1.713597086521142732e+00 1.713597086521142732e+00 1.713597086521142732e+00
5.900000000000000000e+01 9.020474115830308115e-01 9.020474115830308115e-01 9.020474115830308115e-01 9.020474115830308115e-01
6.000000000000000000e+01 1.305225251529689434e-01 1.305225251529689434e-01 1.305225251529689434e-01 1.305225251529689434e-01
6.100000000000000000e+01 6.545953567086382208e-01 6.545953567086382208e-01 6.545953567086382208e-01 6.545953567086382208e-01
6.200000000000000000e+01 1.147046297502852807e+00 1.147046297502852807e+00 1.147046297502852807e+00 1.147046297502852807e+00
6.300000000000000000e+01 2.930565807398777256e-01 2.930565807398777256e-01 2.930565807398777256e-01 2.930565807398777256e-01
6.400000000000000000e+01 1.579516684012717276e+00 1.579516684012717276e+00 1.579516684012717276e+00 1.579516684012717276e+00
6.500000000000000000e+01 -1.656604911814175962e-01 -1.656604911814175962e-01 -1.656604911814175962e-01 -1.656604911814175962e-01
6.600000000000000000e+01 1.478589456060520835e+00 1.478589456060520835e+00 1.478589456060520835e+00 1.478589456060520835e+00
6.700000000000000000e+01 6.850941842710245311e-01 6.850941842710245311e-01 6.850941842710245311e-01 6.850941842710245311e-01
6.800000000000000000e+01 1.356864126971318196e+00 1.356864126971318196e+00 1.356864126971318196e+00 1.356864126971318196e+00
6.900000000000000000e+01 3.028335355443805832e-01 3.028335355443805832e-01 3.028335355443805832e-01 3.028335355443805832e-01
7.000000000000000000e+01 -1.922005869289491742e-01 -1.922005869289491742e-01 -1.922005869289491742e-01 -1.922005869289491742e-01
7.100000000000000000e+01 -3.512358716797402414e-01 -3.512358716797402414e-01 -3.512358716797402414e-01 -3.512358716797402414e-01
7.200000000000000000e+01 9.086577540807276865e-01 9.086577540807276865e-01 9.086577540807276865e-01 9.086577540807276865e-01
7.300000000000000000e+01 -2.501728273937853242e-01 -2.501728273937853242e-01 -2.501728273937853242e-01 -2.501728273937853242e-01
7.400000000000000000e+01 9.261392184956275253e-01 9.261392184956275253e-01 9.261392184956275253e-01 9.261392184956275253e-01
7.500000000000000000e+01 3.806322085542337419e-01 3.806322085542337419e-01 3.806322085542337419e-01 3.806322085542337419e-01
7.600000000000000000e+01 1.042649689427310067e+00 1.042649689427310067e+00 1.042649689427310067e+00 1.042649689427310067e+00
7.700000000000000000e+01 4.840386376346020314e-01 4.840386376346020314e-01 4.840386376346020314e-01 4.840386376346020314e-01
7.800000000000000000e+01 1.616883634725273078e+00 1.616883634725273078e+00 1.616883634725273078e+00 1.616883634725273078e+00
7.900000000000000000e+01 6.856732433851213671e-01 6.856732433851213671e-01 6.856732433851213671e-01 6.856732433851213671e-01
8.000000000000000000e+01 1.388824689454937644e+00 1.388824689454937644e+00 1.388824689454937644e+00 1.388824689454937644e+00
8.100000000000000000e+01 -8.583158586998403117e-02 -8.583158586998403117e-02 -8.583158586998403117e-02 -8.583158586998403117e-02
8.200000000000000000e+01 5.035925611497953369e-01 5.035925611497953369e-01 5.035925611497953369e-01 5.035925611497953369e-01
8.300000000000000000e+01 1.412467030021194114e+00 1.412467030021194114e+00 1.412467030021194114e+00 1.412467030021194114e+00
8.400000000000000000e+01 9.874934652263896995e-01 9.874934652263896995e-01 9.874934652263896995e-01 9.874934652263896995e-01
8.500000000000000000e+01 2.769067378771704613e-01 2.769067378771704613e-01 2.769067378771704613e-01 2.769067378771704613e-01
8.600000000000000000e+01 -1.425968364833355206e+00 -1.425968364833355206e+00 -1.425968364833355206e+00 -1.425968364833355206e+00
8.700000000000000000e+01 6.258459334394400608e-01 6.258459334394400608e-01 6.258459334394400608e-01 6.258459334394400608e-01
8.800000000000000000e+01 7.826424104912856894e-01 7.826424104912856894e-01 7.826424104912856894e-01 7.826424104912856894e-01
8.900000000000000000e+01 1.360328609457917226e+00 1.360328609457917226e+00 1.360328609457917226e+00 1.360328609457917226e+00
9.000000000000000000e+01 1.197042596513623325e+00 1.197042596513623325e+00 1.197042596513623325e+00 1.197042596513623325e+00
9.100000000000000000e+01 2.741958120877011074e-01 2.741958120877011074e-01 2.741958120877011074e-01 2.741958120877011074e-01
9.200000000000000000e+01 3.882003667495004806e-01 3.882003667495004806e-01 3.882003667495004806e-01 3.882003667495004806e-01
9.300000000000000000e+01 1.194285268794748056e+00 1.194285268794748056e+00 1.194285268794748056e+00 1.194285268794748056e+00
9.400000000000000000e+01 5.408960107591260780e-01 5.408960107591260780e-01 5.408960107591260780e-01 5.408960107591260780e-01
9.500000000000000000e+01 7.059221731789697696e-01 7.059221731789697696e-01 7.059221731789697696e-01 7.059221731789697696e-01
9.600000000000000000e+01 8.111236111267871030e-01 8.111236111267871030e-01 8.111236111267871030e-01 8.111236111267871030e-01
9.700000000000000000e+01 6.204920472344777060e-01 6.204920472344777060e-01 6.204920472344777060e-01 6.204920472344777060e-01
9.800000000000000000e+01 -3.181405277765110284e-01 -3.181405277765110284e-01 -3.181405277765110284e-01 -3.181405277765110284e-01
