0.000000000000000000e+00 9.869972458403590831e-01 9.869972458403590831e-01 9.869972458403590831e-01 9.869972458403590831e-01
1.000000000000000000e+00 1.496551785699592685e+00 1.496551785699592685e+00 1.496551785699592685e+00 1.496551785699592685e+00
2.000000000000000000e+00 2.187309672097304425e+00 2.187309672097304425e+00 2.187309672097304425e+00 2.187309672097304425e+00
3.000000000000000000e+00 3.383933939561857285e-01 3.383933939561857285e-01 3.383933939561857285e-01 3.383933939561857285e-01
4.000000000000000000e+00 -7.620364829301273790e-02 -7.620364829301273790e-02 -7.620364829301273790e-02 -7.620364829301273790e-02
5.000000000000000000e+00 1.436527464809404409e+00 1.436527464809404409e+00 1.436527464809404409e+00 1.436527464809404409e+00
6.000000000000000000e+00 -1.071624910575769363e+00 -1.071624910575769363e+00 -1.071624910575769363e+00 -1.071624910575769363e+00
7.000000000000000000e+00 -1.361818291386108104e+00 -1.361818291386108104e+00 -1.361818291386108104e+00 -1.361818291386108104e+00
8.000000000000000000e+00 -1.557925601655793413e+00 -1.557925601655793413e+00 -1.557925601655793413e+00 -1.557925601655793413e+00
9.000000000000000000e+00 -5.893565630230007679e-02 -5.893565630230007679e-02 -5.893565630230007679e-02 -5.893565630230007679e-02
1.000000000000000000e+01 -7.162301242595758843e-02 -7.162301242595758843e-02 -7.162301242595758843e-02 -7.162301242595758843e-02
1.100000000000000000e+01 -9.613304892373425448e-02 -9.613304892373425448e-02 -9.613304892373425448e-02 -9.613304892373425448e-02
1.200000000000000000e+01 1.402654997680068960e-01 1.402654997680068960e-01 1.402654997680068960e-01 1.402654997680068960e-01
1.300000000000000000e+01 1.060184777010319213e+00 1.060184777010319213e+00 1.060184777010319213e+00 1.060184777010319213e+00
1.400000000000000000e+01 -7.486554323323497684e-01 -7.486554323323497684e-01 -7.486554323323497684e-01 -7.486554323323497684e-01
1.500000000000000000e+01 -1.278937046447443437e+00 -1.278937046447443437e+00 -1.278937046447443437e+00 -1.278937046447443437e+00
1.600000000000000000e+01 4.056808281939959793e-01 4.056808281939959793e-01 4.056808281939959793e-01 4.056808281939959793e-01
1.700000000000000000e+01 6.100005793973428680e-01 6.100005793973428680e-01 6.100005793973428680e-01 6.100005793973428680e-01
1.800000000000000000e+01 1.459657587863138595e+00 1.459657587863138595e+00 1.459657587863138595e+00 1.459657587863138595e+00
1.900000000000000000e+01 2.244513789683418858e-01 2.244513789683418858e-01 2.244513789683418858e-01 2.244513789683418858e-01
2.000000000000000000e+01 7.113529208400316550e-01 7.113529208400316550e-01 7.113529208400316550e-01 7.113529208400316550e-01
2.100000000000000000e+01 3.021845506303602047e-01 3.021845506303602047e-01 3.021845506303602047e-01 3.021845506303602047e-01
2.200000000000000000e+01 -1.109937244695338610e+00 -1.109937244695338610e+00 -1.109937244695338610e+00 -1.109937244695338610e+00
2.300000000000000000e+01 2.769019607499833557e-01 2.769019607499833557e-01 2.769019607499833557e-01 2.769019607499833557e-01
2.400000000000000000e+01 1.063325439414620766e+00 1.063325439414620766e+00 1.063325439414620766e+00 1.063325439414620766e+00
2.500000000000000000e+01 5.834489063525929997e-02 5.834489063525929997e-02 5.834489063525929997e-02 5.834489063525929997e-02
2.600000000000000000e+01 -6.603260400067630931e-01 -6.603260400067630931e-01 -6.603260400067630931e-01 -6.603260400067630931e-01
2.700000000000000000e+01 1.211028078918295670e+00 1.211028078918295670e+00 1.211028078918295670e+00 1.211028078918295670e+00
2.800000000000000000e+01 1.206423431322272366e+00 1.206423431322272366e+00 1.206423431322272366e+00 1.206423431322272366e+00
2.900000000000000000e+01 9.392764290107910585e-02 9.392764290107910585e-02 9.392764290107910585e-02 9.392764290107910585e-02
3.000000000000000000e+01 1.099820844447313872e+00 1.099820844447313872e+00 1.099820844447313872e+00 1.099820844447313872e+00
3.100000000000000000e+01 3.576326962609382432e-01 3.576326962609382432e-01 3.576326962609382432e-01 3.576326962609382432e-01
3.200000000000000000e+01 1.999819910719307092e+00 1.999819910719307092e+00 1.999819910719307092e+00 1.999819910719307092e+00
3.300000000000000000e+01 1.048116849466268929e+00 1.048116849466268929e+00 1.048116849466268929e+00 1.048116849466268929e+00
3.400000000000000000e+01 1.094135675530783391e+00 1.094135675530783391e+00 1.094135675530783391e+00 1.094135675530783391e+00
3.500000000000000000e+01 5.099806832064419648e-01 5.099806832064419648e-01 5.099806832064419648e-01 5.099806832064419648e-01
3.600000000000000000e+01 6.418112929604036232e-01 6.418112929604036232e-01 6.418112929604036232e-01 6.418112929604036232e-01
3.700000000000000000e+01 -8.499836047053773713e-01 -8.499836047053773713e-01 -8.499836047053773713e-01 -8.499836047053773713e-01
3.800000000000000000e+01 5.066194076611836294e-01 5.066194076611836294e-01 5.066194076611836294e-01 5.066194076611836294e-01
3.900000000000000000e+01 8.561062864156180341e-01 8.561062864156180341e-01 8.561062864156180341e-01 8.561062864156180341e-01
4.000000000000000000e+01 1.091298562307337017e+00 1.091298562307337017e+00 1.091298562307337017e+00 1.091298562307337017e+00
4.100000000000000000e+01 3.363288729222442819e-01 3.363288729222442819e-01 3.363288729222442819e-01 3.363288729222442819e-01
4.200000000000000000e+01 1.317572783071253306e-01 1.317572783071253306e-01 1.317572783071253306e-01 1.317572783071253306e-01
4.300000000000000000e+01 8.115240830124242910e-02 8.115240830124242910e-02 8.115240830124242910e-02 8.115240830124242910e-02
4.400000000000000000e+01 -4.440299733009898664e-01 -4.440299733009898664e-01 -4.440299733009898664e-01 -4.440299733009898664e-01
4.500000000000000000e+01 8.610289571316120938e-01 8.610289571316120938e-01 8.610289571316120938e-01 8.610289571316120938e-01
4.600000000000000000e+01 3.385535141799499659e+00 3.385535141799499659e+00 3.385535141799499659e+00 3.385535141799499659e+00
4.700000000000000000e+01 -1.153848295642797339e+00 -1.153848295642797339e+00 -1.153848295642797339e+00 -1.153848295642797339e+00
4.800000000000000000e+01 4.901860102589065682e-01 4.901860102589065682e-01 4.901860102589065682e-01 4.901860102589065682e-01
4.900000000000000000e+01 -2.695403472430179526e-01 -2.695403472430179526e-01 -2.695403472430179526e-01 -2.695403472430179526e-01
5.000000000000000000e+01 7.501837172202050485e-01 7.501837172202050485e-01 7.501837172202050485e-01 7.501837172202050485e-01
5.100000000000000000e+01 -4.507102252022543443e-01 -4.507102252022543443e-01 -4.507102252022543443e-01 -4.507102252022543443e-01
5.200000000000000000e+01 -2.697338107967804932e-01 -2.697338107967804932e-01 -2.697338107967804932e-01 -2.697338107967804932e-01
5.300000000000000000e+01 -5.147136553318601426e-02 -5.147136553318601426e-02 -5.147136553318601426e-02 -5.147136553318601426e-02
5.400000000000000000e+01 -9.141289331031804410e-01 -9.141289331031804410e-01 -9.141289331031804410e-01 -9.141289331031804410e-01
5.500000000000000000e+01 1.639275490493592724e-01 1.639275490493592724e-01 1.639275490493592724e-01 1.639275490493592724e-01
5.600000000000000000e+01 3.896997609679589969e-01 3.896997609679589969e-01 3.896997609679589969e-01 3.896997609679589969e-01
5.700000000000000000e+01 3.201981727502252895e-03 3.201981727502252895e-03 3.201981727502252895e-03 3.201981727502252895e-03
5.800000000000000000e+01 1.723836275128561024e-01 1.723836275128561024e-01 1.723836275128561024e-01 1.723836275128561024e-01
5.900000000000000000e+01 -4.577905796578948111e-02 -4.577905796578948111e-02 -4.577905796578948111e-02 -4.577905796578948111e-02
6.000000000000000000e+01 2.392654660652593912e-01 2.392654660652593912e-01 2.392654660652593912e-01 2.392654660652593912e-01
6.100000000000000000e+01 -1.429770231224814225e-01 -1.429770231224814225e-01 -1.429770231224814225e-01 -1.429770231224814225e-01
6.200000000000000000e+01 -9.994819040186975201e-01 -9.994819040186975201e-01 -9.994819040186975201e-01 -9.994819040186975201e-01
6.300000000000000000e+01 9.940985220650778720e-01 9.940985220650778720e-01 9.940985220650778720e-01 9.940985220650778720e-01
6.400000000000000000e+01 2.217816480386978206e+00 2.217816480386978206e+00 2.217816480386978206e+00 2.217816480386978206e+00
6.500000000000000000e+01 -9.203679200430940899e-01 -9.203679200430940899e-01 -9.203679200430940899e-01 -9.203679200430940899e-01
6.600000000000000000e+01 -1.973574919791986737e+00 -1.973574919791986737e+00 -1.973574919791986737e+00 -1.973574919791986737e+00
6.700000000000000000e+01 -1.251316160658541454e+00 -1.251316160658541454e+00 -1.251316160658541454e+00 -1.251316160658541454e+00
6.800000000000000000e+01 9.996356455224160165e-01 9.996356455224160165e-01 9.996356455224160165e-01 9.996356455224160165e-01
6.900000000000000000e+01 2.765982961840450116e+00 2.765982961840450116e+00 2.765982961840450116e+00 2.765982961840450116e+00
7.000000000000000000e+01 9.891927128280194603e-01 9.891927128280194603e-01 9.891927128280194603e-01 9.891927128280194603e-01
7.100000000000000000e+01 -8.414591011254414221e-01 -8.414591011254414221e-01 -8.414591011254414221e-01 -8.414591011254414221e-01
7.200000000000000000e+01 2.045325937225543900e+00 2.045325937225543900e+00 2.045325937225543900e+00 2.045325937225543900e+00
7.300000000000000000e+01 -5.877524712555626252e-02 -5.877524712555626252e-02 -5.877524712555626252e-02 -5.877524712555626252e-02
7.400000000000000000e+01 2.936276103136961080e-01 2.936276103136961080e-01 2.936276103136961080e-01 2.936276103136961080e-01
7.500000000000000000e+01 -6.621221085285923236e-01 -6.621221085285923236e-01 -6.621221085285923236e-01 -6.621221085285923236e-01
7.600000000000000000e+01 -5.255706922540370751e-01 -5.255706922540370751e-01 -5.255706922540370751e-01 -5.255706922540370751e-01
7.700000000000000000e+01 4.206636605933606887e+00 4.206636605933606887e+00 4.206636605933606887e+00 4.206636605933606887e+00
7.800000000000000000e+01 1.206429908428849007e+00 1.206429908428849007e+00 1.206429908428849007e+00 1.206429908428849007e+00
7.900000000000000000e+01 -3.469273806336898303e-01 -3.469273806336898303e-01 -3.469273806336898303e-01 -3.469273806336898303e-01
8.000000000000000000e+01 9.102721129267863365e-01 9.102721129267863365e-01 9.102721129267863365e-01 9.102721129267863365e-01
8.100000000000000000e+01 -1.152836459673299174e+00 -1.152836459673299174e+00 -1.152836459673299174e+00 -1.152836459673299174e+00
8.200000000000000000e+01 1.315632540919372762e+00 1.315632540919372762e+00 1.315632540919372762e+00 1.315632540919372762e+00
8.300000000000000000e+01 -1.836518514515267098e-01 -1.836518514515267098e-01 -1.836518514515267098e-01 -1.836518514515267098e-01
8.400000000000000000e+01 4.290632051892847021e-01 4.290632051892847021e-01 4.290632051892847021e-01 4.290632051892847021e-01
8.500000000000000000e+01 7.394929282510891433e-01 7.394929282510891433e-01 7.394929282510891433e-01 7.394929282510891433e-01
8.600000000000000000e+01 3.329707094809114531e-01 3.329707094809114531e-01 3.329707094809114531e-01 3.329707094809114531e-01
8.700000000000000000e+01 -5.182990738661172436e+00 -5.182990738661172436e+00 -5.182990738661172436e+00 -5.182990738661172436e+00
8.800000000000000000e+01 3.147502025397049263e-01 3.147502025397049263e-01 3.147502025397049263e-01 3.147502025397049263e-01
8.900000000000000000e+01 2.049253950195154328e+00 2.049253950195154328e+00 2.049253950195154328e+00 2.049253950195154328e+00
9.000000000000000000e+01 1.669408211533505382e+00 1.669408211533505382e+00 1.669408211533505382e+00 1.669408211533505382e+00
9.100000000000000000e+01 1.012025950278116593e+00 1.012025950278116593e+00 1.012025950278116593e+00 1.012025950278116593e+00
9.200000000000000000e+01 2.504686940742544721e+00 2.504686940742544721e+00 2.504686940742544721e+00 2.504686940742544721e+00
9.300000000000000000e+01 1.648138638152563340e+00 1.648138638152563340e+00 1.648138638152563340e+00 1.648138638152563340e+00
9.400000000000000000e+01 -1.250714671681009804e+00 -1.250714671681009804e+00 -1.250714671681009804e+00 -1.250714671681009804e+00
9.500000000000000000e+01 7.229707420874805779e-01 7.229707420874805779e-01 7.229707420874805779e-01 7.229707420874805779e-01
9.600000000000000000e+01 -4.761247519176121656e-01 -4.761247519176121656e-01 -4.761247519176121656e-01 -4.761247519176121656e-01
9.700000000000000000e+01 3.943144277836240774e-01 3.943144277836240774e-01 3.943144277836240774e-01 3.943144277836240774e-01
9.800000000000000000e+01 1.097613038200983548e-01 1.097613038200983548e-01 1.097613038200983548e-01 1.097613038200983548e-01
9.900000000000000000e+01 -3.709640608465143707e-02 -3.709640608465143707e-02 -3.709640608465143707e-02 -3.709640608465143707e-02
