0.000000000000000000e+00 -1.311408018955269872e-01 -1.311408018955269872e-01 -1.311408018955269872e-01 -1.311408018955269872e-01
1.000000000000000000e+00 6.408938949850728761e-01 6.408938949850728761e-01 6.408938949850728761e-01 6.408938949850728761e-01
2.000000000000000000e+00 1.440050458018986568e+00 1.440050458018986568e+00 1.440050458018986568e+00 1.440050458018986568e+00
3.000000000000000000e+00 1.554360968961755241e+00 1.554360968961755241e+00 1.554360968961755241e+00 1.554360968961755241e+00
4.000000000000000000e+00 2.984513983406213988e-01 2.984513983406213988e-01 2.984513983406213988e-01 2.984513983406213988e-01
5.000000000000000000e+00 6.210235252867333244e-01 6.210235252867333244e-01 6.210235252867333244e-01 6.210235252867333244e-01
6.000000000000000000e+00 1.013398351404164899e+00 1.013398351404164899e+00 1.013398351404164899e+00 1.013398351404164899e+00
7.000000000000000000e+00 1.066059839504652551e+00 1.066059839504652551e+00 1.066059839504652551e+00 1.066059839504652551e+00
8.000000000000000000e+00 1.397503238434738781e+00 1.397503238434738781e+00 1.397503238434738781e+00 1.397503238434738781e+00
9.000000000000000000e+00 1.448440056943829823e+00 1.448440056943829823e+00 1.448440056943829823e+00 1.448440056943829823e+00
1.000000000000000000e+01 1.511922217558885784e+00 1.511922217558885784e+00 1.511922217558885784e+00 1.511922217558885784e+00
1.100000000000000000e+01 1.372917017735411971e+00 1.372917017735411971e+00 1.372917017735411971e+00 1.372917017735411971e+00
1.200000000000000000e+01 1.177338621641372818e+00 1.177338621641372818e+00 1.177338621641372818e+00 1.177338621641372818e+00
1.300000000000000000e+01 1.586917399299986542e+00 1.586917399299986542e+00 1.586917399299986542e+00 1.586917399299986542e+00
1.400000000000000000e+01 1.400493300086224524e+00 1.400493300086224524e+00 1.400493300086224524e+00 1.400493300086224524e+00
1.500000000000000000e+01 1.789787496979992953e+00 1.789787496979992953e+00 1.789787496979992953e+00 1.789787496979992953e+00
1.600000000000000000e+01 1.737579727973196153e+00 1.737579727973196153e+00 1.737579727973196153e+00 1.737579727973196153e+00
1.700000000000000000e+01 1.909359600372614318e+00 1.909359600372614318e+00 1.909359600372614318e+00 1.909359600372614318e+00
1.800000000000000000e+01 2.299056470126422003e+00 2.299056470126422003e+00 2.299056470126422003e+00 2.299056470126422003e+00
1.900000000000000000e+01 2.763479441878600618e+00 2.763479441878600618e+00 2.763479441878600618e+00 2.763479441878600618e+00
2.000000000000000000e+01 2.583377556551036847e+00 2.583377556551036847e+00 2.583377556551036847e+00 2.583377556551036847e+00
2.100000000000000000e+01 1.305349760501934409e+00 1.305349760501934409e+00 1.305349760501934409e+00 1.305349760501934409e+00
2.200000000000000000e+01 1.025761643084294850e+00 1.025761643084294850e+00 1.025761643084294850e+00 1.025761643084294850e+00
2.300000000000000000e+01 1.595168295114660406e+00 1.595168295114660406e+00 1.595168295114660406e+00 1.595168295114660406e+00
2.400000000000000000e+01 1.802979243270433019e+00 1.802979243270433019e+00 1.802979243270433019e+00 1.802979243270433019e+00
2.500000000000000000e+01 1.624035782566841668e+00 1.624035782566841668e+00 1.624035782566841668e+00 1.624035782566841668e+00
2.600000000000000000e+01 2.323314893068462172e+00 2.323314893068462172e+00 2.323314893068462172e+00 2.323314893068462172e+00
2.700000000000000000e+01 1.844629096143378444e+00 1.844629096143378444e+00 1.844629096143378444e+00 1.844629096143378444e+00
2.800000000000000000e+01 1.945646528117173313e+00 1.945646528117173313e+00 1.945646528117173313e+00 1.945646528117173313e+00
2.900000000000000000e+01 2.740214541939653969e+00 2.740214541939653969e+00 2.740214541939653969e+00 2.740214541939653969e+00
3.000000000000000000e+01 2.420667471126209058e+00 2.420667471126209058e+00 2.420667471126209058e+00 2.420667471126209058e+00
3.100000000000000000e+01 1.719788517291487961e+00 1.719788517291487961e+00 1.719788517291487961e+00 1.719788517291487961e+00
3.200000000000000000e+01 1.069175569503189482e+00 1.069175569503189482e+00 1.069175569503189482e+00 1.069175569503189482e+00
3.300000000000000000e+01 1.997472709597294616e+00 1.997472709597294616e+00 1.997472709597294616e+00 1.997472709597294616e+00
3.400000000000000000e+01 1.772147902378338413e+00 1.772147902378338413e+00 1.772147902378338413e+00 1.772147902378338413e+00
3.500000000000000000e+01 2.527523870315515175e+00 2.527523870315515175e+00 2.527523870315515175e+00 2.527523870315515175e+00
3.600000000000000000e+01 2.806405456956027944e+00 2.806405456956027944e+00 2.806405456956027944e+00 2.806405456956027944e+00
3.700000000000000000e+01 2.766632530954614033e+00 2.766632530954614033e+00 2.766632530954614033e+00 2.766632530954614033e+00
3.800000000000000000e+01 3.493807799988081886e+00 3.493807799988081886e+00 3.493807799988081886e+00 3.493807799988081886e+00
3.900000000000000000e+01 1.507805706182347993e+00 1.507805706182347993e+00 1.507805706182347993e+00 1.507805706182347993e+00
4.000000000000000000e+01 2.146367983839262639e+00 2.146367983839262639e+00 2.146367983839262639e+00 2.146367983839262639e+00
4.100000000000000000e+01 2.344459195633159077e+00 2.344459195633159077e+00 2.344459195633159077e+00 2.344459195633159077e+00
4.200000000000000000e+01 2.844059075656163227e+00 2.844059075656163227e+00 2.844059075656163227e+00 2.844059075656163227e+00
4.300000000000000000e+01 3.003502723402124097e+00 3.003502723402124097e+00 3.003502723402124097e+00 3.003502723402124097e+00
4.400000000000000000e+01 3.472647831014159969e+00 3.472647831014159969e+00 3.472647831014159969e+00 3.472647831014159969e+00
4.500000000000000000e+01 3.223881742377560311e+00 3.223881742377560311e+00 3.223881742377560311e+00 3.223881742377560311e+00
4.600000000000000000e+01 3.236145096194551929e+00 3.236145096194551929e+00 3.236145096194551929e+00 3.236145096194551929e+00
4.700000000000000000e+01 3.314705392864746969e+00 3.314705392864746969e+00 3.314705392864746969e+00 3.314705392864746969e+00
4.800000000000000000e+01 2.875992634713024909e+00 2.875992634713024909e+00 2.875992634713024909e+00 2.875992634713024909e+00
4.900000000000000000e+01 2.636537310871009954e+00 2.636537310871009954e+00 2.636537310871009954e+00 2.636537310871009954e+00
5.000000000000000000e+01 2.857488806671677928e+00 2.857488806671677928e+00 2.857488806671677928e+00 2.857488806671677928e+00
5.100000000000000000e+01 4.110593296494008619e+00 4.110593296494008619e+00 4.110593296494008619e+00 4.110593296494008619e+00
5.200000000000000000e+01 3.174625885962014227e+00 3.174625885962014227e+00 3.174625885962014227e+00 3.174625885962014227e+00
5.300000000000000000e+01 3.684372784361200637e+00 3.684372784361200637e+00 3.684372784361200637e+00 3.684372784361200637e+00
5.400000000000000000e+01 2.717294387465378325e+00 2.717294387465378325e+00 2.717294387465378325e+00 2.717294387465378325e+00
5.500000000000000000e+01 3.650423740091990332e+00 3.650423740091990332e+00 3.650423740091990332e+00 3.650423740091990332e+00
5.600000000000000000e+01 4.908325510927518565e+00 4.908325510927518565e+00 4.908325510927518565e+00 4.908325510927518565e+00
5.700000000000000000e+01 2.489516392165687098e+00 2.489516392165687098e+00 2.489516392165687098e+00 2.489516392165687098e+00
5.800000000000000000e+01 4.141409899062885813e+00 4.141409899062885813e+00 4.141409899062885813e+00 4.141409899062885813e+00
5.900000000000000000e+01 3.932675483059699495e+00 3.932675483059699495e+00 3.932675483059699495e+00 3.932675483059699495e+00
6.000000000000000000e+01 5.827897176182687211e+00 5.827897176182687211e+00 5.827897176182687211e+00 5.827897176182687211e+00
6.100000000000000000e+01 3.931657335332674030e+00 3.931657335332674030e+00 3.931657335332674030e+00 3.931657335332674030e+00
6.200000000000000000e+01 4.056726102766464948e+00 4.056726102766464948e+00 4.056726102766464948e+00 4.056726102766464948e+00
6.300000000000000000e+01 3.818927422240771641e+00 3.818927422240771641e+00 3.818927422240771641e+00 3.818927422240771641e+00
6.400000000000000000e+01 4.671115585187826547e+00 4.671115585187826547e+00 4.671115585187826547e+00 4.671115585187826547e+00
6.500000000000000000e+01 4.496746688082126298e+00 4.496746688082126298e+00 4.496746688082126298e+00 4.496746688082126298e+00
6.600000000000000000e+01 5.228362440504244368e+00 5.228362440504244368e+00 5.228362440504244368e+00 5.228362440504244368e+00
6.700000000000000000e+01 5.615505281530679405e+00 5.615505281530679405e+00 5.615505281530679405e+00 5.615505281530679405e+00
6.800000000000000000e+01 5.350094390716086501e+00 5.350094390716086501e+00 5.350094390716086501e+00 5.350094390716086501e+00
6.900000000000000000e+01 5.633912940730057883e+00 5.633912940730057883e+00 5.633912940730057883e+00 5.633912940730057883e+00
7.000000000000000000e+01 4.396465181006346867e+00 4.396465181006346867e+00 4.396465181006346867e+00 4.396465181006346867e+00
7.100000000000000000e+01 4.889327737472012103e+00 4.889327737472012103e+00 4.889327737472012103e+00 4.889327737472012103e+00
7.200000000000000000e+01 4.948250511352065395e+00 4.948250511352065395e+00 4.948250511352065395e+00 4.948250511352065395e+00
7.300000000000000000e+01 5.680271899851562445e+00 5.680271899851562445e+00 5.680271899851562445e+00 5.680271899851562445e+00
7.400000000000000000e+01 5.158279763682791952e+00 5.158279763682791952e+00 5.158279763682791952e+00 5.158279763682791952e+00
7.500000000000000000e+01 5.884203362388120695e+00 5.884203362388120695e+00 5.884203362388120695e+00 5.884203362388120695e+00
7.600000000000000000e+01 5.799042564707998615e+00 5.799042564707998615e+00 5.799042564707998615e+00 5.799042564707998615e+00
7.700000000000000000e+01 6.307277482042934480e+00 6.307277482042934480e+00 6.307277482042934480e+00 6.307277482042934480e+00
7.800000000000000000e+01 6.040942623747352691e+00 6.040942623747352691e+00 6.040942623747352691e+00 6.040942623747352691e+00
7.900000000000000000e+01 6.181105276742306032e+00 6.181105276742306032e+00 6.181105276742306032e+00 6.181105276742306032e+00
8.000000000000000000e+01 6.400161035523501241e+00 6.400161035523501241e+00 6.400161035523501241e+00 6.400161035523501241e+00
8.100000000000000000e+01 6.470672035370749420e+00 6.470672035370749420e+00 6.470672035370749420e+00 6.470672035370749420e+00
8.200000000000000000e+01 6.513946366261236243e+00 6.513946366261236243e+00 6.513946366261236243e+00 6.513946366261236243e+00
8.300000000000000000e+01 6.450587375926104983e+00 6.450587375926104983e+00 6.450587375926104983e+00 6.450587375926104983e+00
8.400000000000000000e+01 6.449092287413611402e+00 6.449092287413611402e+00 6.449092287413611402e+00 6.449092287413611402e+00
8.500000000000000000e+01 6.605622874590515003e+00 6.605622874590515003e+00 6.605622874590515003e+00 6.605622874590515003e+00
8.600000000000000000e+01 5.727273283038942786e+00 5.727273283038942786e+00 5.727273283038942786e+00 5.727273283038942786e+00
8.700000000000000000e+01 4.981766242917715637e+00 4.981766242917715637e+00 4.981766242917715637e+00 4.981766242917715637e+00
8.800000000000000000e+01 4.704248533275615429e+00 4.704248533275615429e+00 4.704248533275615429e+00 4.704248533275615429e+00
8.900000000000000000e+01 4.539296287101290517e+00 4.539296287101290517e+00 4.539296287101290517e+00 4.539296287101290517e+00
9.000000000000000000e+01 4.160900465067644660e+00 4.160900465067644660e+00 4.160900465067644660e+00 4.160900465067644660e+00
9.100000000000000000e+01 4.204660829047934811e+00 4.204660829047934811e+00 4.204660829047934811e+00 4.204660829047934811e+00
9.200000000000000000e+01 3.815983578565065315e+00 3.815983578565065315e+00 3.815983578565065315e+00 3.815983578565065315e+00
9.300000000000000000e+01 4.034402432768859903e+00 4.034402432768859903e+00 4.034402432768859903e+00 4.034402432768859903e+00
9.400000000000000000e+01 3.557221296839698343e+00 3.557221296839698343e+00 3.557221296839698343e+00 3.557221296839698343e+00
9.500000000000000000e+01 3.130873770988604754e+00 3.130873770988604754e+00 3.130873770988604754e+00 3.130873770988604754e+00
9.600000000000000000e+01 3.894129339178210358e+00 3.894129339178210358e+00 3.894129339178210358e+00 3.894129339178210358e+00
9.700000000000000000e+01 3.751472250387018814e+00 3.751472250387018814e+00 3.751472250387018814e+00 3.751472250387018814e+00
9.800000000000000000e+01 3.527651755090171370e+00 3.527651755090171370e+00 3.527651755090171370e+00 3.527651755090171370e+00
9.900000000000000000e+01 3.811626828627109553e+00 3.811626828627109553e+00 3.811626828627109553e+00 3.811626828627109553e+00
