0.000000000000000000e+00 -5.485231510729620119e+00 -5.485231510729620119e+00 -5.485231510729620119e+00 -5.485231510729620119e+00
1.000000000000000000e+00 -3.199171447572005000e+00 -3.199171447572005000e+00 -3.199171447572005000e+00 -3.199171447572005000e+00
2.000000000000000000e+00 -1.375195089792194070e+00 -1.375195089792194070e+00 -1.375195089792194070e+00 -1.375195089792194070e+00
3.000000000000000000e+00 -1.337924206054484477e+00 -1.337924206054484477e+00 -1.337924206054484477e+00 -1.337924206054484477e+00
4.000000000000000000e+00 -3.563158094594984227e-01 -3.563158094594984227e-01 -3.563158094594984227e-01 -3.563158094594984227e-01
5.000000000000000000e+00 2.878783374542189799e-01 2.878783374542189799e-01 2.878783374542189799e-01 2.878783374542189799e-01
6.000000000000000000e+00 1.014250697472243168e+00 1.014250697472243168e+00 1.014250697472243168e+00 1.014250697472243168e+00
7.000000000000000000e+00 -5.581407036970680302e-01 -5.581407036970680302e-01 -5.581407036970680302e-01 -5.581407036970680302e-01
8.000000000000000000e+00 1.548166628884489970e+00 1.548166628884489970e+00 1.548166628884489970e+00 1.548166628884489970e+00
9.000000000000000000e+00 1.911088807809530277e+00 1.911088807809530277e+00 1.911088807809530277e+00 1.911088807809530277e+00
1.000000000000000000e+01 5.446509166078182806e-01 5.446509166078182806e-01 5.446509166078182806e-01 5.446509166078182806e-01
1.100000000000000000e+01 1.048487261723392905e+00 1.048487261723392905e+00 1.048487261723392905e+00 1.048487261723392905e+00
1.200000000000000000e+01 1.039472198205495745e+00 1.039472198205495745e+00 1.039472198205495745e+00 1.039472198205495745e+00
1.300000000000000000e+01 1.594650087882144129e+00 1.594650087882144129e+00 1.594650087882144129e+00 1.594650087882144129e+00
1.400000000000000000e+01 1.332068887184859163e+00 1.332068887184859163e+00 1.332068887184859163e+00 1.332068887184859163e+00
1.500000000000000000e+01 9.945672881117740838e-01 9.945672881117740838e-01 9.945672881117740838e-01 9.945672881117740838e-01
1.600000000000000000e+01 9.461699178699733981e-01 9.461699178699733981e-01 9.461699178699733981e-01 9.461699178699733981e-01
1.700000000000000000e+01 4.823164179116625760e+00 4.823164179116625760e+00 4.823164179116625760e+00 4.823164179116625760e+00
1.800000000000000000e+01 7.732289724531588027e-01 7.732289724531588027e-01 7.732289724531588027e-01 7.732289724531588027e-01
1.900000000000000000e+01 2.359374439803913759e-01 2.359374439803913759e-01 2.359374439803913759e-01 2.359374439803913759e-01
2.000000000000000000e+01 -2.883431445742667965e-01 -2.883431445742667965e-01 -2.883431445742667965e-01 -2.883431445742667965e-01
2.100000000000000000e+01 2.343087431962243006e+00 2.343087431962243006e+00 2.343087431962243006e+00 2.343087431962243006e+00
2.200000000000000000e+01 -8.084948478078418654e-01 -8.084948478078418654e-01 -8.084948478078418654e-01 -8.084948478078418654e-01
2.300000000000000000e+01 2.214835688823157955e+00 2.214835688823157955e+00 2.214835688823157955e+00 2.214835688823157955e+00
2.400000000000000000e+01 6.525342724610077028e-01 6.525342724610077028e-01 6.525342724610077028e-01 6.525342724610077028e-01
2.500000000000000000e+01 1.126367530109535275e+00 1.126367530109535275e+00 1.126367530109535275e+00 1.126367530109535275e+00
2.600000000000000000e+01 2.725231268128437634e+00 2.725231268128437634e+00 2.725231268128437634e+00 2.725231268128437634e+00
2.700000000000000000e+01 2.441894963495179649e+00 2.441894963495179649e+00 2.441894963495179649e+00 2.441894963495179649e+00
2.800000000000000000e+01 1.939226391581535758e+00 1.939226391581535758e+00 1.939226391581535758e+00 1.939226391581535758e+00
2.900000000000000000e+01 6.646236319543902482e+00 6.646236319543902482e+00 6.646236319543902482e+00 6.646236319543902482e+00
3.000000000000000000e+01 1.117390749017888263e+00 1.117390749017888263e+00 1.117390749017888263e+00 1.117390749017888263e+00
3.100000000000000000e+01 1.762194584760725657e+00 1.762194584760725657e+00 1.762194584760725657e+00 1.762194584760725657e+00
3.200000000000000000e+01 1.953319551221236017e+00 1.953319551221236017e+00 1.953319551221236017e+00 1.953319551221236017e+00
3.300000000000000000e+01 1.549571091915392218e+00 1.549571091915392218e+00 1.549571091915392218e+00 1.549571091915392218e+00
3.400000000000000000e+01 1.740439342687508217e+00 1.740439342687508217e+00 1.740439342687508217e+00 1.740439342687508217e+00
3.500000000000000000e+01 2.353202977949091945e+00 2.353202977949091945e+00 2.353202977949091945e+00 2.353202977949091945e+00
3.600000000000000000e+01 2.405245289849284429e+00 2.405245289849284429e+00 2.405245289849284429e+00 2.405245289849284429e+00
3.700000000000000000e+01 1.697080579687255897e+00 1.697080579687255897e+00 1.697080579687255897e+00 1.697080579687255897e+00
3.800000000000000000e+01 1.932286982967340361e+00 1.932286982967340361e+00 1.932286982967340361e+00 1.932286982967340361e+00
3.900000000000000000e+01 1.189655727167858279e+00 1.189655727167858279e+00 1.189655727167858279e+00 1.189655727167858279e+00
4.000000000000000000e+01 1.744539826165735219e+00 1.744539826165735219e+00 1.744539826165735219e+00 1.744539826165735219e+00
4.100000000000000000e+01 8.851245919188078792e-01 8.851245919188078792e-01 8.851245919188078792e-01 8.851245919188078792e-01
4.200000000000000000e+01 -1.869611118107599168e+00 -1.869611118107599168e+00 -1.869611118107599168e+00 -1.869611118107599168e+00
4.300000000000000000e+01 8.914202571559137755e-02 8.914202571559137755e-02 8.914202571559137755e-02 8.914202571559137755e-02
4.400000000000000000e+01 2.011569667119418092e+00 2.011569667119418092e+00 2.011569667119418092e+00 2.011569667119418092e+00
4.500000000000000000e+01 3.647046608695207137e+00 3.647046608695207137e+00 3.647046608695207137e+00 3.647046608695207137e+00
4.600000000000000000e+01 2.289766942789452031e+00 2.289766942789452031e+00 2.289766942789452031e+00 2.289766942789452031e+00
4.700000000000000000e+01 2.392386336862469598e+00 2.392386336862469598e+00 2.392386336862469598e+00 2.392386336862469598e+00
4.800000000000000000e+01 3.247972613017271470e+00 3.247972613017271470e+00 3.247972613017271470e+00 3.247972613017271470e+00
4.900000000000000000e+01 4.466459353002009358e+00 4.466459353002009358e+00 4.466459353002009358e+00 4.466459353002009358e+00
5.000000000000000000e+01 2.068127497113842139e+00 2.068127497113842139e+00 2.068127497113842139e+00 2.068127497113842139e+00
5.100000000000000000e+01 1.663869980456657238e+00 1.663869980456657238e+00 1.663869980456657238e+00 1.663869980456657238e+00
5.200000000000000000e+01 4.074662593674444722e+00 4.074662593674444722e+00 4.074662593674444722e+00 4.074662593674444722e+00
5.300000000000000000e+01 3.624660783733547831e+00 3.624660783733547831e+00 3.624660783733547831e+00 3.624660783733547831e+00
5.400000000000000000e+01 3.703499180096144983e+00 3.703499180096144983e+00 3.703499180096144983e+00 3.703499180096144983e+00
5.500000000000000000e+01 3.936271234063074331e+00 3.936271234063074331e+00 3.936271234063074331e+00 3.936271234063074331e+00
5.600000000000000000e+01 2.158329263798432152e+00 2.158329263798432152e+00 2.158329263798432152e+00 2.158329263798432152e+00
5.700000000000000000e+01 3.517346267143897087e+00 3.517346267143897087e+00 3.517346267143897087e+00 3.517346267143897087e+00
5.800000000000000000e+01 1.916533489408657476e-01 1.916533489408657476e-01 1.916533489408657476e-01 1.916533489408657476e-01
5.900000000000000000e+01 3.240342698170986857e+00 3.240342698170986857e+00 3.240342698170986857e+00 3.240342698170986857e+00
6.000000000000000000e+01 1.826498086073295779e+00 1.826498086073295779e+00 1.826498086073295779e+00 1.826498086073295779e+00
6.100000000000000000e+01 3.190316036277141443e+00 3.190316036277141443e+00 3.190316036277141443e+00 3.190316036277141443e+00
6.200000000000000000e+01 3.075483269291101163e+00 3.075483269291101163e+00 3.075483269291101163e+00 3.075483269291101163e+00
6.300000000000000000e+01 3.644496007436311302e+00 3.644496007436311302e+00 3.644496007436311302e+00 3.644496007436311302e+00
6.400000000000000000e+01 3.626518404740670221e+00 3.626518404740670221e+00 3.626518404740670221e+00 3.626518404740670221e+00
6.500000000000000000e+01 3.842948247821780239e+00 3.842948247821780239e+00 3.842948247821780239e+00 3.842948247821780239e+00
6.600000000000000000e+01 3.576628134018208005e+00 3.576628134018208005e+00 3.576628134018208005e+00 3.576628134018208005e+00
6.700000000000000000e+01 4.092584799005601681e+00 4.092584799005601681e+00 4.092584799005601681e+00 4.092584799005601681e+00
6.800000000000000000e+01 4.356969893282804485e+00 4.356969893282804485e+00 4.356969893282804485e+00 4.356969893282804485e+00
6.900000000000000000e+01 2.658611379720801970e+00 2.658611379720801970e+00 2.658611379720801970e+00 2.658611379720801970e+00
7.000000000000000000e+01 4.416882124064358983e+00 4.416882124064358983e+00 4.416882124064358983e+00 4.416882124064358983e+00
7.100000000000000000e+01 2.895997793381089203e+00 2.895997793381089203e+00 2.895997793381089203e+00 2.895997793381089203e+00
7.200000000000000000e+01 2.471599201513385413e+00 2.471599201513385413e+00 2.471599201513385413e+00 2.471599201513385413e+00
7.300000000000000000e+01 4.319021282607072187e+00 4.319021282607072187e+00 4.319021282607072187e+00 4.319021282607072187e+00
7.400000000000000000e+01 3.393728491703461803e+00 3.393728491703461803e+00 3.393728491703461803e+00 3.393728491703461803e+00
7.500000000000000000e+01 2.849030982426382419e+00 2.849030982426382419e+00 2.849030982426382419e+00 2.849030982426382419e+00
7.600000000000000000e+01 1.346217217525267573e+00 1.346217217525267573e+00 1.346217217525267573e+00 1.346217217525267573e+00
7.700000000000000000e+01 -2.712355429233737070e+00 -2.712355429233737070e+00 -2.712355429233737070e+00 -2.712355429233737070e+00
7.800000000000000000e+01 1.670097709653642903e+00 1.670097709653642903e+00 1.670097709653642903e+00 1.670097709653642903e+00
7.900000000000000000e+01 2.325152249735908061e+00 2.325152249735908061e+00 2.325152249735908061e+00 2.325152249735908061e+00
8.000000000000000000e+01 1.769007241629770633e+00 1.769007241629770633e+00 1.769007241629770633e+00 1.769007241629770633e+00
8.100000000000000000e+01 2.003981792114072569e+00 2.003981792114072569e+00 2.003981792114072569e+00 2.003981792114072569e+00
8.200000000000000000e+01 3.006252262203687131e+00 3.006252262203687131e+00 3.006252262203687131e+00 3.006252262203687131e+00
8.300000000000000000e+01 6.074545116281781176e+00 6.074545116281781176e+00 6.074545116281781176e+00 6.074545116281781176e+00
8.400000000000000000e+01 3.169450112513735096e+00 3.169450112513735096e+00 3.169450112513735096e+00 3.169450112513735096e+00
8.500000000000000000e+01 2.131538308540645410e+00 2.131538308540645410e+00 2.131538308540645410e+00 2.131538308540645410e+00
8.600000000000000000e+01 2.687608901509880521e+00 2.687608901509880521e+00 2.687608901509880521e+00 2.687608901509880521e+00
8.700000000000000000e+01 3.174546751285514112e+00 3.174546751285514112e+00 3.174546751285514112e+00 3.174546751285514112e+00
8.800000000000000000e+01 2.879265692996170412e+00 2.879265692996170412e+00 2.879265692996170412e+00 2.879265692996170412e+00
8.900000000000000000e+01 4.409767033827805882e+00 4.409767033827805882e+00 4.409767033827805882e+00 4.409767033827805882e+00
9.000000000000000000e+01 5.159083724442908192e+00 5.159083724442908192e+00 5.159083724442908192e+00 5.159083724442908192e+00
9.100000000000000000e+01 2.757170569766462354e+00 2.757170569766462354e+00 2.757170569766462354e+00 2.757170569766462354e+00
9.200000000000000000e+01 6.716546446876355603e+00 6.716546446876355603e+00 6.716546446876355603e+00 6.716546446876355603e+00
9.300000000000000000e+01 -4.005003779260704277e+00 -4.005003779260704277e+00 -4.005003779260704277e+00 -4.005003779260704277e+00
9.400000000000000000e+01 -3.139052090867809675e+00 -3.139052090867809675e+00 -3.139052090867809675e+00 -3.139052090867809675e+00
9.500000000000000000e+01 1.487917450008390263e+00 1.487917450008390263e+00 1.487917450008390263e+00 1.487917450008390263e+00
9.600000000000000000e+01 5.834859554899335388e-01 5.834859554899335388e-01 5.834859554899335388e-01 5.834859554899335388e-01
9.700000000000000000e+01 1.117550656103523776e+00 1.117550656103523776e+00 1.117550656103523776e+00 1.117550656103523776e+00
9.800000000000000000e+01 4.180085123313416418e+00 4.180085123313416418e+00 4.180085123313416418e+00 4.180085123313416418e+00
9.900000000000000000e+01 2.445391403268105179e+01 2.445391403268105179e+01 2.445391403268105179e+01 2.445391403268105179e+01
