0.000000000000000000e+00 -3.969865774080360010e-01 -3.969865774080360010e-01 -3.969865774080360010e-01 -3.969865774080360010e-01
1.000000000000000000e+00 -1.148989510189056151e+00 -1.148989510189056151e+00 -1.148989510189056151e+00 -1.148989510189056151e+00
2.000000000000000000e+00 -1.189286188083206630e+00 -1.189286188083206630e+00 -1.189286188083206630e+00 -1.189286188083206630e+00
3.000000000000000000e+00 -9.421519565254216078e-01 -9.421519565254216078e-01 -9.421519565254216078e-01 -9.421519565254216078e-01
4.000000000000000000e+00 -7.239047693953060136e-01 -7.239047693953060136e-01 -7.239047693953060136e-01 -7.239047693953060136e-01
5.000000000000000000e+00 -8.050216074932851074e-01 -8.050216074932851074e-01 -8.050216074932851074e-01 -8.050216074932851074e-01
6.000000000000000000e+00 -8.391025549281428964e-01 -8.391025549281428964e-01 -8.391025549281428964e-01 -8.391025549281428964e-01
7.000000000000000000e+00 -1.001997016090290016e+00 -1.001997016090290016e+00 -1.001997016090290016e+00 -1.001997016090290016e+00
8.000000000000000000e+00 -3.230546276731979249e-01 -3.230546276731979249e-01 -3.230546276731979249e-01 -3.230546276731979249e-01
9.000000000000000000e+00 -1.505700590679968753e+00 -1.505700590679968753e+00 -1.505700590679968753e+00 -1.505700590679968753e+00
1.000000000000000000e+01 -9.160788973361437826e-01 -9.160788973361437826e-01 -9.160788973361437826e-01 -9.160788973361437826e-01
1.100000000000000000e+01 -1.593996492680499200e-01 -1.593996492680499200e-01 -1.593996492680499200e-01 -1.593996492680499200e-01
1.200000000000000000e+01 -5.129824696091448422e-01 -5.129824696091448422e-01 -5.129824696091448422e-01 -5.129824696091448422e-01
1.300000000000000000e+01 -4.913458983060726704e-01 -4.913458983060726704e-01 -4.913458983060726704e-01 -4.913458983060726704e-01
1.400000000000000000e+01 -6.235523055740549436e-01 -6.235523055740549436e-01 -6.235523055740549436e-01 -6.235523055740549436e-01
1.500000000000000000e+01 -1.512862766505469192e-01 -1.512862766505469192e-01 -1.512862766505469192e-01 -1.512862766505469192e-01
1.600000000000000000e+01 -1.185249831483764643e-01 -1.185249831483764643e-01 -1.185249831483764643e-01 -1.185249831483764643e-01
1.700000000000000000e+01 8.644318067615185119e-02 8.644318067615185119e-02 8.644318067615185119e-02 8.644318067615185119e-02
1.800000000000000000e+01 -4.647168909212327503e-01 -4.647168909212327503e-01 -4.647168909212327503e-01 -4.647168909212327503e-01
1.900000000000000000e+01 -3.405750308927493197e-01 -3.405750308927493197e-01 -3.405750308927493197e-01 -3.405750308927493197e-01
2.000000000000000000e+01 -7.382808053159721495e-02 -7.382808053159721495e-02 -7.382808053159721495e-02 -7.382808053159721495e-02
2.100000000000000000e+01 2.783225563845063144e-01 2.783225563845063144e-01 2.783225563845063144e-01 2.783225563845063144e-01
2.200000000000000000e+01 -3.446737351672107263e-01 -3.446737351672107263e-01 -3.446737351672107263e-01 -3.446737351672107263e-01
2.300000000000000000e+01 3.553240211333421050e-01 3.553240211333421050e-01 3.553240211333421050e-01 3.553240211333421050e-01
2.400000000000000000e+01 5.288407823293971299e-01 5.288407823293971299e-01 5.288407823293971299e-01 5.288407823293971299e-01
2.500000000000000000e+01 -3.845637844348614998e-01 -3.845637844348614998e-01 -3.845637844348614998e-01 -3.845637844348614998e-01
2.600000000000000000e+01 1.697908100974957757e-01 1.697908100974957757e-01 1.697908100974957757e-01 1.697908100974957757e-01
2.700000000000000000e+01 2.947575174687321331e-01 2.947575174687321331e-01 2.947575174687321331e-01 2.947575174687321331e-01
2.800000000000000000e+01 -1.642016258595321854e-01 -1.642016258595321854e-01 -1.642016258595321854e-01 -1.642016258595321854e-01
2.900000000000000000e+01 2.293899877441157309e-01 2.293899877441157309e-01 2.293899877441157309e-01 2.293899877441157309e-01
3.000000000000000000e+01 -2.431802050950530036e-01 -2.431802050950530036e-01 -2.431802050950530036e-01 -2.431802050950530036e-01
3.100000000000000000e+01 8.317921872314207321e-02 8.317921872314207321e-02 8.317921872314207321e-02 8.317921872314207321e-02
3.200000000000000000e+01 -2.939162787367432042e-02 -2.939162787367432042e-02 -2.939162787367432042e-02 -2.939162787367432042e-02
3.300000000000000000e+01 -4.097280556661939688e-01 -4.097280556661939688e-01 -4.097280556661939688e-01 -4.097280556661939688e-01
3.400000000000000000e+01 -3.847889721388375039e-01 -3.847889721388375039e-01 -3.847889721388375039e-01 -3.847889721388375039e-01
3.500000000000000000e+01 2.001412869396707317e-01 2.001412869396707317e-01 2.001412869396707317e-01 2.001412869396707317e-01
3.600000000000000000e+01 -2.388837337621285140e-01 -2.388837337621285140e-01 -2.388837337621285140e-01 -2.388837337621285140e-01
3.700000000000000000e+01 -1.557353024349306114e-01 -1.557353024349306114e-01 -1.557353024349306114e-01 -1.557353024349306114e-01
3.800000000000000000e+01 -1.292817625309483354e-01 -1.292817625309483354e-01 -1.292817625309483354e-01 -1.292817625309483354e-01
3.900000000000000000e+01 -2.957019208784611441e-01 -2.957019208784611441e-01 -2.957019208784611441e-01 -2.957019208784611441e-01
4.000000000000000000e+01 4.405288047514573091e-02 4.405288047514573091e-02 4.405288047514573091e-02 4.405288047514573091e-02
4.100000000000000000e+01 1.568750637810642501e-01 1.568750637810642501e-01 1.568750637810642501e-01 1.568750637810642501e-01
4.200000000000000000e+01 -4.559497028225142912e-01 -4.559497028225142912e-01 -4.559497028225142912e-01 -4.559497028225142912e-01
4.300000000000000000e+01 1.684506077848562100e-01 1.684506077848562100e-01 1.684506077848562100e-01 1.684506077848562100e-01
4.400000000000000000e+01 -4.421169627382474099e-01 -4.421169627382474099e-01 -4.421169627382474099e-01 -4.421169627382474099e-01
4.500000000000000000e+01 -2.023236990855622253e+00 -2.023236990855622253e+00 -2.023236990855622253e+00 -2.023236990855622253e+00
4.600000000000000000e+01 -2.098236262182716416e+00 -2.098236262182716416e+00 -2.098236262182716416e+00 -2.098236262182716416e+00
4.700000000000000000e+01 -1.423553333631244699e+00 -1.423553333631244699e+00 -1.423553333631244699e+00 -1.423553333631244699e+00
4.800000000000000000e+01 -2.363055526955649910e+00 -2.363055526955649910e+00 -2.363055526955649910e+00 -2.363055526955649910e+00
4.900000000000000000e+01 -8.114267450803930304e-01 -8.114267450803930304e-01 -8.114267450803930304e-01 -8.114267450803930304e-01
5.000000000000000000e+01 -4.834838663365180200e-01 -4.834838663365180200e-01 -4.834838663365180200e-01 -4.834838663365180200e-01
5.100000000000000000e+01 -6.687687295087829664e-01 -6.687687295087829664e-01 -6.687687295087829664e-01 -6.687687295087829664e-01
5.200000000000000000e+01 -9.184780860147947479e-01 -9.184780860147947479e-01 -9.184780860147947479e-01 -9.184780860147947479e-01
5.300000000000000000e+01 6.222194810915048224e-01 6.222194810915048224e-01 6.222194810915048224e-01 6.222194810915048224e-01
5.400000000000000000e+01 1.290787186081146398e+00 1.290787186081146398e+00 1.290787186081146398e+00 1.290787186081146398e+00
5.500000000000000000e+01 -2.142006085403906634e-02 -2.142006085403906634e-02 -2.142006085403906634e-02 -2.142006085403906634e-02
5.600000000000000000e+01 2.787056087450362485e-01 2.787056087450362485e-01 2.787056087450362485e-01 2.787056087450362485e-01
5.700000000000000000e+01 -9.993122467819719468e-01 -9.993122467819719468e-01 -9.993122467819719468e-01 -9.993122467819719468e-01
5.800000000000000000e+01 -1.500644173735563358e+00 -1.500644173735563358e+00 -1.500644173735563358e+00 -1.500644173735563358e+00
5.900000000000000000e+01 -2.335455919509863421e+00 -2.335455919509863421e+00 -2.335455919509863421e+00 -2.335455919509863421e+00
6.000000000000000000e+01 -1.644242655853477508e+00 -1.644242655853477508e+00 -1.644242655853477508e+00 -1.644242655853477508e+00
6.100000000000000000e+01 -1.269961704460982554e+00 -1.269961704460982554e+00 -1.269961704460982554e+00 -1.269961704460982554e+00
6.200000000000000000e+01 -3.469593797684739633e-01 -3.469593797684739633e-01 -3.469593797684739633e-01 -3.469593797684739633e-01
6.300000000000000000e+01 -3.419319696580109813e-01 -3.419319696580109813e-01 -3.419319696580109813e-01 -3.419319696580109813e-01
6.400000000000000000e+01 -1.287885386197684223e+00 -1.287885386197684223e+00 -1.287885386197684223e+00 -1.287885386197684223e+00
6.500000000000000000e+01 1.559323902886957935e-01 1.559323902886957935e-01 1.559323902886957935e-01 1.559323902886957935e-01
6.600000000000000000e+01 -7.935447107356978502e-02 -7.935447107356978502e-02 -7.935447107356978502e-02 -7.935447107356978502e-02
6.700000000000000000e+01 1.136082731248816702e-01 1.136082731248816702e-01 1.136082731248816702e-01 1.136082731248816702e-01
6.800000000000000000e+01 -6.140044432750491055e-02 -6.140044432750491055e-02 -6.140044432750491055e-02 -6.140044432750491055e-02
6.900000000000000000e+01 3.301276395988442802e-01 3.301276395988442802e-01 3.301276395988442802e-01 3.301276395988442802e-01
7.000000000000000000e+01 8.369665071583172189e-01 8.369665071583172189e-01 8.369665071583172189e-01 8.369665071583172189e-01
7.100000000000000000e+01 9.518827988070013846e-02 9.518827988070013846e-02 9.518827988070013846e-02 9.518827988070013846e-02
7.200000000000000000e+01 -1.130503145877825188e+00 -1.130503145877825188e+00 -1.130503145877825188e+00 -1.130503145877825188e+00
7.300000000000000000e+01 -1.948695868260886810e+00 -1.948695868260886810e+00 -1.948695868260886810e+00 -1.948695868260886810e+00
7.400000000000000000e+01 -1.629434051052416788e+00 -1.629434051052416788e+00 -1.629434051052416788e+00 -1.629434051052416788e+00
7.500000000000000000e+01 -1.381923727872559571e+00 -1.381923727872559571e+00 -1.381923727872559571e+00 -1.381923727872559571e+00
7.600000000000000000e+01 -1.469965150810136123e+00 -1.469965150810136123e+00 -1.469965150810136123e+00 -1.469965150810136123e+00
7.700000000000000000e+01 -1.225365819600937378e+00 -1.225365819600937378e+00 -1.225365819600937378e+00 -1.225365819600937378e+00
7.800000000000000000e+01 -4.306464182599972768e-01 -4.306464182599972768e-01 -4.306464182599972768e-01 -4.306464182599972768e-01
7.900000000000000000e+01 -2.099502795069575212e-01 -2.099502795069575212e-01 -2.099502795069575212e-01 -2.099502795069575212e-01
8.000000000000000000e+01 1.946771418715892085e-02 1.946771418715892085e-02 1.946771418715892085e-02 1.946771418715892085e-02
8.100000000000000000e+01 -2.205200655276584876e-01 -2.205200655276584876e-01 -2.205200655276584876e-01 -2.205200655276584876e-01
8.200000000000000000e+01 8.071815993066880912e-01 8.071815993066880912e-01 8.071815993066880912e-01 8.071815993066880912e-01
8.300000000000000000e+01 -2.279598009935802638e-01 -2.279598009935802638e-01 -2.279598009935802638e-01 -2.279598009935802638e-01
8.400000000000000000e+01 1.109323629999589694e-01 1.109323629999589694e-01 1.109323629999589694e-01 1.109323629999589694e-01
8.500000000000000000e+01 -4.418398544457504684e-01 -4.418398544457504684e-01 -4.418398544457504684e-01 -4.418398544457504684e-01
8.600000000000000000e+01 -2.023156907045650321e+00 -2.023156907045650321e+00 -2.023156907045650321e+00 -2.023156907045650321e+00
8.700000000000000000e+01 -1.319305811085003111e+00 -1.319305811085003111e+00 -1.319305811085003111e+00 -1.319305811085003111e+00
8.800000000000000000e+01 -1.406365015454277057e+00 -1.406365015454277057e+00 -1.406365015454277057e+00 -1.406365015454277057e+00
8.900000000000000000e+01 -6.321500064605054536e-01 -6.321500064605054536e-01 -6.321500064605054536e-01 -6.321500064605054536e-01
9.000000000000000000e+01 -3.443828782948005207e-01 -3.443828782948005207e-01 -3.443828782948005207e-01 -3.443828782948005207e-01
9.100000000000000000e+01 -3.171227961077622837e-01 -3.171227961077622837e-01 -3.171227961077622837e-01 -3.171227961077622837e-01
9.200000000000000000e+01 -4.488636113729674304e-01 -4.488636113729674304e-01 -4.488636113729674304e-01 -4.488636113729674304e-01
9.300000000000000000e+01 -2.541292343710943036e-01 -2.541292343710943036e-01 -2.541292343710943036e-01 -2.541292343710943036e-01
9.400000000000000000e+01 9.126209186518018379e-01 9.126209186518018379e-01 9.126209186518018379e-01 9.126209186518018379e-01
9.500000000000000000e+01 -4.319228247353141398e-02 -4.319228247353141398e-02 -4.319228247353141398e-02 -4.319228247353141398e-02
9.600000000000000000e+01 4.415326995619810180e-02 4.415326995619810180e-02 4.415326995619810180e-02 4.415326995619810180e-02
9.700000000000000000e+01 5.903907874173182080e-01 5.903907874173182080e-01 5.903907874173182080e-01 5.903907874173182080e-01
9.800000000000000000e+01 4.381148940414550386e-01 4.381148940414550386e-01 4.381148940414550386e-01 4.381148940414550386e-01
