0.000000000000000000e+00 -2.608368358339181459e+00 -2.608368358339181459e+00 -2.608368358339181459e+00 -2.608368358339181459e+00
1.000000000000000000e+00 -2.483738306791990258e+00 -2.483738306791990258e+00 -2.483738306791990258e+00 -2.483738306791990258e+00
2.000000000000000000e+00 -2.194993329176844643e+00 -2.194993329176844643e+00 -2.194993329176844643e+00 -2.194993329176844643e+00
3.000000000000000000e+00 -1.870225518291279254e+00 -1.870225518291279254e+00 -1.870225518291279254e+00 -1.870225518291279254e+00
4.000000000000000000e+00 -1.734380249315432554e+00 -1.734380249315432554e+00 -1.734380249315432554e+00 -1.734380249315432554e+00
5.000000000000000000e+00 -1.381869634464235386e+00 -1.381869634464235386e+00 -1.381869634464235386e+00 -1.381869634464235386e+00
6.000000000000000000e+00 -1.325983813862752436e+00 -1.325983813862752436e+00 -1.325983813862752436e+00 -1.325983813862752436e+00
7.000000000000000000e+00 -1.157714949728410714e+00 -1.157714949728410714e+00 -1.157714949728410714e+00 -1.157714949728410714e+00
8.000000000000000000e+00 -8.666511297523203927e-01 -8.666511297523203927e-01 -8.666511297523203927e-01 -8.666511297523203927e-01
9.000000000000000000e+00 -8.190081342324120328e-01 -8.190081342324120328e-01 -8.190081342324120328e-01 -8.190081342324120328e-01
1.000000000000000000e+01 -5.606598243703915241e-01 -5.606598243703915241e-01 -5.606598243703915241e-01 -5.606598243703915241e-01
1.100000000000000000e+01 -6.001138694079318769e-01 -6.001138694079318769e-01 -6.001138694079318769e-01 -6.001138694079318769e-01
1.200000000000000000e+01 -5.171587002709435721e-01 -5.171587002709435721e-01 -5.171587002709435721e-01 -5.171587002709435721e-01
1.300000000000000000e+01 -3.334130470292368531e-01 -3.334130470292368531e-01 -3.334130470292368531e-01 -3.334130470292368531e-01
1.400000000000000000e+01 -4.654017536676030575e-01 -4.654017536676030575e-01 -4.654017536676030575e-01 -4.654017536676030575e-01
1.500000000000000000e+01 -5.319375185055612576e-01 -5.319375185055612576e-01 -5.319375185055612576e-01 -5.319375185055612576e-01
1.600000000000000000e+01 -1.156917693360911270e-01 -1.156917693360911270e-01 -1.156917693360911270e-01 -1.156917693360911270e-01
1.700000000000000000e+01 -3.027527772729974309e-01 -3.027527772729974309e-01 -3.027527772729974309e-01 -3.027527772729974309e-01
1.800000000000000000e+01 -1.516308868992396475e-01 -1.516308868992396475e-01 -1.516308868992396475e-01 -1.516308868992396475e-01
1.900000000000000000e+01 -1.049534250398449602e-02 -1.049534250398449602e-02 -1.049534250398449602e-02 -1.049534250398449602e-02
2.000000000000000000e+01 -3.234636564031684869e-01 -3.234636564031684869e-01 -3.234636564031684869e-01 -3.234636564031684869e-01
2.100000000000000000e+01 -2.099534607771334216e-01 -2.099534607771334216e-01 -2.099534607771334216e-01 -2.099534607771334216e-01
2.200000000000000000e+01 -2.023148548681117861e-02 -2.023148548681117861e-02 -2.023148548681117861e-02 -2.023148548681117861e-02
2.300000000000000000e+01 -2.539507651361921359e-01 -2.539507651361921359e-01 -2.539507651361921359e-01 -2.539507651361921359e-01
2.400000000000000000e+01 -3.730253600247296353e-02 -3.730253600247296353e-02 -3.730253600247296353e-02 -3.730253600247296353e-02
2.500000000000000000e+01 -2.169894256159629609e-01 -2.169894256159629609e-01 -2.169894256159629609e-01 -2.169894256159629609e-01
2.600000000000000000e+01 -8.663044677168731111e-02 -8.663044677168731111e-02 -8.663044677168731111e-02 -8.663044677168731111e-02
2.700000000000000000e+01 1.363998985208152159e-01 1.363998985208152159e-01 1.363998985208152159e-01 1.363998985208152159e-01
2.800000000000000000e+01 -4.356259696820158345e-03 -4.356259696820158345e-03 -4.356259696820158345e-03 -4.356259696820158345e-03
2.900000000000000000e+01 3.070274867059267221e-01 3.070274867059267221e-01 3.070274867059267221e-01 3.070274867059267221e-01
3.000000000000000000e+01 2.890929535458813815e-01 2.890929535458813815e-01 2.890929535458813815e-01 2.890929535458813815e-01
3.100000000000000000e+01 3.960577413733456509e-01 3.960577413733456509e-01 3.960577413733456509e-01 3.960577413733456509e-01
3.200000000000000000e+01 4.480436106450262912e-01 4.480436106450262912e-01 4.480436106450262912e-01 4.480436106450262912e-01
3.300000000000000000e+01 5.888225774137400004e-01 5.888225774137400004e-01 5.888225774137400004e-01 5.888225774137400004e-01
3.400000000000000000e+01 3.853145427020547298e-01 3.853145427020547298e-01 3.853145427020547298e-01 3.853145427020547298e-01
3.500000000000000000e+01 4.964772911173949144e-01 4.964772911173949144e-01 4.964772911173949144e-01 4.964772911173949144e-01
3.600000000000000000e+01 6.450118572392310456e-01 6.450118572392310456e-01 6.450118572392310456e-01 6.450118572392310456e-01
3.700000000000000000e+01 7.059184294572994345e-01 7.059184294572994345e-01 7.059184294572994345e-01 7.059184294572994345e-01
3.800000000000000000e+01 4.518525390158825150e-01 4.518525390158825150e-01 4.518525390158825150e-01 4.518525390158825150e-01
3.900000000000000000e+01 5.773367681288087416e-01 5.773367681288087416e-01 5.773367681288087416e-01 5.773367681288087416e-01
4.000000000000000000e+01 -5.535198392015310276e-01 -5.535198392015310276e-01 -5.535198392015310276e-01 -5.535198392015310276e-01
4.100000000000000000e+01 6.865339750336263425e-01 6.865339750336263425e-01 6.865339750336263425e-01 6.865339750336263425e-01
4.200000000000000000e+01 9.279150829235540687e-01 9.279150829235540687e-01 9.279150829235540687e-01 9.279150829235540687e-01
4.300000000000000000e+01 3.425279416806692456e-01 3.425279416806692456e-01 3.425279416806692456e-01 3.425279416806692456e-01
4.400000000000000000e+01 2.609175762266178755e-01 2.609175762266178755e-01 2.609175762266178755e-01 2.609175762266178755e-01
4.500000000000000000e+01 2.714239621546983838e-01 2.714239621546983838e-01 2.714239621546983838e-01 2.714239621546983838e-01
4.600000000000000000e+01 3.683919768636457759e-01 3.683919768636457759e-01 3.683919768636457759e-01 3.683919768636457759e-01
4.700000000000000000e+01 5.569495993943119894e-01 5.569495993943119894e-01 5.569495993943119894e-01 5.569495993943119894e-01
4.800000000000000000e+01 3.543432358152924788e-01 3.543432358152924788e-01 3.543432358152924788e-01 3.543432358152924788e-01
4.900000000000000000e+01 7.215008972267296095e-01 7.215008972267296095e-01 7.215008972267296095e-01 7.215008972267296095e-01
5.000000000000000000e+01 6.999246615658357706e-01 6.999246615658357706e-01 6.999246615658357706e-01 6.999246615658357706e-01
5.100000000000000000e+01 7.592589006207796087e-01 7.592589006207796087e-01 7.592589006207796087e-01 7.592589006207796087e-01
5.200000000000000000e+01 7.921360739619965896e-01 7.921360739619965896e-01 7.921360739619965896e-01 7.921360739619965896e-01
5.300000000000000000e+01 2.859822444503949401e-01 2.859822444503949401e-01 2.859822444503949401e-01 2.859822444503949401e-01
5.400000000000000000e+01 5.681657524900203260e-01 5.681657524900203260e-01 5.681657524900203260e-01 5.681657524900203260e-01
5.500000000000000000e+01 1.704974221920408262e+00 1.704974221920408262e+00 1.704974221920408262e+00 1.704974221920408262e+00
5.600000000000000000e+01 1.274616477296042216e+00 1.274616477296042216e+00 1.274616477296042216e+00 1.274616477296042216e+00
5.700000000000000000e+01 1.115836417026683458e+00 1.115836417026683458e+00 1.115836417026683458e+00 1.115836417026683458e+00
5.800000000000000000e+01 8.205235722261117193e-01 8.205235722261117193e-01 8.205235722261117193e-01 8.205235722261117193e-01
5.900000000000000000e+01 -8.196205157952978215e-01 -8.196205157952978215e-01 -8.196205157952978215e-01 -8.196205157952978215e-01
6.000000000000000000e+01 7.901744593142759898e-01 7.901744593142759898e-01 7.901744593142759898e-01 7.901744593142759898e-01
6.100000000000000000e+01 2.497981222420745606e+00 2.497981222420745606e+00 2.497981222420745606e+00 2.497981222420745606e+00
6.200000000000000000e+01 8.422843150556380554e-01 8.422843150556380554e-01 8.422843150556380554e-01 8.422843150556380554e-01
6.300000000000000000e+01 4.126532936293265119e-01 4.126532936293265119e-01 4.126532936293265119e-01 4.126532936293265119e-01
6.400000000000000000e+01 1.027105944108806929e-01 1.027105944108806929e-01 1.027105944108806929e-01 1.027105944108806929e-01
6.500000000000000000e+01 1.283260435517079578e+00 1.283260435517079578e+00 1.283260435517079578e+00 1.283260435517079578e+00
6.600000000000000000e+01 1.093058017246393510e+00 1.093058017246393510e+00 1.093058017246393510e+00 1.093058017246393510e+00
6.700000000000000000e+01 7.106958893720181081e-01 7.106958893720181081e-01 7.106958893720181081e-01 7.106958893720181081e-01
6.800000000000000000e+01 7.170323259438246000e-01 7.170323259438246000e-01 7.170323259438246000e-01 7.170323259438246000e-01
6.900000000000000000e+01 7.879731484789433971e-01 7.879731484789433971e-01 7.879731484789433971e-01 7.879731484789433971e-01
7.000000000000000000e+01 5.158530227220650133e-01 5.158530227220650133e-01 5.158530227220650133e-01 5.158530227220650133e-01
7.100000000000000000e+01 8.084121618767020623e-01 8.084121618767020623e-01 8.084121618767020623e-01 8.084121618767020623e-01
7.200000000000000000e+01 8.493843905199999211e-01 8.493843905199999211e-01 8.493843905199999211e-01 8.493843905199999211e-01
7.300000000000000000e+01 4.352349422569240511e-01 4.352349422569240511e-01 4.352349422569240511e-01 4.352349422569240511e-01
7.400000000000000000e+01 9.223720452865720176e-01 9.223720452865720176e-01 9.223720452865720176e-01 9.223720452865720176e-01
7.500000000000000000e+01 1.153983306736053649e+00 1.153983306736053649e+00 1.153983306736053649e+00 1.153983306736053649e+00
7.600000000000000000e+01 9.326329276695980441e-01 9.326329276695980441e-01 9.326329276695980441e-01 9.326329276695980441e-01
7.700000000000000000e+01 6.475164593042687100e-01 6.475164593042687100e-01 6.475164593042687100e-01 6.475164593042687100e-01
7.800000000000000000e+01 3.869300643325733757e-01 3.869300643325733757e-01 3.869300643325733757e-01 3.869300643325733757e-01
7.900000000000000000e+01 8.732448977351805475e-01 8.732448977351805475e-01 8.732448977351805475e-01 8.732448977351805475e-01
8.000000000000000000e+01 2.274225504903613082e+00 2.274225504903613082e+00 2.274225504903613082e+00 2.274225504903613082e+00
8.100000000000000000e+01 1.384676633294386949e+00 1.384676633294386949e+00 1.384676633294386949e+00 1.384676633294386949e+00
8.200000000000000000e+01 1.099677722500778998e+00 1.099677722500778998e+00 1.099677722500778998e+00 1.099677722500778998e+00
8.300000000000000000e+01 6.909122258396234173e-01 6.909122258396234173e-01 6.909122258396234173e-01 6.909122258396234173e-01
8.400000000000000000e+01 1.065923135691090540e+00 1.065923135691090540e+00 1.065923135691090540e+00 1.065923135691090540e+00
8.500000000000000000e+01 1.599795238064555924e+00 1.599795238064555924e+00 1.599795238064555924e+00 1.599795238064555924e+00
8.600000000000000000e+01 1.303677008014101135e+00 1.303677008014101135e+00 1.303677008014101135e+00 1.303677008014101135e+00
8.700000000000000000e+01 1.096422141078601475e+00 1.096422141078601475e+00 1.096422141078601475e+00 1.096422141078601475e+00
8.800000000000000000e+01 1.002257611030764828e+00 1.002257611030764828e+00 1.002257611030764828e+00 1.002257611030764828e+00
8.900000000000000000e+01 9.211854664137014703e-01 9.211854664137014703e-01 9.211854664137014703e-01 9.211854664137014703e-01
9.000000000000000000e+01 9.451306722328610688e-01 9.451306722328610688e-01 9.451306722328610688e-01 9.451306722328610688e-01
9.100000000000000000e+01 1.139447417962309528e+00 1.139447417962309528e+00 1.139447417962309528e+00 1.139447417962309528e+00
9.200000000000000000e+01 8.986359792085235609e-01 8.986359792085235609e-01 8.986359792085235609e-01 8.986359792085235609e-01
9.300000000000000000e+01 8.248049304975150209e-01 8.248049304975150209e-01 8.248049304975150209e-01 8.248049304975150209e-01
9.400000000000000000e+01 1.268982429655201249e+00 1.268982429655201249e+00 1.268982429655201249e+00 1.268982429655201249e+00
9.500000000000000000e+01 1.144432112049171169e+00 1.144432112049171169e+00 1.144432112049171169e+00 1.144432112049171169e+00
9.600000000000000000e+01 8.501789553895943152e-01 8.501789553895943152e-01 8.501789553895943152e-01 8.501789553895943152e-01
9.700000000000000000e+01 7.927877804728253874e-01 7.927877804728253874e-01 7.927877804728253874e-01 7.927877804728253874e-01
9.800000000000000000e+01 1.047424287984182634e+00 1.047424287984182634e+00 1.047424287984182634e+00 1.047424287984182634e+00
