0.000000000000000000e+00 -1.165236584903519113e+00 -1.165236584903519113e+00 -1.165236584903519113e+00 -1.165236584903519113e+00
1.000000000000000000e+00 -1.013743872120533629e+00 -1.013743872120533629e+00 -1.013743872120533629e+00 -1.013743872120533629e+00
2.000000000000000000e+00 -7.051198032763834611e-01 -7.051198032763834611e-01 -7.051198032763834611e-01 -7.051198032763834611e-01
3.000000000000000000e+00 -1.525653955652161553e+00 -1.525653955652161553e+00 -1.525653955652161553e+00 -1.525653955652161553e+00
4.000000000000000000e+00 -5.674801069870281101e-01 -5.674801069870281101e-01 -5.674801069870281101e-01 -5.674801069870281101e-01
5.000000000000000000e+00 -8.801272290244687158e-01 -8.801272290244687158e-01 -8.801272290244687158e-01 -8.801272290244687158e-01
6.000000000000000000e+00 -3.414747246371502287e-01 -3.414747246371502287e-01 -3.414747246371502287e-01 -3.414747246371502287e-01
7.000000000000000000e+00 -2.756339818072720549e-01 -2.756339818072720549e-01 -2.756339818072720549e-01 -2.756339818072720549e-01
8.000000000000000000e+00 -7.564761143404367116e-01 -7.564761143404367116e-01 -7.564761143404367116e-01 -7.564761143404367116e-01
9.000000000000000000e+00 -2.327471731767671026e-01 -2.327471731767671026e-01 -2.327471731767671026e-01 -2.327471731767671026e-01
1.000000000000000000e+01 -7.149644324717268073e-01 -7.149644324717268073e-01 -7.149644324717268073e-01 -7.149644324717268073e-01
1.100000000000000000e+01 -1.714629369383788640e-02 -1.714629369383788640e-02 -1.714629369383788640e-02 -1.714629369383788640e-02
1.200000000000000000e+01 -5.465857760801360321e-01 -5.465857760801360321e-01 -5.465857760801360321e-01 -5.465857760801360321e-01
1.300000000000000000e+01 7.140237678436042734e-02 7.140237678436042734e-02 7.140237678436042734e-02 7.140237678436042734e-02
1.400000000000000000e+01 -1.152493328546555229e-01 -1.152493328546555229e-01 -1.152493328546555229e-01 -1.152493328546555229e-01
1.500000000000000000e+01 -2.464978518591474932e-01 -2.464978518591474932e-01 -2.464978518591474932e-01 -2.464978518591474932e-01
1.600000000000000000e+01 1.121380989077262330e-01 1.121380989077262330e-01 1.121380989077262330e-01 1.121380989077262330e-01
1.700000000000000000e+01 -9.208602018499907615e-02 -9.208602018499907615e-02 -9.208602018499907615e-02 -9.208602018499907615e-02
1.800000000000000000e+01 -1.078832978633357392e-01 -1.078832978633357392e-01 -1.078832978633357392e-01 -1.078832978633357392e-01
1.900000000000000000e+01 2.213275255084045101e-01 2.213275255084045101e-01 2.213275255084045101e-01 2.213275255084045101e-01
2.000000000000000000e+01 1.477896787750221722e-02 1.477896787750221722e-02 1.477896787750221722e-02 1.477896787750221722e-02
2.100000000000000000e+01 5.320726153737540542e-01 5.320726153737540542e-01 5.320726153737540542e-01 5.320726153737540542e-01
2.200000000000000000e+01 -2.100172548383142657e-01 -2.100172548383142657e-01 -2.100172548383142657e-01 -2.100172548383142657e-01
2.300000000000000000e+01 2.661962499685542882e-01 2.661962499685542882e-01 2.661962499685542882e-01 2.661962499685542882e-01
2.400000000000000000e+01 2.461482194441415028e-01 2.461482194441415028e-01 2.461482194441415028e-01 2.461482194441415028e-01
2.500000000000000000e+01 9.520840278799232170e-02 9.520840278799232170e-02 9.520840278799232170e-02 9.520840278799232170e-02
2.600000000000000000e+01 7.077112744579354686e-01 7.077112744579354686e-01 7.077112744579354686e-01 7.077112744579354686e-01
2.700000000000000000e+01 2.216530717528945593e-01 2.216530717528945593e-01 2.216530717528945593e-01 2.216530717528945593e-01
2.800000000000000000e+01 3.111323673120447442e-01 3.111323673120447442e-01 3.111323673120447442e-01 3.111323673120447442e-01
2.900000000000000000e+01 4.469578290962046285e-01 4.469578290962046285e-01 4.469578290962046285e-01 4.469578290962046285e-01
3.000000000000000000e+01 2.382896456267895868e-01 2.382896456267895868e-01 2.382896456267895868e-01 2.382896456267895868e-01
3.100000000000000000e+01 5.123272521818356129e-01 5.123272521818356129e-01 5.123272521818356129e-01 5.123272521818356129e-01
3.200000000000000000e+01 4.091015304577189093e-01 4.091015304577189093e-01 4.091015304577189093e-01 4.091015304577189093e-01
3.300000000000000000e+01 4.497993370696336535e-01 4.497993370696336535e-01 4.497993370696336535e-01 4.497993370696336535e-01
3.400000000000000000e+01 4.113722709451818060e-01 4.113722709451818060e-01 4.113722709451818060e-01 4.113722709451818060e-01
3.500000000000000000e+01 9.195175373482141756e-01 9.195175373482141756e-01 9.195175373482141756e-01 9.195175373482141756e-01
3.600000000000000000e+01 2.842474332585129271e-01 2.842474332585129271e-01 2.842474332585129271e-01 2.842474332585129271e-01
3.700000000000000000e+01 5.944731871204452789e-01 5.944731871204452789e-01 5.944731871204452789e-01 5.944731871204452789e-01
3.800000000000000000e+01 4.375598711159192633e-01 4.375598711159192633e-01 4.375598711159192633e-01 4.375598711159192633e-01
3.900000000000000000e+01 7.225204096859620950e-01 7.225204096859620950e-01 7.225204096859620950e-01 7.225204096859620950e-01
4.000000000000000000e+01 5.098433473616440503e-01 5.098433473616440503e-01 5.098433473616440503e-01 5.098433473616440503e-01
4.100000000000000000e+01 5.732668863806880122e-01 5.732668863806880122e-01 5.732668863806880122e-01 5.732668863806880122e-01
4.200000000000000000e+01 5.799738220629472307e-01 5.799738220629472307e-01 5.799738220629472307e-01 5.799738220629472307e-01
4.300000000000000000e+01 8.408302313934659100e-01 8.408302313934659100e-01 8.408302313934659100e-01 8.408302313934659100e-01
4.400000000000000000e+01 1.144678779038476479e+00 1.144678779038476479e+00 1.144678779038476479e+00 1.144678779038476479e+00
4.500000000000000000e+01 1.097323284063372872e+00 1.097323284063372872e+00 1.097323284063372872e+00 1.097323284063372872e+00
4.600000000000000000e+01 1.272628326902505824e+00 1.272628326902505824e+00 1.272628326902505824e+00 1.272628326902505824e+00
4.700000000000000000e+01 7.672792385817998051e-01 7.672792385817998051e-01 7.672792385817998051e-01 7.672792385817998051e-01
4.800000000000000000e+01 1.278451000106721747e+00 1.278451000106721747e+00 1.278451000106721747e+00 1.278451000106721747e+00
4.900000000000000000e+01 9.086376353753009560e-01 9.086376353753009560e-01 9.086376353753009560e-01 9.086376353753009560e-01
5.000000000000000000e+01 1.203533606658455213e+00 1.203533606658455213e+00 1.203533606658455213e+00 1.203533606658455213e+00
5.100000000000000000e+01 8.918243941229191396e-01 8.918243941229191396e-01 8.918243941229191396e-01 8.918243941229191396e-01
5.200000000000000000e+01 1.158735525935538968e+00 1.158735525935538968e+00 1.158735525935538968e+00 1.158735525935538968e+00
5.300000000000000000e+01 3.007257749704477234e-01 3.007257749704477234e-01 3.007257749704477234e-01 3.007257749704477234e-01
5.400000000000000000e+01 1.461888589300036068e-01 1.461888589300036068e-01 1.461888589300036068e-01 1.461888589300036068e-01
5.500000000000000000e+01 -8.374619878857889055e-02 -8.374619878857889055e-02 -8.374619878857889055e-02 -8.374619878857889055e-02
5.600000000000000000e+01 2.372033358789163091e-02 2.372033358789163091e-02 2.372033358789163091e-02 2.372033358789163091e-02
5.700000000000000000e+01 -3.765836480767505434e-01 -3.765836480767505434e-01 -3.765836480767505434e-01 -3.765836480767505434e-01
5.800000000000000000e+01 -7.040392385906785178e-01 -7.040392385906785178e-01 -7.040392385906785178e-01 -7.040392385906785178e-01
5.900000000000000000e+01 -5.274090598189403734e-01 -5.274090598189403734e-01 -5.274090598189403734e-01 -5.274090598189403734e-01
6.000000000000000000e+01 -9.084861368542751503e-01 -9.084861368542751503e-01 -9.084861368542751503e-01 -9.084861368542751503e-01
6.100000000000000000e+01 -4.070930190013579697e-01 -4.070930190013579697e-01 -4.070930190013579697e-01 -4.070930190013579697e-01
6.200000000000000000e+01 -5.180848529904085176e-01 -5.180848529904085176e-01 -5.180848529904085176e-01 -5.180848529904085176e-01
6.300000000000000000e+01 8.093988239557860231e-02 8.093988239557860231e-02 8.093988239557860231e-02 8.093988239557860231e-02
6.400000000000000000e+01 -2.033088573009205757e-01 -2.033088573009205757e-01 -2.033088573009205757e-01 -2.033088573009205757e-01
6.500000000000000000e+01 -1.265599836908216924e-01 -1.265599836908216924e-01 -1.265599836908216924e-01 -1.265599836908216924e-01
6.600000000000000000e+01 -1.955620756169431512e-02 -1.955620756169431512e-02 -1.955620756169431512e-02 -1.955620756169431512e-02
6.700000000000000000e+01 -3.361519751155474245e-02 -3.361519751155474245e-02 -3.361519751155474245e-02 -3.361519751155474245e-02
6.800000000000000000e+01 2.224368948470201168e-02 2.224368948470201168e-02 2.224368948470201168e-02 2.224368948470201168e-02
6.900000000000000000e+01 1.311745455129735213e-02 1.311745455129735213e-02 1.311745455129735213e-02 1.311745455129735213e-02
7.000000000000000000e+01 1.559949102890115791e-01 1.559949102890115791e-01 1.559949102890115791e-01 1.559949102890115791e-01
7.100000000000000000e+01 1.253706694722810377e-01 1.253706694722810377e-01 1.253706694722810377e-01 1.253706694722810377e-01
7.200000000000000000e+01 3.832601816447236964e-01 3.832601816447236964e-01 3.832601816447236964e-01 3.832601816447236964e-01
7.300000000000000000e+01 1.673883245441794287e-01 1.673883245441794287e-01 1.673883245441794287e-01 1.673883245441794287e-01
7.400000000000000000e+01 2.808166733053761299e-01 2.808166733053761299e-01 2.808166733053761299e-01 2.808166733053761299e-01
7.500000000000000000e+01 2.210158000513067211e-01 2.210158000513067211e-01 2.210158000513067211e-01 2.210158000513067211e-01
7.600000000000000000e+01 1.031745415364443141e-01 1.031745415364443141e-01 1.031745415364443141e-01 1.031745415364443141e-01
7.700000000000000000e+01 1.123228572869406916e-01 1.123228572869406916e-01 1.123228572869406916e-01 1.123228572869406916e-01
7.800000000000000000e+01 -1.938826678315532515e-01 -1.938826678315532515e-01 -1.938826678315532515e-01 -1.938826678315532515e-01
7.900000000000000000e+01 -2.389064444839522905e-01 -2.389064444839522905e-01 -2.389064444839522905e-01 -2.389064444839522905e-01
8.000000000000000000e+01 2.170841218226763347e-01 2.170841218226763347e-01 2.170841218226763347e-01 2.170841218226763347e-01
8.100000000000000000e+01 2.491672333956005125e-01 2.491672333956005125e-01 2.491672333956005125e-01 2.491672333956005125e-01
8.200000000000000000e+01 5.141588614447479832e-01 5.141588614447479832e-01 5.141588614447479832e-01 5.141588614447479832e-01
8.300000000000000000e+01 5.532978809040617341e-01 5.532978809040617341e-01 5.532978809040617341e-01 5.532978809040617341e-01
8.400000000000000000e+01 5.319410901283994075e-01 5.319410901283994075e-01 5.319410901283994075e-01 5.319410901283994075e-01
8.500000000000000000e+01 7.682003803289374488e-01 7.682003803289374488e-01 7.682003803289374488e-01 7.682003803289374488e-01
8.600000000000000000e+01 7.385317621659107656e-01 7.385317621659107656e-01 7.385317621659107656e-01 7.385317621659107656e-01
8.700000000000000000e+01 7.175502859164409886e-01 7.175502859164409886e-01 7.175502859164409886e-01 7.175502859164409886e-01
8.800000000000000000e+01 7.419571908365476531e-01 7.419571908365476531e-01 7.419571908365476531e-01 7.419571908365476531e-01
8.900000000000000000e+01 5.762104147783945196e-01 5.762104147783945196e-01 5.762104147783945196e-01 5.762104147783945196e-01
9.000000000000000000e+01 8.489393828636910833e-01 8.489393828636910833e-01 8.489393828636910833e-01 8.489393828636910833e-01
9.100000000000000000e+01 7.643642527081487836e-01 7.643642527081487836e-01 7.643642527081487836e-01 7.643642527081487836e-01
9.200000000000000000e+01 7.663077995357717720e-01 7.663077995357717720e-01 7.663077995357717720e-01 7.663077995357717720e-01
9.300000000000000000e+01 5.801564967474409640e-01 5.801564967474409640e-01 5.801564967474409640e-01 5.801564967474409640e-01
9.400000000000000000e+01 7.271209056957363970e-01 7.271209056957363970e-01 7.271209056957363970e-01 7.271209056957363970e-01
9.500000000000000000e+01 6.416984376897407749e-01 6.416984376897407749e-01 6.416984376897407749e-01 6.416984376897407749e-01
9.600000000000000000e+01 5.622891358565624831e-01 5.622891358565624831e-01 5.622891358565624831e-01 5.622891358565624831e-01
9.700000000000000000e+01 5.202521408993974195e-01 5.202521408993974195e-01 5.202521408993974195e-01 5.202521408993974195e-01
9.800000000000000000e+01 6.404051174389248091e-01 6.404051174389248091e-01 6.404051174389248091e-01 6.404051174389248091e-01
9.900000000000000000e+01 4.135536495034096705e-01 4.135536495034096705e-01 4.135536495034096705e-01 4.135536495034096705e-01
