0.000000000000000000e+00 -1.510425875095953441e-01 -1.510425875095953441e-01 -1.510425875095953441e-01 -1.510425875095953441e-01
1.000000000000000000e+00 -2.107576538809305122e-01 -2.107576538809305122e-01 -2.107576538809305122e-01 -2.107576538809305122e-01
2.000000000000000000e+00 -3.614678801743068659e-01 -3.614678801743068659e-01 -3.614678801743068659e-01 -3.614678801743068659e-01
3.000000000000000000e+00 -7.127023143107952263e-02 -7.127023143107952263e-02 -7.127023143107952263e-02 -7.127023143107952263e-02
4.000000000000000000e+00 -1.404192465214051111e-01 -1.404192465214051111e-01 -1.404192465214051111e-01 -1.404192465214051111e-01
5.000000000000000000e+00 -2.524187981989007290e-01 -2.524187981989007290e-01 -2.524187981989007290e-01 -2.524187981989007290e-01
6.000000000000000000e+00 -1.866188998557469225e-02 -1.866188998557469225e-02 -1.866188998557469225e-02 -1.866188998557469225e-02
7.000000000000000000e+00 -1.028664709038987074e-01 -1.028664709038987074e-01 -1.028664709038987074e-01 -1.028664709038987074e-01
8.000000000000000000e+00 1.613911547233033358e-02 1.613911547233033358e-02 1.613911547233033358e-02 1.613911547233033358e-02
9.000000000000000000e+00 -1.111535957336064889e-01 -1.111535957336064889e-01 -1.111535957336064889e-01 -1.111535957336064889e-01
1.000000000000000000e+01 -1.105705391074385813e-01 -1.105705391074385813e-01 -1.105705391074385813e-01 -1.105705391074385813e-01
1.100000000000000000e+01 -2.812652804621789127e-01 -2.812652804621789127e-01 -2.812652804621789127e-01 -2.812652804621789127e-01
1.200000000000000000e+01 -8.110996944403658926e-01 -8.110996944403658926e-01 -8.110996944403658926e-01 -8.110996944403658926e-01
1.300000000000000000e+01 -1.214526883207712959e+00 -1.214526883207712959e+00 -1.214526883207712959e+00 -1.214526883207712959e+00
1.400000000000000000e+01 -1.377854191715971899e+00 -1.377854191715971899e+00 -1.377854191715971899e+00 -1.377854191715971899e+00
1.500000000000000000e+01 -1.158458730991296370e+00 -1.158458730991296370e+00 -1.158458730991296370e+00 -1.158458730991296370e+00
1.600000000000000000e+01 -6.615821676975895960e-01 -6.615821676975895960e-01 -6.615821676975895960e-01 -6.615821676975895960e-01
1.700000000000000000e+01 -7.221320987161528038e-01 -7.221320987161528038e-01 -7.221320987161528038e-01 -7.221320987161528038e-01
1.800000000000000000e+01 -7.706107633685396197e-01 -7.706107633685396197e-01 -7.706107633685396197e-01 -7.706107633685396197e-01
1.900000000000000000e+01 -5.733749681446800306e-01 -5.733749681446800306e-01 -5.733749681446800306e-01 -5.733749681446800306e-01
2.000000000000000000e+01 -1.335013609039837068e-01 -1.335013609039837068e-01 -1.335013609039837068e-01 -1.335013609039837068e-01
2.100000000000000000e+01 -3.899937733048837729e-01 -3.899937733048837729e-01 -3.899937733048837729e-01 -3.899937733048837729e-01
2.200000000000000000e+01 5.863326091020697184e-02 5.863326091020697184e-02 5.863326091020697184e-02 5.863326091020697184e-02
2.300000000000000000e+01 6.275140381169380666e-02 6.275140381169380666e-02 6.275140381169380666e-02 6.275140381169380666e-02
2.400000000000000000e+01 -1.054559182985953247e-01 -1.054559182985953247e-01 -1.054559182985953247e-01 -1.054559182985953247e-01
2.500000000000000000e+01 8.426973761012866715e-02 8.426973761012866715e-02 8.426973761012866715e-02 8.426973761012866715e-02
2.600000000000000000e+01 1.177404593771429059e-01 1.177404593771429059e-01 1.177404593771429059e-01 1.177404593771429059e-01
2.700000000000000000e+01 3.723503747257246588e-02 3.723503747257246588e-02 3.723503747257246588e-02 3.723503747257246588e-02
2.800000000000000000e+01 1.250247344984410647e-01 1.250247344984410647e-01 1.250247344984410647e-01 1.250247344984410647e-01
2.900000000000000000e+01 3.795107216362318681e-02 3.795107216362318681e-02 3.795107216362318681e-02 3.795107216362318681e-02
3.000000000000000000e+01 -5.984377542413039236e-02 -5.984377542413039236e-02 -5.984377542413039236e-02 -5.984377542413039236e-02
3.100000000000000000e+01 -7.079399509509735899e-02 -7.079399509509735899e-02 -7.079399509509735899e-02 -7.079399509509735899e-02
3.200000000000000000e+01 1.066826094333104824e-01 1.066826094333104824e-01 1.066826094333104824e-01 1.066826094333104824e-01
3.300000000000000000e+01 -1.034736279778638579e-01 -1.034736279778638579e-01 -1.034736279778638579e-01 -1.034736279778638579e-01
3.400000000000000000e+01 8.009093763149476020e-02 8.009093763149476020e-02 8.009093763149476020e-02 8.009093763149476020e-02
3.500000000000000000e+01 -7.222764456862747207e-02 -7.222764456862747207e-02 -7.222764456862747207e-02 -7.222764456862747207e-02
3.600000000000000000e+01 -1.978383645809400626e-01 -1.978383645809400626e-01 -1.978383645809400626e-01 -1.978383645809400626e-01
3.700000000000000000e+01 -6.229371186621698864e-02 -6.229371186621698864e-02 -6.229371186621698864e-02 -6.229371186621698864e-02
3.800000000000000000e+01 -3.348991987177114549e-01 -3.348991987177114549e-01 -3.348991987177114549e-01 -3.348991987177114549e-01
3.900000000000000000e+01 -1.468234645075698341e-01 -1.468234645075698341e-01 -1.468234645075698341e-01 -1.468234645075698341e-01
4.000000000000000000e+01 -2.565356806107413901e-01 -2.565356806107413901e-01 -2.565356806107413901e-01 -2.565356806107413901e-01
4.100000000000000000e+01 -1.732820516818640300e-01 -1.732820516818640300e-01 -1.732820516818640300e-01 -1.732820516818640300e-01
4.200000000000000000e+01 -3.277815967754992288e-01 -3.277815967754992288e-01 -3.277815967754992288e-01 -3.277815967754992288e-01
4.300000000000000000e+01 1.014708057265356206e-01 1.014708057265356206e-01 1.014708057265356206e-01 1.014708057265356206e-01
4.400000000000000000e+01 1.307922965653285363e-02 1.307922965653285363e-02 1.307922965653285363e-02 1.307922965653285363e-02
4.500000000000000000e+01 1.417862718662348843e-02 1.417862718662348843e-02 1.417862718662348843e-02 1.417862718662348843e-02
4.600000000000000000e+01 5.888535717879788550e-02 5.888535717879788550e-02 5.888535717879788550e-02 5.888535717879788550e-02
4.700000000000000000e+01 -7.991404671619702083e-02 -7.991404671619702083e-02 -7.991404671619702083e-02 -7.991404671619702083e-02
4.800000000000000000e+01 -1.473844844380520214e-01 -1.473844844380520214e-01 -1.473844844380520214e-01 -1.473844844380520214e-01
4.900000000000000000e+01 -4.844728506270545160e-02 -4.844728506270545160e-02 -4.844728506270545160e-02 -4.844728506270545160e-02
5.000000000000000000e+01 -5.145470480971805344e-02 -5.145470480971805344e-02 -5.145470480971805344e-02 -5.145470480971805344e-02
5.100000000000000000e+01 -4.841772272879033695e-02 -4.841772272879033695e-02 -4.841772272879033695e-02 -4.841772272879033695e-02
5.200000000000000000e+01 -7.503169802398075572e-02 -7.503169802398075572e-02 -7.503169802398075572e-02 -7.503169802398075572e-02
5.300000000000000000e+01 -5.007592727127000570e-02 -5.007592727127000570e-02 -5.007592727127000570e-02 -5.007592727127000570e-02
5.400000000000000000e+01 -1.032264460710135556e-01 -1.032264460710135556e-01 -1.032264460710135556e-01 -1.032264460710135556e-01
5.500000000000000000e+01 -4.026748243341386237e-03 -4.026748243341386237e-03 -4.026748243341386237e-03 -4.026748243341386237e-03
5.600000000000000000e+01 3.205515859658206960e-03 3.205515859658206960e-03 3.205515859658206960e-03 3.205515859658206960e-03
5.700000000000000000e+01 -2.251322096037223497e-01 -2.251322096037223497e-01 -2.251322096037223497e-01 -2.251322096037223497e-01
5.800000000000000000e+01 4.404682302941016064e-02 4.404682302941016064e-02 4.404682302941016064e-02 4.404682302941016064e-02
5.900000000000000000e+01 -1.514177345557324306e-02 -1.514177345557324306e-02 -1.514177345557324306e-02 -1.514177345557324306e-02
6.000000000000000000e+01 -3.334820913202993231e-01 -3.334820913202993231e-01 -3.334820913202993231e-01 -3.334820913202993231e-01
6.100000000000000000e+01 -8.716052160751308620e-02 -8.716052160751308620e-02 -8.716052160751308620e-02 -8.716052160751308620e-02
6.200000000000000000e+01 -1.756362284681829145e-01 -1.756362284681829145e-01 -1.756362284681829145e-01 -1.756362284681829145e-01
6.300000000000000000e+01 -1.467678759343791772e-01 -1.467678759343791772e-01 -1.467678759343791772e-01 -1.467678759343791772e-01
6.400000000000000000e+01 -3.434109047846895663e-02 -3.434109047846895663e-02 -3.434109047846895663e-02 -3.434109047846895663e-02
6.500000000000000000e+01 4.636598164633030233e-02 4.636598164633030233e-02 4.636598164633030233e-02 4.636598164633030233e-02
6.600000000000000000e+01 -8.132629510637909287e-02 -8.132629510637909287e-02 -8.132629510637909287e-02 -8.132629510637909287e-02
6.700000000000000000e+01 -2.074847498877687157e-01 -2.074847498877687157e-01 -2.074847498877687157e-01 -2.074847498877687157e-01
6.800000000000000000e+01 -1.167791747878391961e-01 -1.167791747878391961e-01 -1.167791747878391961e-01 -1.167791747878391961e-01
6.900000000000000000e+01 -1.828050820485775663e-01 -1.828050820485775663e-01 -1.828050820485775663e-01 -1.828050820485775663e-01
7.000000000000000000e+01 -3.592673968772099879e-01 -3.592673968772099879e-01 -3.592673968772099879e-01 -3.592673968772099879e-01
7.100000000000000000e+01 -7.761892492556058398e-01 -7.761892492556058398e-01 -7.761892492556058398e-01 -7.761892492556058398e-01
7.200000000000000000e+01 -1.105512627788996616e+00 -1.105512627788996616e+00 -1.105512627788996616e+00 -1.105512627788996616e+00
7.300000000000000000e+01 -1.528548092940555270e+00 -1.528548092940555270e+00 -1.528548092940555270e+00 -1.528548092940555270e+00
7.400000000000000000e+01 -1.211442979805223086e+00 -1.211442979805223086e+00 -1.211442979805223086e+00 -1.211442979805223086e+00
7.500000000000000000e+01 -6.565233793187060796e-01 -6.565233793187060796e-01 -6.565233793187060796e-01 -6.565233793187060796e-01
7.600000000000000000e+01 -6.699076870462997713e-01 -6.699076870462997713e-01 -6.699076870462997713e-01 -6.699076870462997713e-01
7.700000000000000000e+01 -4.656999250897830289e-01 -4.656999250897830289e-01 -4.656999250897830289e-01 -4.656999250897830289e-01
7.800000000000000000e+01 -6.165240832215764799e-01 -6.165240832215764799e-01 -6.165240832215764799e-01 -6.165240832215764799e-01
7.900000000000000000e+01 -5.075113296605199276e-01 -5.075113296605199276e-01 -5.075113296605199276e-01 -5.075113296605199276e-01
8.000000000000000000e+01 -2.104973064563920027e-01 -2.104973064563920027e-01 -2.104973064563920027e-01 -2.104973064563920027e-01
8.100000000000000000e+01 -2.494747658683299507e-01 -2.494747658683299507e-01 -2.494747658683299507e-01 -2.494747658683299507e-01
8.200000000000000000e+01 1.297003394259953479e-01 1.297003394259953479e-01 1.297003394259953479e-01 1.297003394259953479e-01
8.300000000000000000e+01 7.624517799692952236e-02 7.624517799692952236e-02 7.624517799692952236e-02 7.624517799692952236e-02
8.400000000000000000e+01 -1.352039867355933275e-02 -1.352039867355933275e-02 -1.352039867355933275e-02 -1.352039867355933275e-02
8.500000000000000000e+01 -1.425856465594010636e-01 -1.425856465594010636e-01 -1.425856465594010636e-01 -1.425856465594010636e-01
8.600000000000000000e+01 1.084294981168255761e-01 1.084294981168255761e-01 1.084294981168255761e-01 1.084294981168255761e-01
8.700000000000000000e+01 5.526891423336886822e-02 5.526891423336886822e-02 5.526891423336886822e-02 5.526891423336886822e-02
8.800000000000000000e+01 -1.606460788516659091e-02 -1.606460788516659091e-02 -1.606460788516659091e-02 -1.606460788516659091e-02
8.900000000000000000e+01 1.326841141044564354e-01 1.326841141044564354e-01 1.326841141044564354e-01 1.326841141044564354e-01
9.000000000000000000e+01 8.579431310922271126e-02 8.579431310922271126e-02 8.579431310922271126e-02 8.579431310922271126e-02
9.100000000000000000e+01 1.331331081822806177e-02 1.331331081822806177e-02 1.331331081822806177e-02 1.331331081822806177e-02
9.200000000000000000e+01 1.322848261895201161e-01 1.322848261895201161e-01 1.322848261895201161e-01 1.322848261895201161e-01
9.300000000000000000e+01 -3.291437080255744108e-01 -3.291437080255744108e-01 -3.291437080255744108e-01 -3.291437080255744108e-01
9.400000000000000000e+01 -7.931677605969943146e-02 -7.931677605969943146e-02 -7.931677605969943146e-02 -7.931677605969943146e-02
9.500000000000000000e+01 1.888924834075540460e-01 1.888924834075540460e-01 1.888924834075540460e-01 1.888924834075540460e-01
9.600000000000000000e+01 -9.958481401775690078e-02 -9.958481401775690078e-02 -9.958481401775690078e-02 -9.958481401775690078e-02
9.700000000000000000e+01 -3.079914378976693345e-02 -3.079914378976693345e-02 -3.079914378976693345e-02 -3.079914378976693345e-02
9.800000000000000000e+01 -1.320868445128341867e-02 -1.320868445128341867e-02 -1.320868445128341867e-02 -1.320868445128341867e-02
9.900000000000000000e+01 -2.319413241112316948e-01 -2.319413241112316948e-01 -2.319413241112316948e-01 -2.319413241112316948e-01
