0.000000000000000000e+00 -3.160741725732423291e+00 -3.160741725732423291e+00 -3.160741725732423291e+00 -3.160741725732423291e+00
1.000000000000000000e+00 -2.147649162101819442e+00 -2.147649162101819442e+00 -2.147649162101819442e+00 -2.147649162101819442e+00
2.000000000000000000e+00 -1.648753082618575450e+00 -1.648753082618575450e+00 -1.648753082618575450e+00 -1.648753082618575450e+00
3.000000000000000000e+00 -1.240645534109015902e+00 -1.240645534109015902e+00 -1.240645534109015902e+00 -1.240645534109015902e+00
4.000000000000000000e+00 -7.526335953932298262e-01 -7.526335953932298262e-01 -7.526335953932298262e-01 -7.526335953932298262e-01
5.000000000000000000e+00 -2.175139421694179953e-01 -2.175139421694179953e-01 -2.175139421694179953e-01 -2.175139421694179953e-01
6.000000000000000000e+00 3.818549634491080758e-01 3.818549634491080758e-01 3.818549634491080758e-01 3.818549634491080758e-01
7.000000000000000000e+00 8.744757108207088514e-01 8.744757108207088514e-01 8.744757108207088514e-01 8.744757108207088514e-01
8.000000000000000000e+00 1.375025216796318395e+00 1.375025216796318395e+00 1.375025216796318395e+00 1.375025216796318395e+00
9.000000000000000000e+00 1.544035163550600886e+00 1.544035163550600886e+00 1.544035163550600886e+00 1.544035163550600886e+00
1.000000000000000000e+01 1.686777710304842470e+00 1.686777710304842470e+00 1.686777710304842470e+00 1.686777710304842470e+00
1.100000000000000000e+01 1.596516289059183080e+00 1.596516289059183080e+00 1.596516289059183080e+00 1.596516289059183080e+00
1.200000000000000000e+01 1.660269883577942807e+00 1.660269883577942807e+00 1.660269883577942807e+00 1.660269883577942807e+00
1.300000000000000000e+01 1.615381924819345727e+00 1.615381924819345727e+00 1.615381924819345727e+00 1.615381924819345727e+00
1.400000000000000000e+01 1.786829846985427350e+00 1.786829846985427350e+00 1.786829846985427350e+00 1.786829846985427350e+00
1.500000000000000000e+01 1.838910440341625430e+00 1.838910440341625430e+00 1.838910440341625430e+00 1.838910440341625430e+00
1.600000000000000000e+01 1.805954655395502151e+00 1.805954655395502151e+00 1.805954655395502151e+00 1.805954655395502151e+00
1.700000000000000000e+01 1.978164291995892166e+00 1.978164291995892166e+00 1.978164291995892166e+00 1.978164291995892166e+00
1.800000000000000000e+01 1.702254697086063917e+00 1.702254697086063917e+00 1.702254697086063917e+00 1.702254697086063917e+00
1.900000000000000000e+01 1.995161134847132978e+00 1.995161134847132978e+00 1.995161134847132978e+00 1.995161134847132978e+00
2.000000000000000000e+01 1.703492020624329140e+00 1.703492020624329140e+00 1.703492020624329140e+00 1.703492020624329140e+00
2.100000000000000000e+01 2.079216281962787516e+00 2.079216281962787516e+00 2.079216281962787516e+00 2.079216281962787516e+00
2.200000000000000000e+01 2.032677846762996676e+00 2.032677846762996676e+00 2.032677846762996676e+00 2.032677846762996676e+00
2.300000000000000000e+01 2.360771806312956134e+00 2.360771806312956134e+00 2.360771806312956134e+00 2.360771806312956134e+00
2.400000000000000000e+01 2.495049692879416803e+00 2.495049692879416803e+00 2.495049692879416803e+00 2.495049692879416803e+00
2.500000000000000000e+01 2.677274552080362913e+00 2.677274552080362913e+00 2.677274552080362913e+00 2.677274552080362913e+00
2.600000000000000000e+01 2.843169796568144836e+00 2.843169796568144836e+00 2.843169796568144836e+00 2.843169796568144836e+00
2.700000000000000000e+01 2.836968714337371189e+00 2.836968714337371189e+00 2.836968714337371189e+00 2.836968714337371189e+00
2.800000000000000000e+01 2.731237331208368424e+00 2.731237331208368424e+00 2.731237331208368424e+00 2.731237331208368424e+00
2.900000000000000000e+01 2.592824813013804519e+00 2.592824813013804519e+00 2.592824813013804519e+00 2.592824813013804519e+00
3.000000000000000000e+01 2.465961503601286964e+00 2.465961503601286964e+00 2.465961503601286964e+00 2.465961503601286964e+00
3.100000000000000000e+01 2.494248965174603150e+00 2.494248965174603150e+00 2.494248965174603150e+00 2.494248965174603150e+00
3.200000000000000000e+01 2.589139283866432439e+00 2.589139283866432439e+00 2.589139283866432439e+00 2.589139283866432439e+00
3.300000000000000000e+01 2.697188389382114249e+00 2.697188389382114249e+00 2.697188389382114249e+00 2.697188389382114249e+00
3.400000000000000000e+01 2.960358495601387308e+00 2.960358495601387308e+00 2.960358495601387308e+00 2.960358495601387308e+00
3.500000000000000000e+01 3.204953379762054855e+00 3.204953379762054855e+00 3.204953379762054855e+00 3.204953379762054855e+00
3.600000000000000000e+01 3.170398074008684564e+00 3.170398074008684564e+00 3.170398074008684564e+00 3.170398074008684564e+00
3.700000000000000000e+01 3.325575353150729274e+00 3.325575353150729274e+00 3.325575353150729274e+00 3.325575353150729274e+00
3.800000000000000000e+01 3.143858622367454281e+00 3.143858622367454281e+00 3.143858622367454281e+00 3.143858622367454281e+00
3.900000000000000000e+01 3.282617849996930737e+00 3.282617849996930737e+00 3.282617849996930737e+00 3.282617849996930737e+00
4.000000000000000000e+01 3.549796885897233079e+00 3.549796885897233079e+00 3.549796885897233079e+00 3.549796885897233079e+00
4.100000000000000000e+01 3.579381050062564906e+00 3.579381050062564906e+00 3.579381050062564906e+00 3.579381050062564906e+00
4.200000000000000000e+01 3.908668325477344663e+00 3.908668325477344663e+00 3.908668325477344663e+00 3.908668325477344663e+00
4.300000000000000000e+01 4.543845717406438389e+00 4.543845717406438389e+00 4.543845717406438389e+00 4.543845717406438389e+00
4.400000000000000000e+01 4.668656598659900681e+00 4.668656598659900681e+00 4.668656598659900681e+00 4.668656598659900681e+00
4.500000000000000000e+01 5.037541329842123439e+00 5.037541329842123439e+00 5.037541329842123439e+00 5.037541329842123439e+00
4.600000000000000000e+01 5.022938567802088805e+00 5.022938567802088805e+00 5.022938567802088805e+00 5.022938567802088805e+00
4.700000000000000000e+01 5.012548759841239487e+00 5.012548759841239487e+00 5.012548759841239487e+00 5.012548759841239487e+00
4.800000000000000000e+01 4.745157235843743493e+00 4.745157235843743493e+00 4.745157235843743493e+00 4.745157235843743493e+00
4.900000000000000000e+01 4.652109764042469564e+00 4.652109764042469564e+00 4.652109764042469564e+00 4.652109764042469564e+00
5.000000000000000000e+01 4.399471750794523572e+00 4.399471750794523572e+00 4.399471750794523572e+00 4.399471750794523572e+00
5.100000000000000000e+01 4.668471639812346474e+00 4.668471639812346474e+00 4.668471639812346474e+00 4.668471639812346474e+00
5.200000000000000000e+01 4.820076975575726230e+00 4.820076975575726230e+00 4.820076975575726230e+00 4.820076975575726230e+00
5.300000000000000000e+01 5.013041507217211645e+00 5.013041507217211645e+00 5.013041507217211645e+00 5.013041507217211645e+00
5.400000000000000000e+01 5.121829544575965620e+00 5.121829544575965620e+00 5.121829544575965620e+00 5.121829544575965620e+00
5.500000000000000000e+01 5.233574904265014816e+00 5.233574904265014816e+00 5.233574904265014816e+00 5.233574904265014816e+00
5.600000000000000000e+01 5.161820787488839990e+00 5.161820787488839990e+00 5.161820787488839990e+00 5.161820787488839990e+00
5.700000000000000000e+01 5.094370574313769495e+00 5.094370574313769495e+00 5.094370574313769495e+00 5.094370574313769495e+00
5.800000000000000000e+01 5.161055772781518058e+00 5.161055772781518058e+00 5.161055772781518058e+00 5.161055772781518058e+00
5.900000000000000000e+01 5.050072116393081068e+00 5.050072116393081068e+00 5.050072116393081068e+00 5.050072116393081068e+00
6.000000000000000000e+01 5.108553227969336419e+00 5.108553227969336419e+00 5.108553227969336419e+00 5.108553227969336419e+00
6.100000000000000000e+01 5.415084009938360587e+00 5.415084009938360587e+00 5.415084009938360587e+00 5.415084009938360587e+00
6.200000000000000000e+01 5.507512845308945693e+00 5.507512845308945693e+00 5.507512845308945693e+00 5.507512845308945693e+00
6.300000000000000000e+01 5.897422788151205353e+00 5.897422788151205353e+00 5.897422788151205353e+00 5.897422788151205353e+00
6.400000000000000000e+01 6.060891482861205048e+00 6.060891482861205048e+00 6.060891482861205048e+00 6.060891482861205048e+00
6.500000000000000000e+01 6.238450065856482318e+00 6.238450065856482318e+00 6.238450065856482318e+00 6.238450065856482318e+00
6.600000000000000000e+01 6.091630499222385531e+00 6.091630499222385531e+00 6.091630499222385531e+00 6.091630499222385531e+00
6.700000000000000000e+01 5.931794757418866304e+00 5.931794757418866304e+00 5.931794757418866304e+00 5.931794757418866304e+00
6.800000000000000000e+01 5.693546331887025858e+00 5.693546331887025858e+00 5.693546331887025858e+00 5.693546331887025858e+00
6.900000000000000000e+01 5.539553305370985115e+00 5.539553305370985115e+00 5.539553305370985115e+00 5.539553305370985115e+00
7.000000000000000000e+01 5.351819228042349330e+00 5.351819228042349330e+00 5.351819228042349330e+00 5.351819228042349330e+00
7.100000000000000000e+01 5.401564579233208541e+00 5.401564579233208541e+00 5.401564579233208541e+00 5.401564579233208541e+00
7.200000000000000000e+01 5.714572204362024621e+00 5.714572204362024621e+00 5.714572204362024621e+00 5.714572204362024621e+00
7.300000000000000000e+01 5.711514444249186973e+00 5.711514444249186973e+00 5.711514444249186973e+00 5.711514444249186973e+00
7.400000000000000000e+01 5.972345332042742427e+00 5.972345332042742427e+00 5.972345332042742427e+00 5.972345332042742427e+00
7.500000000000000000e+01 6.189624769870825993e+00 6.189624769870825993e+00 6.189624769870825993e+00 6.189624769870825993e+00
7.600000000000000000e+01 6.092049759950509902e+00 6.092049759950509902e+00 6.092049759950509902e+00 6.092049759950509902e+00
7.700000000000000000e+01 6.277629895059734011e+00 6.277629895059734011e+00 6.277629895059734011e+00 6.277629895059734011e+00
7.800000000000000000e+01 6.372359555585693336e+00 6.372359555585693336e+00 6.372359555585693336e+00 6.372359555585693336e+00
7.900000000000000000e+01 6.122186465448431925e+00 6.122186465448431925e+00 6.122186465448431925e+00 6.122186465448431925e+00
8.000000000000000000e+01 6.123851570316151793e+00 6.123851570316151793e+00 6.123851570316151793e+00 6.123851570316151793e+00
8.100000000000000000e+01 6.139292867735046677e+00 6.139292867735046677e+00 6.139292867735046677e+00 6.139292867735046677e+00
8.200000000000000000e+01 6.208443883686380005e+00 6.208443883686380005e+00 6.208443883686380005e+00 6.208443883686380005e+00
8.300000000000000000e+01 6.624292439392343468e+00 6.624292439392343468e+00 6.624292439392343468e+00 6.624292439392343468e+00
8.400000000000000000e+01 7.062467163146801674e+00 7.062467163146801674e+00 7.062467163146801674e+00 7.062467163146801674e+00
8.500000000000000000e+01 7.337908133128060229e+00 7.337908133128060229e+00 7.337908133128060229e+00 7.337908133128060229e+00
8.600000000000000000e+01 7.219100072921370348e+00 7.219100072921370348e+00 7.219100072921370348e+00 7.219100072921370348e+00
8.700000000000000000e+01 7.027270200953621426e+00 7.027270200953621426e+00 7.027270200953621426e+00 7.027270200953621426e+00
8.800000000000000000e+01 6.781197317090717824e+00 6.781197317090717824e+00 6.781197317090717824e+00 6.781197317090717824e+00
8.900000000000000000e+01 6.357545063158731580e+00 6.357545063158731580e+00 6.357545063158731580e+00 6.357545063158731580e+00
9.000000000000000000e+01 6.039342645416907018e+00 6.039342645416907018e+00 6.039342645416907018e+00 6.039342645416907018e+00
9.100000000000000000e+01 5.914278143734522430e+00 5.914278143734522430e+00 5.914278143734522430e+00 5.914278143734522430e+00
9.200000000000000000e+01 5.953692632657499040e+00 5.953692632657499040e+00 5.953692632657499040e+00 5.953692632657499040e+00
9.300000000000000000e+01 6.269153490890847280e+00 6.269153490890847280e+00 6.269153490890847280e+00 6.269153490890847280e+00
9.400000000000000000e+01 6.530761052717578785e+00 6.530761052717578785e+00 6.530761052717578785e+00 6.530761052717578785e+00
9.500000000000000000e+01 6.465671219979332029e+00 6.465671219979332029e+00 6.465671219979332029e+00 6.465671219979332029e+00
9.600000000000000000e+01 6.714223101416560091e+00 6.714223101416560091e+00 6.714223101416560091e+00 6.714223101416560091e+00
9.700000000000000000e+01 6.351508422824360345e+00 6.351508422824360345e+00 6.351508422824360345e+00 6.351508422824360345e+00
9.800000000000000000e+01 6.381589983522222731e+00 6.381589983522222731e+00 6.381589983522222731e+00 6.381589983522222731e+00
9.900000000000000000e+01 5.684483152866204314e+00 5.684483152866204314e+00 5.684483152866204314e+00 5.684483152866204314e+00
