0.000000000000000000e+00 -3.040946571721747094e-01 -3.040946571721747094e-01 -3.040946571721747094e-01 -3.040946571721747094e-01
1.000000000000000000e+00 -4.960773608447902050e-01 -4.960773608447902050e-01 -4.960773608447902050e-01 -4.960773608447902050e-01
2.000000000000000000e+00 -3.482785551688628023e-01 -3.482785551688628023e-01 -3.482785551688628023e-01 -3.482785551688628023e-01
3.000000000000000000e+00 -3.760328745276987905e-01 -3.760328745276987905e-01 -3.760328745276987905e-01 -3.760328745276987905e-01
4.000000000000000000e+00 -4.050402485338889802e-01 -4.050402485338889802e-01 -4.050402485338889802e-01 -4.050402485338889802e-01
5.000000000000000000e+00 -3.449946220608242076e-01 -3.449946220608242076e-01 -3.449946220608242076e-01 -3.449946220608242076e-01
6.000000000000000000e+00 -1.956961066873913191e-01 -1.956961066873913191e-01 -1.956961066873913191e-01 -1.956961066873913191e-01
7.000000000000000000e+00 -1.032763484721971325e+00 -1.032763484721971325e+00 -1.032763484721971325e+00 -1.032763484721971325e+00
8.000000000000000000e+00 -1.536548222070380998e+00 -1.536548222070380998e+00 -1.536548222070380998e+00 -1.536548222070380998e+00
9.000000000000000000e+00 -1.835651597093493903e+00 -1.835651597093493903e+00 -1.835651597093493903e+00 -1.835651597093493903e+00
1.000000000000000000e+01 -1.248594741477268233e+00 -1.248594741477268233e+00 -1.248594741477268233e+00 -1.248594741477268233e+00
1.100000000000000000e+01 -1.356114794813850555e+00 -1.356114794813850555e+00 -1.356114794813850555e+00 -1.356114794813850555e+00
1.200000000000000000e+01 -1.016307428788484346e+00 -1.016307428788484346e+00 -1.016307428788484346e+00 -1.016307428788484346e+00
1.300000000000000000e+01 -8.655539407291454879e-01 -8.655539407291454879e-01 -8.655539407291454879e-01 -8.655539407291454879e-01
1.400000000000000000e+01 -8.867764995677651640e-01 -8.867764995677651640e-01 -8.867764995677651640e-01 -8.867764995677651640e-01
1.500000000000000000e+01 -6.970521222619678881e-01 -6.970521222619678881e-01 -6.970521222619678881e-01 -6.970521222619678881e-01
1.600000000000000000e+01 -6.906753572639823258e-01 -6.906753572639823258e-01 -6.906753572639823258e-01 -6.906753572639823258e-01
1.700000000000000000e+01 -7.602042116404827965e-01 -7.602042116404827965e-01 -7.602042116404827965e-01 -7.602042116404827965e-01
1.800000000000000000e+01 -6.169903261694594798e-01 -6.169903261694594798e-01 -6.169903261694594798e-01 -6.169903261694594798e-01
1.900000000000000000e+01 -5.459167004588834082e-01 -5.459167004588834082e-01 -5.459167004588834082e-01 -5.459167004588834082e-01
2.000000000000000000e+01 -4.681946390021779481e-01 -4.681946390021779481e-01 -4.681946390021779481e-01 -4.681946390021779481e-01
2.100000000000000000e+01 -7.536970024568017124e-01 -7.536970024568017124e-01 -7.536970024568017124e-01 -7.536970024568017124e-01
2.200000000000000000e+01 -1.187300725232714127e+00 -1.187300725232714127e+00 -1.187300725232714127e+00 -1.187300725232714127e+00
2.300000000000000000e+01 -1.798237137821283138e+00 -1.798237137821283138e+00 -1.798237137821283138e+00 -1.798237137821283138e+00
2.400000000000000000e+01 -1.542286111623740519e+00 -1.542286111623740519e+00 -1.542286111623740519e+00 -1.542286111623740519e+00
2.500000000000000000e+01 -1.212571258538909902e+00 -1.212571258538909902e+00 -1.212571258538909902e+00 -1.212571258538909902e+00
2.600000000000000000e+01 -1.140075594272702775e+00 -1.140075594272702775e+00 -1.140075594272702775e+00 -1.140075594272702775e+00
2.700000000000000000e+01 -1.028561494843465818e+00 -1.028561494843465818e+00 -1.028561494843465818e+00 -1.028561494843465818e+00
2.800000000000000000e+01 -8.548952609985250861e-01 -8.548952609985250861e-01 -8.548952609985250861e-01 -8.548952609985250861e-01
2.900000000000000000e+01 -8.221305170828588915e-01 -8.221305170828588915e-01 -8.221305170828588915e-01 -8.221305170828588915e-01
3.000000000000000000e+01 -7.775425254114849416e-01 -7.775425254114849416e-01 -7.775425254114849416e-01 -7.775425254114849416e-01
3.100000000000000000e+01 -7.779996091004560688e-01 -7.779996091004560688e-01 -7.779996091004560688e-01 -7.779996091004560688e-01
3.200000000000000000e+01 -6.582692358727558757e-01 -6.582692358727558757e-01 -6.582692358727558757e-01 -6.582692358727558757e-01
3.300000000000000000e+01 -7.961158737153698484e-01 -7.961158737153698484e-01 -7.961158737153698484e-01 -7.961158737153698484e-01
3.400000000000000000e+01 -4.865080430080039875e-01 -4.865080430080039875e-01 -4.865080430080039875e-01 -4.865080430080039875e-01
3.500000000000000000e+01 -8.330947081153036171e-01 -8.330947081153036171e-01 -8.330947081153036171e-01 -8.330947081153036171e-01
3.600000000000000000e+01 -7.259262990361470269e-01 -7.259262990361470269e-01 -7.259262990361470269e-01 -7.259262990361470269e-01
3.700000000000000000e+01 -5.413615747131894640e-01 -5.413615747131894640e-01 -5.413615747131894640e-01 -5.413615747131894640e-01
3.800000000000000000e+01 -7.731371604220985683e-01 -7.731371604220985683e-01 -7.731371604220985683e-01 -7.731371604220985683e-01
3.900000000000000000e+01 -8.518046496305539117e-01 -8.518046496305539117e-01 -8.518046496305539117e-01 -8.518046496305539117e-01
4.000000000000000000e+01 -7.298319428476922610e-01 -7.298319428476922610e-01 -7.298319428476922610e-01 -7.298319428476922610e-01
4.100000000000000000e+01 -5.949990727875711372e-01 -5.949990727875711372e-01 -5.949990727875711372e-01 -5.949990727875711372e-01
4.200000000000000000e+01 -8.780381343955041551e-01 -8.780381343955041551e-01 -8.780381343955041551e-01 -8.780381343955041551e-01
4.300000000000000000e+01 -4.562357612027611031e-01 -4.562357612027611031e-01 -4.562357612027611031e-01 -4.562357612027611031e-01
4.400000000000000000e+01 -8.526216915345561365e-01 -8.526216915345561365e-01 -8.526216915345561365e-01 -8.526216915345561365e-01
4.500000000000000000e+01 -5.161572895392315674e-01 -5.161572895392315674e-01 -5.161572895392315674e-01 -5.161572895392315674e-01
4.600000000000000000e+01 -5.906168759187777617e-01 -5.906168759187777617e-01 -5.906168759187777617e-01 -5.906168759187777617e-01
4.700000000000000000e+01 -6.697575294041915317e-01 -6.697575294041915317e-01 -6.697575294041915317e-01 -6.697575294041915317e-01
4.800000000000000000e+01 -8.939618082727770476e-01 -8.939618082727770476e-01 -8.939618082727770476e-01 -8.939618082727770476e-01
4.900000000000000000e+01 -5.047345402264128422e-01 -5.047345402264128422e-01 -5.047345402264128422e-01 -5.047345402264128422e-01
5.000000000000000000e+01 -5.941038261019643274e-01 -5.941038261019643274e-01 -5.941038261019643274e-01 -5.941038261019643274e-01
5.100000000000000000e+01 -7.570163662123791104e-01 -7.570163662123791104e-01 -7.570163662123791104e-01 -7.570163662123791104e-01
5.200000000000000000e+01 -7.316503379070071755e-01 -7.316503379070071755e-01 -7.316503379070071755e-01 -7.316503379070071755e-01
5.300000000000000000e+01 -6.468895564373475793e-01 -6.468895564373475793e-01 -6.468895564373475793e-01 -6.468895564373475793e-01
5.400000000000000000e+01 -6.414223452121462499e-01 -6.414223452121462499e-01 -6.414223452121462499e-01 -6.414223452121462499e-01
5.500000000000000000e+01 -7.654094687931755070e-01 -7.654094687931755070e-01 -7.654094687931755070e-01 -7.654094687931755070e-01
5.600000000000000000e+01 -7.057635239877450006e-01 -7.057635239877450006e-01 -7.057635239877450006e-01 -7.057635239877450006e-01
5.700000000000000000e+01 -8.230659616232095521e-01 -8.230659616232095521e-01 -8.230659616232095521e-01 -8.230659616232095521e-01
5.800000000000000000e+01 -8.717162015242544415e-01 -8.717162015242544415e-01 -8.717162015242544415e-01 -8.717162015242544415e-01
5.900000000000000000e+01 -1.425150106642380399e+00 -1.425150106642380399e+00 -1.425150106642380399e+00 -1.425150106642380399e+00
6.000000000000000000e+01 -1.986600110660284191e+00 -1.986600110660284191e+00 -1.986600110660284191e+00 -1.986600110660284191e+00
6.100000000000000000e+01 -1.801500819674347387e+00 -1.801500819674347387e+00 -1.801500819674347387e+00 -1.801500819674347387e+00
6.200000000000000000e+01 -1.501218847727545658e+00 -1.501218847727545658e+00 -1.501218847727545658e+00 -1.501218847727545658e+00
6.300000000000000000e+01 -1.204958175538829890e+00 -1.204958175538829890e+00 -1.204958175538829890e+00 -1.204958175538829890e+00
6.400000000000000000e+01 -1.158879827547625307e+00 -1.158879827547625307e+00 -1.158879827547625307e+00 -1.158879827547625307e+00
6.500000000000000000e+01 -1.070764301903677662e+00 -1.070764301903677662e+00 -1.070764301903677662e+00 -1.070764301903677662e+00
6.600000000000000000e+01 -7.090484784909935057e-01 -7.090484784909935057e-01 -7.090484784909935057e-01 -7.090484784909935057e-01
6.700000000000000000e+01 -8.121691233350589734e-01 -8.121691233350589734e-01 -8.121691233350589734e-01 -8.121691233350589734e-01
6.800000000000000000e+01 -8.500273981000210366e-01 -8.500273981000210366e-01 -8.500273981000210366e-01 -8.500273981000210366e-01
6.900000000000000000e+01 -6.830962510619592587e-01 -6.830962510619592587e-01 -6.830962510619592587e-01 -6.830962510619592587e-01
7.000000000000000000e+01 -4.725361530694912049e-01 -4.725361530694912049e-01 -4.725361530694912049e-01 -4.725361530694912049e-01
7.100000000000000000e+01 -3.946153409222875608e-01 -3.946153409222875608e-01 -3.946153409222875608e-01 -3.946153409222875608e-01
7.200000000000000000e+01 -7.511241726341300051e-01 -7.511241726341300051e-01 -7.511241726341300051e-01 -7.511241726341300051e-01
7.300000000000000000e+01 -5.906703893116571624e-01 -5.906703893116571624e-01 -5.906703893116571624e-01 -5.906703893116571624e-01
7.400000000000000000e+01 -7.110185634231348528e-01 -7.110185634231348528e-01 -7.110185634231348528e-01 -7.110185634231348528e-01
7.500000000000000000e+01 -2.770600840672496901e-01 -2.770600840672496901e-01 -2.770600840672496901e-01 -2.770600840672496901e-01
7.600000000000000000e+01 -6.309590457273575037e-01 -6.309590457273575037e-01 -6.309590457273575037e-01 -6.309590457273575037e-01
7.700000000000000000e+01 -6.396751047824982273e-01 -6.396751047824982273e-01 -6.396751047824982273e-01 -6.396751047824982273e-01
7.800000000000000000e+01 -6.216971780245098556e-01 -6.216971780245098556e-01 -6.216971780245098556e-01 -6.216971780245098556e-01
7.900000000000000000e+01 -8.531515279077781511e-01 -8.531515279077781511e-01 -8.531515279077781511e-01 -8.531515279077781511e-01
8.000000000000000000e+01 -6.815645772433247540e-01 -6.815645772433247540e-01 -6.815645772433247540e-01 -6.815645772433247540e-01
8.100000000000000000e+01 -7.964003705753630591e-01 -7.964003705753630591e-01 -7.964003705753630591e-01 -7.964003705753630591e-01
8.200000000000000000e+01 -5.777366827128920246e-01 -5.777366827128920246e-01 -5.777366827128920246e-01 -5.777366827128920246e-01
8.300000000000000000e+01 -6.800541188058393249e-01 -6.800541188058393249e-01 -6.800541188058393249e-01 -6.800541188058393249e-01
8.400000000000000000e+01 -8.399447760193404777e-01 -8.399447760193404777e-01 -8.399447760193404777e-01 -8.399447760193404777e-01
8.500000000000000000e+01 -6.969351501933863657e-01 -6.969351501933863657e-01 -6.969351501933863657e-01 -6.969351501933863657e-01
8.600000000000000000e+01 -5.995799490592698122e-01 -5.995799490592698122e-01 -5.995799490592698122e-01 -5.995799490592698122e-01
8.700000000000000000e+01 -5.286049400683568988e-01 -5.286049400683568988e-01 -5.286049400683568988e-01 -5.286049400683568988e-01
8.800000000000000000e+01 -5.494859518595238690e-01 -5.494859518595238690e-01 -5.494859518595238690e-01 -5.494859518595238690e-01
8.900000000000000000e+01 -5.786864264713208472e-01 -5.786864264713208472e-01 -5.786864264713208472e-01 -5.786864264713208472e-01
9.000000000000000000e+01 -2.847726465063638579e-01 -2.847726465063638579e-01 -2.847726465063638579e-01 -2.847726465063638579e-01
9.100000000000000000e+01 -3.182426735719655064e-01 -3.182426735719655064e-01 -3.182426735719655064e-01 -3.182426735719655064e-01
9.200000000000000000e+01 -1.611106718715505370e-01 -1.611106718715505370e-01 -1.611106718715505370e-01 -1.611106718715505370e-01
9.300000000000000000e+01 -4.952432431950822278e-01 -4.952432431950822278e-01 -4.952432431950822278e-01 -4.952432431950822278e-01
9.400000000000000000e+01 -9.800261080312245854e-01 -9.800261080312245854e-01 -9.800261080312245854e-01 -9.800261080312245854e-01
9.500000000000000000e+01 -1.129706502651508959e+00 -1.129706502651508959e+00 -1.129706502651508959e+00 -1.129706502651508959e+00
9.600000000000000000e+01 -1.760154497863028578e+00 -1.760154497863028578e+00 -1.760154497863028578e+00 -1.760154497863028578e+00
9.700000000000000000e+01 -1.117343992909100026e+00 -1.117343992909100026e+00 -1.117343992909100026e+00 -1.117343992909100026e+00
9.800000000000000000e+01 -8.589563790489692652e-01 -8.589563790489692652e-01 -8.589563790489692652e-01 -8.589563790489692652e-01
