0.000000000000000000e+00 -5.145802525516304740e+03 -5.145802525516304740e+03 -5.145802525516304740e+03 -5.145802525516304740e+03
1.000000000000000000e+00 -6.581130697592908291e+03 -6.581130697592908291e+03 -6.581130697592908291e+03 -6.581130697592908291e+03
2.000000000000000000e+00 4.073484135977569622e+03 4.073484135977569622e+03 4.073484135977569622e+03 4.073484135977569622e+03
3.000000000000000000e+00 4.553295697448362262e+03 4.553295697448362262e+03 4.553295697448362262e+03 4.553295697448362262e+03
4.000000000000000000e+00 2.294446873281339663e+02 2.294446873281339663e+02 2.294446873281339663e+02 2.294446873281339663e+02
5.000000000000000000e+00 4.603928848145329766e+01 4.603928848145329766e+01 4.603928848145329766e+01 4.603928848145329766e+01
6.000000000000000000e+00 -2.440903328858211125e+02 -2.440903328858211125e+02 -2.440903328858211125e+02 -2.440903328858211125e+02
7.000000000000000000e+00 6.630434007301205384e+03 6.630434007301205384e+03 6.630434007301205384e+03 6.630434007301205384e+03
8.000000000000000000e+00 5.466090327901473756e+03 5.466090327901473756e+03 5.466090327901473756e+03 5.466090327901473756e+03
9.000000000000000000e+00 4.635369812138614179e+03 4.635369812138614179e+03 4.635369812138614179e+03 4.635369812138614179e+03
1.000000000000000000e+01 5.680876240257713761e+01 5.680876240257713761e+01 5.680876240257713761e+01 5.680876240257713761e+01
1.100000000000000000e+01 1.732997092330009821e+02 1.732997092330009821e+02 1.732997092330009821e+02 1.732997092330009821e+02
1.200000000000000000e+01 -2.129969993695717108e+02 -2.129969993695717108e+02 -2.129969993695717108e+02 -2.129969993695717108e+02
1.300000000000000000e+01 2.103920619615518888e+02 2.103920619615518888e+02 2.103920619615518888e+02 2.103920619615518888e+02
1.400000000000000000e+01 -3.428263273144663344e+03 -3.428263273144663344e+03 -3.428263273144663344e+03 -3.428263273144663344e+03
1.500000000000000000e+01 4.300044545773444952e+03 4.300044545773444952e+03 4.300044545773444952e+03 4.300044545773444952e+03
1.600000000000000000e+01 7.747366852940186845e+02 7.747366852940186845e+02 7.747366852940186845e+02 7.747366852940186845e+02
1.700000000000000000e+01 6.648672519797145469e+03 6.648672519797145469e+03 6.648672519797145469e+03 6.648672519797145469e+03
1.800000000000000000e+01 4.962455369682170385e+03 4.962455369682170385e+03 4.962455369682170385e+03 4.962455369682170385e+03
1.900000000000000000e+01 -6.043198903465791773e+03 -6.043198903465791773e+03 -6.043198903465791773e+03 -6.043198903465791773e+03
2.000000000000000000e+01 -6.662435938170401641e+03 -6.662435938170401641e+03 -6.662435938170401641e+03 -6.662435938170401641e+03
2.100000000000000000e+01 -1.292398055739918448e+02 -1.292398055739918448e+02 -1.292398055739918448e+02 -1.292398055739918448e+02
2.200000000000000000e+01 -5.116420446647645804e+03 -5.116420446647645804e+03 -5.116420446647645804e+03 -5.116420446647645804e+03
2.300000000000000000e+01 6.310034239555918134e+01 6.310034239555918134e+01 6.310034239555918134e+01 6.310034239555918134e+01
2.400000000000000000e+01 6.632848538781173374e+03 6.632848538781173374e+03 6.632848538781173374e+03 6.632848538781173374e+03
2.500000000000000000e+01 -1.880966045373664031e+02 -1.880966045373664031e+02 -1.880966045373664031e+02 -1.880966045373664031e+02
2.600000000000000000e+01 4.700424246239421336e+03 4.700424246239421336e+03 4.700424246239421336e+03 4.700424246239421336e+03
2.700000000000000000e+01 -5.320371992829360352e+03 -5.320371992829360352e+03 -5.320371992829360352e+03 -5.320371992829360352e+03
2.800000000000000000e+01 2.209590001186630559e+02 2.209590001186630559e+02 2.209590001186630559e+02 2.209590001186630559e+02
2.900000000000000000e+01 -3.622943328127403220e+03 -3.622943328127403220e+03 -3.622943328127403220e+03 -3.622943328127403220e+03
3.000000000000000000e+01 -1.531652134053574912e+02 -1.531652134053574912e+02 -1.531652134053574912e+02 -1.531652134053574912e+02
3.100000000000000000e+01 -5.245924820200926661e+03 -5.245924820200926661e+03 -5.245924820200926661e+03 -5.245924820200926661e+03
3.200000000000000000e+01 -3.117227978784395873e+03 -3.117227978784395873e+03 -3.117227978784395873e+03 -3.117227978784395873e+03
3.300000000000000000e+01 2.894670572014092613e+02 2.894670572014092613e+02 2.894670572014092613e+02 2.894670572014092613e+02
3.400000000000000000e+01 5.907672310673582615e+03 5.907672310673582615e+03 5.907672310673582615e+03 5.907672310673582615e+03
3.500000000000000000e+01 2.778953535675082094e+02 2.778953535675082094e+02 2.778953535675082094e+02 2.778953535675082094e+02
3.600000000000000000e+01 3.150749837834127902e+03 3.150749837834127902e+03 3.150749837834127902e+03 3.150749837834127902e+03
3.700000000000000000e+01 5.011585617451839425e+03 5.011585617451839425e+03 5.011585617451839425e+03 5.011585617451839425e+03
3.800000000000000000e+01 5.121248822386271058e+03 5.121248822386271058e+03 5.121248822386271058e+03 5.121248822386271058e+03
3.900000000000000000e+01 3.621806851909423585e+03 3.621806851909423585e+03 3.621806851909423585e+03 3.621806851909423585e+03
4.000000000000000000e+01 -3.275471725192608119e+01 -3.275471725192608119e+01 -3.275471725192608119e+01 -3.275471725192608119e+01
4.100000000000000000e+01 -3.567997717631825708e+03 -3.567997717631825708e+03 -3.567997717631825708e+03 -3.567997717631825708e+03
4.200000000000000000e+01 -1.360540967391640663e+02 -1.360540967391640663e+02 -1.360540967391640663e+02 -1.360540967391640663e+02
4.300000000000000000e+01 -7.555712728393648376e+02 -7.555712728393648376e+02 -7.555712728393648376e+02 -7.555712728393648376e+02
4.400000000000000000e+01 -4.600573553396012358e+03 -4.600573553396012358e+03 -4.600573553396012358e+03 -4.600573553396012358e+03
4.500000000000000000e+01 -4.594738526428507612e+03 -4.594738526428507612e+03 -4.594738526428507612e+03 -4.594738526428507612e+03
4.600000000000000000e+01 -5.312755931306011092e+01 -5.312755931306011092e+01 -5.312755931306011092e+01 -5.312755931306011092e+01
4.700000000000000000e+01 -5.964580516924884250e+03 -5.964580516924884250e+03 -5.964580516924884250e+03 -5.964580516924884250e+03
4.800000000000000000e+01 3.485454698898382048e+03 3.485454698898382048e+03 3.485454698898382048e+03 3.485454698898382048e+03
4.900000000000000000e+01 6.666631689460012240e+03 6.666631689460012240e+03 6.666631689460012240e+03 6.666631689460012240e+03
5.000000000000000000e+01 -6.004628142512044064e+01 -6.004628142512044064e+01 -6.004628142512044064e+01 -6.004628142512044064e+01
5.100000000000000000e+01 -6.304037732226047410e+03 -6.304037732226047410e+03 -6.304037732226047410e+03 -6.304037732226047410e+03
5.200000000000000000e+01 -3.224967469806915119e+02 -3.224967469806915119e+02 -3.224967469806915119e+02 -3.224967469806915119e+02
5.300000000000000000e+01 -1.276046424802029478e+01 -1.276046424802029478e+01 -1.276046424802029478e+01 -1.276046424802029478e+01
5.400000000000000000e+01 -4.618194054349455655e+03 -4.618194054349455655e+03 -4.618194054349455655e+03 -4.618194054349455655e+03
5.500000000000000000e+01 -5.794172940394770194e+03 -5.794172940394770194e+03 -5.794172940394770194e+03 -5.794172940394770194e+03
5.600000000000000000e+01 7.076675962881411579e+03 7.076675962881411579e+03 7.076675962881411579e+03 7.076675962881411579e+03
5.700000000000000000e+01 2.725858134822933607e+02 2.725858134822933607e+02 2.725858134822933607e+02 2.725858134822933607e+02
5.800000000000000000e+01 3.263204499259124532e+03 3.263204499259124532e+03 3.263204499259124532e+03 3.263204499259124532e+03
5.900000000000000000e+01 -8.723200325835534841e+01 -8.723200325835534841e+01 -8.723200325835534841e+01 -8.723200325835534841e+01
6.000000000000000000e+01 6.066287792924431415e+03 6.066287792924431415e+03 6.066287792924431415e+03 6.066287792924431415e+03
6.100000000000000000e+01 -6.152990556080364513e+03 -6.152990556080364513e+03 -6.152990556080364513e+03 -6.152990556080364513e+03
6.200000000000000000e+01 -6.263455178260501270e+03 -6.263455178260501270e+03 -6.263455178260501270e+03 -6.263455178260501270e+03
6.300000000000000000e+01 3.766316244305879081e+03 3.766316244305879081e+03 3.766316244305879081e+03 3.766316244305879081e+03
6.400000000000000000e+01 -3.072079252870150412e+03 -3.072079252870150412e+03 -3.072079252870150412e+03 -3.072079252870150412e+03
6.500000000000000000e+01 -3.112085666557118202e+03 -3.112085666557118202e+03 -3.112085666557118202e+03 -3.112085666557118202e+03
6.600000000000000000e+01 3.567825001136121728e+02 3.567825001136121728e+02 3.567825001136121728e+02 3.567825001136121728e+02
6.700000000000000000e+01 -1.759653680211320079e+02 -1.759653680211320079e+02 -1.759653680211320079e+02 -1.759653680211320079e+02
6.800000000000000000e+01 1.037315570625403780e+03 1.037315570625403780e+03 1.037315570625403780e+03 1.037315570625403780e+03
6.900000000000000000e+01 6.833072642620806619e+03 6.833072642620806619e+03 6.833072642620806619e+03 6.833072642620806619e+03
7.000000000000000000e+01 8.184377320799170263e+01 8.184377320799170263e+01 8.184377320799170263e+01 8.184377320799170263e+01
7.100000000000000000e+01 9.538805336581756933e+01 9.538805336581756933e+01 9.538805336581756933e+01 9.538805336581756933e+01
7.200000000000000000e+01 -6.379311231186068653e+03 -6.379311231186068653e+03 -6.379311231186068653e+03 -6.379311231186068653e+03
7.300000000000000000e+01 2.977137569320919965e+02 2.977137569320919965e+02 2.977137569320919965e+02 2.977137569320919965e+02
7.400000000000000000e+01 4.748448102668117343e+01 4.748448102668117343e+01 4.748448102668117343e+01 4.748448102668117343e+01
7.500000000000000000e+01 7.028889597760179640e+03 7.028889597760179640e+03 7.028889597760179640e+03 7.028889597760179640e+03
7.600000000000000000e+01 6.781346015537166068e+02 6.781346015537166068e+02 6.781346015537166068e+02 6.781346015537166068e+02
7.700000000000000000e+01 -3.380478002861985715e+03 -3.380478002861985715e+03 -3.380478002861985715e+03 -3.380478002861985715e+03
7.800000000000000000e+01 -7.743693551573366676e+03 -7.743693551573366676e+03 -7.743693551573366676e+03 -7.743693551573366676e+03
7.900000000000000000e+01 4.266677364343397130e+03 4.266677364343397130e+03 4.266677364343397130e+03 4.266677364343397130e+03
8.000000000000000000e+01 6.508453709858983530e+03 6.508453709858983530e+03 6.508453709858983530e+03 6.508453709858983530e+03
8.100000000000000000e+01 2.333099923406405196e+02 2.333099923406405196e+02 2.333099923406405196e+02 2.333099923406405196e+02
8.200000000000000000e+01 -8.875918744018731559e+02 -8.875918744018731559e+02 -8.875918744018731559e+02 -8.875918744018731559e+02
8.300000000000000000e+01 -2.989641716460819794e+02 -2.989641716460819794e+02 -2.989641716460819794e+02 -2.989641716460819794e+02
8.400000000000000000e+01 -3.552426195766847705e+00 -3.552426195766847705e+00 -3.552426195766847705e+00 -3.552426195766847705e+00
8.500000000000000000e+01 8.403097184856653257e+03 8.403097184856653257e+03 8.403097184856653257e+03 8.403097184856653257e+03
8.600000000000000000e+01 -6.516533919832601896e+03 -6.516533919832601896e+03 -6.516533919832601896e+03 -6.516533919832601896e+03
8.700000000000000000e+01 -4.438155078371732088e+03 -4.438155078371732088e+03 -4.438155078371732088e+03 -4.438155078371732088e+03
8.800000000000000000e+01 -4.126324392700239514e+03 -4.126324392700239514e+03 -4.126324392700239514e+03 -4.126324392700239514e+03
8.900000000000000000e+01 -4.166765948303379474e+01 -4.166765948303379474e+01 -4.166765948303379474e+01 -4.166765948303379474e+01
9.000000000000000000e+01 4.190786474479536423e+02 4.190786474479536423e+02 4.190786474479536423e+02 4.190786474479536423e+02
9.100000000000000000e+01 -5.031009654370296630e+03 -5.031009654370296630e+03 -5.031009654370296630e+03 -5.031009654370296630e+03
9.200000000000000000e+01 2.897852964539947152e+03 2.897852964539947152e+03 2.897852964539947152e+03 2.897852964539947152e+03
9.300000000000000000e+01 -3.363416249673121570e+02 -3.363416249673121570e+02 -3.363416249673121570e+02 -3.363416249673121570e+02
9.400000000000000000e+01 -2.863663919488697047e+03 -2.863663919488697047e+03 -2.863663919488697047e+03 -2.863663919488697047e+03
9.500000000000000000e+01 -5.240919506491110042e+03 -5.240919506491110042e+03 -5.240919506491110042e+03 -5.240919506491110042e+03
9.600000000000000000e+01 2.523548330653927678e+02 2.523548330653927678e+02 2.523548330653927678e+02 2.523548330653927678e+02
9.700000000000000000e+01 1.470311284953526751e+02 1.470311284953526751e+02 1.470311284953526751e+02 1.470311284953526751e+02
9.800000000000000000e+01 -3.185824701105465806e+02 -3.185824701105465806e+02 -3.185824701105465806e+02 -3.185824701105465806e+02
9.900000000000000000e+01 -6.290524209460266320e+03 -6.290524209460266320e+03 -6.290524209460266320e+03 -6.290524209460266320e+03
