0.000000000000000000e+00 -4.008239679878898620e+00 -4.008239679878898620e+00 -4.008239679878898620e+00 -4.008239679878898620e+00
1.000000000000000000e+00 -3.433888658691794493e+00 -3.433888658691794493e+00 -3.433888658691794493e+00 -3.433888658691794493e+00
2.000000000000000000e+00 -2.566601378276797796e+00 -2.566601378276797796e+00 -2.566601378276797796e+00 -2.566601378276797796e+00
3.000000000000000000e+00 -1.422757947424972302e+00 -1.422757947424972302e+00 -1.422757947424972302e+00 -1.422757947424972302e+00
4.000000000000000000e+00 -8.511269341021271417e-01 -8.511269341021271417e-01 -8.511269341021271417e-01 -8.511269341021271417e-01
5.000000000000000000e+00 -6.636809950513340439e-01 -6.636809950513340439e-01 -6.636809950513340439e-01 -6.636809950513340439e-01
6.000000000000000000e+00 -1.432936714709125703e-01 -1.432936714709125703e-01 -1.432936714709125703e-01 -1.432936714709125703e-01
7.000000000000000000e+00 8.599448263661343961e-02 8.599448263661343961e-02 8.599448263661343961e-02 8.599448263661343961e-02
8.000000000000000000e+00 1.429731918875146723e-01 1.429731918875146723e-01 1.429731918875146723e-01 1.429731918875146723e-01
9.000000000000000000e+00 6.256810599119256855e-01 6.256810599119256855e-01 6.256810599119256855e-01 6.256810599119256855e-01
1.000000000000000000e+01 6.670770541392109232e-01 6.670770541392109232e-01 6.670770541392109232e-01 6.670770541392109232e-01
1.100000000000000000e+01 8.227702409260324590e-01 8.227702409260324590e-01 8.227702409260324590e-01 8.227702409260324590e-01
1.200000000000000000e+01 7.739617302816030886e-01 7.739617302816030886e-01 7.739617302816030886e-01 7.739617302816030886e-01
1.300000000000000000e+01 1.339064749382283814e+00 1.339064749382283814e+00 1.339064749382283814e+00 1.339064749382283814e+00
1.400000000000000000e+01 8.006507590866170920e-01 8.006507590866170920e-01 8.006507590866170920e-01 8.006507590866170920e-01
1.500000000000000000e+01 1.225441256139326862e+00 1.225441256139326862e+00 1.225441256139326862e+00 1.225441256139326862e+00
1.600000000000000000e+01 1.269852943836341064e+00 1.269852943836341064e+00 1.269852943836341064e+00 1.269852943836341064e+00
1.700000000000000000e+01 1.375178175117034884e+00 1.375178175117034884e+00 1.375178175117034884e+00 1.375178175117034884e+00
1.800000000000000000e+01 6.727382547367695143e-01 6.727382547367695143e-01 6.727382547367695143e-01 6.727382547367695143e-01
1.900000000000000000e+01 1.024060862053360887e+00 1.024060862053360887e+00 1.024060862053360887e+00 1.024060862053360887e+00
2.000000000000000000e+01 7.106254988326921040e-01 7.106254988326921040e-01 7.106254988326921040e-01 7.106254988326921040e-01
2.100000000000000000e+01 9.009335226536540064e-01 9.009335226536540064e-01 9.009335226536540064e-01 9.009335226536540064e-01
2.200000000000000000e+01 1.416151546254045490e+00 1.416151546254045490e+00 1.416151546254045490e+00 1.416151546254045490e+00
2.300000000000000000e+01 8.104103184241535640e-01 8.104103184241535640e-01 8.104103184241535640e-01 8.104103184241535640e-01
2.400000000000000000e+01 1.201781514657296768e+00 1.201781514657296768e+00 1.201781514657296768e+00 1.201781514657296768e+00
2.500000000000000000e+01 1.103026980406380586e+00 1.103026980406380586e+00 1.103026980406380586e+00 1.103026980406380586e+00
2.600000000000000000e+01 1.609006875098457634e+00 1.609006875098457634e+00 1.609006875098457634e+00 1.609006875098457634e+00
2.700000000000000000e+01 1.305285443851708083e+00 1.305285443851708083e+00 1.305285443851708083e+00 1.305285443851708083e+00
2.800000000000000000e+01 1.694254689121511115e+00 1.694254689121511115e+00 1.694254689121511115e+00 1.694254689121511115e+00
2.900000000000000000e+01 1.481969995766107662e+00 1.481969995766107662e+00 1.481969995766107662e+00 1.481969995766107662e+00
3.000000000000000000e+01 1.910473525066820999e+00 1.910473525066820999e+00 1.910473525066820999e+00 1.910473525066820999e+00
3.100000000000000000e+01 1.769191283961459860e+00 1.769191283961459860e+00 1.769191283961459860e+00 1.769191283961459860e+00
3.200000000000000000e+01 1.588829082970535378e+00 1.588829082970535378e+00 1.588829082970535378e+00 1.588829082970535378e+00
3.300000000000000000e+01 1.952327775228522411e+00 1.952327775228522411e+00 1.952327775228522411e+00 1.952327775228522411e+00
3.400000000000000000e+01 1.884312110569901666e+00 1.884312110569901666e+00 1.884312110569901666e+00 1.884312110569901666e+00
3.500000000000000000e+01 2.152963687333523612e+00 2.152963687333523612e+00 2.152963687333523612e+00 2.152963687333523612e+00
3.600000000000000000e+01 1.838974275798179736e+00 1.838974275798179736e+00 1.838974275798179736e+00 1.838974275798179736e+00
3.700000000000000000e+01 1.770901370539440967e+00 1.770901370539440967e+00 1.770901370539440967e+00 1.770901370539440967e+00
3.800000000000000000e+01 1.982488309639786284e+00 1.982488309639786284e+00 1.982488309639786284e+00 1.982488309639786284e+00
3.900000000000000000e+01 1.603307299931350682e+00 1.603307299931350682e+00 1.603307299931350682e+00 1.603307299931350682e+00
4.000000000000000000e+01 1.917095864781199976e+00 1.917095864781199976e+00 1.917095864781199976e+00 1.917095864781199976e+00
4.100000000000000000e+01 1.927837989825298415e+00 1.927837989825298415e+00 1.927837989825298415e+00 1.927837989825298415e+00
4.200000000000000000e+01 2.174027041184543041e+00 2.174027041184543041e+00 2.174027041184543041e+00 2.174027041184543041e+00
4.300000000000000000e+01 1.879940596040704293e+00 1.879940596040704293e+00 1.879940596040704293e+00 1.879940596040704293e+00
4.400000000000000000e+01 2.269414627528987705e+00 2.269414627528987705e+00 2.269414627528987705e+00 2.269414627528987705e+00
4.500000000000000000e+01 2.103109130983051855e+00 2.103109130983051855e+00 2.103109130983051855e+00 2.103109130983051855e+00
4.600000000000000000e+01 2.086938133871916623e+00 2.086938133871916623e+00 2.086938133871916623e+00 2.086938133871916623e+00
4.700000000000000000e+01 2.365329156161081858e+00 2.365329156161081858e+00 2.365329156161081858e+00 2.365329156161081858e+00
4.800000000000000000e+01 2.242746640522785828e+00 2.242746640522785828e+00 2.242746640522785828e+00 2.242746640522785828e+00
4.900000000000000000e+01 2.448480613183000365e+00 2.448480613183000365e+00 2.448480613183000365e+00 2.448480613183000365e+00
5.000000000000000000e+01 2.744283610803727402e+00 2.744283610803727402e+00 2.744283610803727402e+00 2.744283610803727402e+00
5.100000000000000000e+01 2.751241167121986297e+00 2.751241167121986297e+00 2.751241167121986297e+00 2.751241167121986297e+00
5.200000000000000000e+01 2.981476895195661392e+00 2.981476895195661392e+00 2.981476895195661392e+00 2.981476895195661392e+00
5.300000000000000000e+01 3.243968628930120612e+00 3.243968628930120612e+00 3.243968628930120612e+00 3.243968628930120612e+00
5.400000000000000000e+01 3.133185160627376842e+00 3.133185160627376842e+00 3.133185160627376842e+00 3.133185160627376842e+00
5.500000000000000000e+01 3.160106633690248579e+00 3.160106633690248579e+00 3.160106633690248579e+00 3.160106633690248579e+00
5.600000000000000000e+01 2.898227877608716696e+00 2.898227877608716696e+00 2.898227877608716696e+00 2.898227877608716696e+00
5.700000000000000000e+01 2.891663123176055450e+00 2.891663123176055450e+00 2.891663123176055450e+00 2.891663123176055450e+00
5.800000000000000000e+01 2.915421743807060206e+00 2.915421743807060206e+00 2.915421743807060206e+00 2.915421743807060206e+00
5.900000000000000000e+01 3.281666929729313953e+00 3.281666929729313953e+00 3.281666929729313953e+00 3.281666929729313953e+00
6.000000000000000000e+01 2.720331650168505089e+00 2.720331650168505089e+00 2.720331650168505089e+00 2.720331650168505089e+00
6.100000000000000000e+01 3.229381103213138093e+00 3.229381103213138093e+00 3.229381103213138093e+00 3.229381103213138093e+00
6.200000000000000000e+01 3.580873214248411429e+00 3.580873214248411429e+00 3.580873214248411429e+00 3.580873214248411429e+00
6.300000000000000000e+01 3.133809515234655230e+00 3.133809515234655230e+00 3.133809515234655230e+00 3.133809515234655230e+00
6.400000000000000000e+01 3.314437506434527503e+00 3.314437506434527503e+00 3.314437506434527503e+00 3.314437506434527503e+00
6.500000000000000000e+01 2.916641089044507140e+00 2.916641089044507140e+00 2.916641089044507140e+00 2.916641089044507140e+00
6.600000000000000000e+01 2.839857857726770352e+00 2.839857857726770352e+00 2.839857857726770352e+00 2.839857857726770352e+00
6.700000000000000000e+01 2.788152258537245576e+00 2.788152258537245576e+00 2.788152258537245576e+00 2.788152258537245576e+00
6.800000000000000000e+01 2.551525765772893806e+00 2.551525765772893806e+00 2.551525765772893806e+00 2.551525765772893806e+00
6.900000000000000000e+01 3.428832929911657335e+00 3.428832929911657335e+00 3.428832929911657335e+00 3.428832929911657335e+00
7.000000000000000000e+01 3.309334393542063602e+00 3.309334393542063602e+00 3.309334393542063602e+00 3.309334393542063602e+00
7.100000000000000000e+01 3.144155114308322396e+00 3.144155114308322396e+00 3.144155114308322396e+00 3.144155114308322396e+00
7.200000000000000000e+01 3.853926768843018991e+00 3.853926768843018991e+00 3.853926768843018991e+00 3.853926768843018991e+00
7.300000000000000000e+01 3.424983727118373622e+00 3.424983727118373622e+00 3.424983727118373622e+00 3.424983727118373622e+00
7.400000000000000000e+01 3.719998905692480928e+00 3.719998905692480928e+00 3.719998905692480928e+00 3.719998905692480928e+00
7.500000000000000000e+01 3.245894896499897264e+00 3.245894896499897264e+00 3.245894896499897264e+00 3.245894896499897264e+00
7.600000000000000000e+01 2.974445671057778018e+00 2.974445671057778018e+00 2.974445671057778018e+00 2.974445671057778018e+00
7.700000000000000000e+01 2.843372254287599432e+00 2.843372254287599432e+00 2.843372254287599432e+00 2.843372254287599432e+00
7.800000000000000000e+01 3.070270653461489196e+00 3.070270653461489196e+00 3.070270653461489196e+00 3.070270653461489196e+00
7.900000000000000000e+01 2.717946310074036642e+00 2.717946310074036642e+00 2.717946310074036642e+00 2.717946310074036642e+00
8.000000000000000000e+01 2.847652659172779988e+00 2.847652659172779988e+00 2.847652659172779988e+00 2.847652659172779988e+00
8.100000000000000000e+01 3.079139380902499834e+00 3.079139380902499834e+00 3.079139380902499834e+00 3.079139380902499834e+00
8.200000000000000000e+01 2.708132677337484751e+00 2.708132677337484751e+00 2.708132677337484751e+00 2.708132677337484751e+00
8.300000000000000000e+01 2.847682756504488655e+00 2.847682756504488655e+00 2.847682756504488655e+00 2.847682756504488655e+00
8.400000000000000000e+01 2.413360752120137231e+00 2.413360752120137231e+00 2.413360752120137231e+00 2.413360752120137231e+00
8.500000000000000000e+01 2.377615654029302306e+00 2.377615654029302306e+00 2.377615654029302306e+00 2.377615654029302306e+00
8.600000000000000000e+01 2.278512680433969262e+00 2.278512680433969262e+00 2.278512680433969262e+00 2.278512680433969262e+00
8.700000000000000000e+01 2.280249388627308083e+00 2.280249388627308083e+00 2.280249388627308083e+00 2.280249388627308083e+00
8.800000000000000000e+01 2.164696159890273197e+00 2.164696159890273197e+00 2.164696159890273197e+00 2.164696159890273197e+00
8.900000000000000000e+01 2.494206803506527237e+00 2.494206803506527237e+00 2.494206803506527237e+00 2.494206803506527237e+00
9.000000000000000000e+01 2.610455119419554659e+00 2.610455119419554659e+00 2.610455119419554659e+00 2.610455119419554659e+00
9.100000000000000000e+01 2.501013271551288941e+00 2.501013271551288941e+00 2.501013271551288941e+00 2.501013271551288941e+00
9.200000000000000000e+01 2.620064225418054615e+00 2.620064225418054615e+00 2.620064225418054615e+00 2.620064225418054615e+00
9.300000000000000000e+01 2.397292207137706299e+00 2.397292207137706299e+00 2.397292207137706299e+00 2.397292207137706299e+00
9.400000000000000000e+01 2.702964031145957513e+00 2.702964031145957513e+00 2.702964031145957513e+00 2.702964031145957513e+00
9.500000000000000000e+01 2.125032886441323043e+00 2.125032886441323043e+00 2.125032886441323043e+00 2.125032886441323043e+00
9.600000000000000000e+01 1.817422552534652791e+00 1.817422552534652791e+00 1.817422552534652791e+00 1.817422552534652791e+00
9.700000000000000000e+01 1.801855300961636708e+00 1.801855300961636708e+00 1.801855300961636708e+00 1.801855300961636708e+00
9.800000000000000000e+01 1.756768049153979883e+00 1.756768049153979883e+00 1.756768049153979883e+00 1.756768049153979883e+00
