0.000000000000000000e+00 1.838942180737182519e-01 1.838942180737182519e-01 1.838942180737182519e-01 1.838942180737182519e-01
1.000000000000000000e+00 -3.181593821242316711e-01 -3.181593821242316711e-01 -3.181593821242316711e-01 -3.181593821242316711e-01
2.000000000000000000e+00 1.590674990517320642e-01 1.590674990517320642e-01 1.590674990517320642e-01 1.590674990517320642e-01
3.000000000000000000e+00 4.715633162664244898e-02 4.715633162664244898e-02 4.715633162664244898e-02 4.715633162664244898e-02
4.000000000000000000e+00 8.276599224084232320e-01 8.276599224084232320e-01 8.276599224084232320e-01 8.276599224084232320e-01
5.000000000000000000e+00 -3.537705483190087818e-01 -3.537705483190087818e-01 -3.537705483190087818e-01 -3.537705483190087818e-01
6.000000000000000000e+00 -3.227665496283667057e-01 -3.227665496283667057e-01 -3.227665496283667057e-01 -3.227665496283667057e-01
7.000000000000000000e+00 3.379419548995620803e-01 3.379419548995620803e-01 3.379419548995620803e-01 3.379419548995620803e-01
8.000000000000000000e+00 4.866604905877247034e-01 4.866604905877247034e-01 4.866604905877247034e-01 4.866604905877247034e-01
9.000000000000000000e+00 6.135185286397776272e-02 6.135185286397776272e-02 6.135185286397776272e-02 6.135185286397776272e-02
1.000000000000000000e+01 -2.800364499303475418e-01 -2.800364499303475418e-01 -2.800364499303475418e-01 -2.800364499303475418e-01
1.100000000000000000e+01 -1.969434991887925868e-01 -1.969434991887925868e-01 -1.969434991887925868e-01 -1.969434991887925868e-01
1.200000000000000000e+01 1.816906832544852579e-01 1.816906832544852579e-01 1.816906832544852579e-01 1.816906832544852579e-01
1.300000000000000000e+01 -5.794506063907308713e-01 -5.794506063907308713e-01 -5.794506063907308713e-01 -5.794506063907308713e-01
1.400000000000000000e+01 5.439988535562548799e-01 5.439988535562548799e-01 5.439988535562548799e-01 5.439988535562548799e-01
1.500000000000000000e+01 1.514719322821365677e-01 1.514719322821365677e-01 1.514719322821365677e-01 1.514719322821365677e-01
1.600000000000000000e+01 -9.495001196881067140e-02 -9.495001196881067140e-02 -9.495001196881067140e-02 -9.495001196881067140e-02
1.700000000000000000e+01 1.235966850274738821e-01 1.235966850274738821e-01 1.235966850274738821e-01 1.235966850274738821e-01
1.800000000000000000e+01 -2.435350139374020673e-01 -2.435350139374020673e-01 -2.435350139374020673e-01 -2.435350139374020673e-01
1.900000000000000000e+01 1.611631151370602200e-01 1.611631151370602200e-01 1.611631151370602200e-01 1.611631151370602200e-01
2.000000000000000000e+01 9.319386162955209385e-02 9.319386162955209385e-02 9.319386162955209385e-02 9.319386162955209385e-02
2.100000000000000000e+01 -1.104041081084536025e+00 -1.104041081084536025e+00 -1.104041081084536025e+00 -1.104041081084536025e+00
2.200000000000000000e+01 -8.444765683310384574e-01 -8.444765683310384574e-01 -8.444765683310384574e-01 -8.444765683310384574e-01
2.300000000000000000e+01 5.145918909743977254e-01 5.145918909743977254e-01 5.145918909743977254e-01 5.145918909743977254e-01
2.400000000000000000e+01 1.013292412839011281e+00 1.013292412839011281e+00 1.013292412839011281e+00 1.013292412839011281e+00
2.500000000000000000e+01 5.111656984453408770e-01 5.111656984453408770e-01 5.111656984453408770e-01 5.111656984453408770e-01
2.600000000000000000e+01 2.284190660218651248e-01 2.284190660218651248e-01 2.284190660218651248e-01 2.284190660218651248e-01
2.700000000000000000e+01 -2.650218432240686317e-01 -2.650218432240686317e-01 -2.650218432240686317e-01 -2.650218432240686317e-01
2.800000000000000000e+01 2.957017510591858911e-01 2.957017510591858911e-01 2.957017510591858911e-01 2.957017510591858911e-01
2.900000000000000000e+01 -4.553987207878591459e-01 -4.553987207878591459e-01 -4.553987207878591459e-01 -4.553987207878591459e-01
3.000000000000000000e+01 -5.123428507126760456e-01 -5.123428507126760456e-01 -5.123428507126760456e-01 -5.123428507126760456e-01
3.100000000000000000e+01 -1.312483761447510888e+00 -1.312483761447510888e+00 -1.312483761447510888e+00 -1.312483761447510888e+00
3.200000000000000000e+01 -1.470149806481011234e+00 -1.470149806481011234e+00 -1.470149806481011234e+00 -1.470149806481011234e+00
3.300000000000000000e+01 -1.664864368607899436e+00 -1.664864368607899436e+00 -1.664864368607899436e+00 -1.664864368607899436e+00
3.400000000000000000e+01 -7.810941188054332240e-01 -7.810941188054332240e-01 -7.810941188054332240e-01 -7.810941188054332240e-01
3.500000000000000000e+01 -1.603610618614065633e-02 -1.603610618614065633e-02 -1.603610618614065633e-02 -1.603610618614065633e-02
3.600000000000000000e+01 3.693411595475626363e-01 3.693411595475626363e-01 3.693411595475626363e-01 3.693411595475626363e-01
3.700000000000000000e+01 5.533227262438297211e-01 5.533227262438297211e-01 5.533227262438297211e-01 5.533227262438297211e-01
3.800000000000000000e+01 -6.464302232356103906e-01 -6.464302232356103906e-01 -6.464302232356103906e-01 -6.464302232356103906e-01
3.900000000000000000e+01 1.125878711655850850e+00 1.125878711655850850e+00 1.125878711655850850e+00 1.125878711655850850e+00
4.000000000000000000e+01 -6.236032480208791862e-01 -6.236032480208791862e-01 -6.236032480208791862e-01 -6.236032480208791862e-01
4.100000000000000000e+01 1.650622282116318007e-01 1.650622282116318007e-01 1.650622282116318007e-01 1.650622282116318007e-01
4.200000000000000000e+01 1.201463386999163996e+00 1.201463386999163996e+00 1.201463386999163996e+00 1.201463386999163996e+00
4.300000000000000000e+01 5.887983908173209935e-01 5.887983908173209935e-01 5.887983908173209935e-01 5.887983908173209935e-01
4.400000000000000000e+01 2.917942116172211886e-01 2.917942116172211886e-01 2.917942116172211886e-01 2.917942116172211886e-01
4.500000000000000000e+01 -2.935513887081854234e-01 -2.935513887081854234e-01 -2.935513887081854234e-01 -2.935513887081854234e-01
4.600000000000000000e+01 7.708640475344115117e-01 7.708640475344115117e-01 7.708640475344115117e-01 7.708640475344115117e-01
4.700000000000000000e+01 -1.351621192691578432e+00 -1.351621192691578432e+00 -1.351621192691578432e+00 -1.351621192691578432e+00
4.800000000000000000e+01 -2.602063167040037928e-01 -2.602063167040037928e-01 -2.602063167040037928e-01 -2.602063167040037928e-01
4.900000000000000000e+01 1.308012143292159495e-03 1.308012143292159495e-03 1.308012143292159495e-03 1.308012143292159495e-03
5.000000000000000000e+01 -1.415054932213231975e+00 -1.415054932213231975e+00 -1.415054932213231975e+00 -1.415054932213231975e+00
5.100000000000000000e+01 -1.042353442375153705e+00 -1.042353442375153705e+00 -1.042353442375153705e+00 -1.042353442375153705e+00
5.200000000000000000e+01 3.560124970827749369e-02 3.560124970827749369e-02 3.560124970827749369e-02 3.560124970827749369e-02
5.300000000000000000e+01 -1.124657648157722400e+00 -1.124657648157722400e+00 -1.124657648157722400e+00 -1.124657648157722400e+00
5.400000000000000000e+01 3.562406638986956309e-01 3.562406638986956309e-01 3.562406638986956309e-01 3.562406638986956309e-01
5.500000000000000000e+01 1.772890388454764765e-02 1.772890388454764765e-02 1.772890388454764765e-02 1.772890388454764765e-02
5.600000000000000000e+01 1.716059141214810069e+00 1.716059141214810069e+00 1.716059141214810069e+00 1.716059141214810069e+00
5.700000000000000000e+01 -3.340034014518009631e-01 -3.340034014518009631e-01 -3.340034014518009631e-01 -3.340034014518009631e-01
5.800000000000000000e+01 1.713597070910547915e+00 1.713597070910547915e+00 1.713597070910547915e+00 1.713597070910547915e+00
5.900000000000000000e+01 9.020473940140375513e-01 9.020473940140375513e-01 9.020473940140375513e-01 9.020473940140375513e-01
6.000000000000000000e+01 1.305224894584207929e-01 1.305224894584207929e-01 1.305224894584207929e-01 1.305224894584207929e-01
6.100000000000000000e+01 6.545953489943810988e-01 6.545953489943810988e-01 6.545953489943810988e-01 6.545953489943810988e-01
6.200000000000000000e+01 1.147046317278186622e+00 1.147046317278186622e+00 1.147046317278186622e+00 1.147046317278186622e+00
6.300000000000000000e+01 2.930566005614091973e-01 2.930566005614091973e-01 2.930566005614091973e-01 2.930566005614091973e-01
6.400000000000000000e+01 1.579516642517055480e+00 1.579516642517055480e+00 1.579516642517055480e+00 1.579516642517055480e+00
6.500000000000000000e+01 -1.656604905902378522e-01 -1.656604905902378522e-01 -1.656604905902378522e-01 -1.656604905902378522e-01
6.600000000000000000e+01 1.478589432892685851e+00 1.478589432892685851e+00 1.478589432892685851e+00 1.478589432892685851e+00
6.700000000000000000e+01 6.850942059829190356e-01 6.850942059829190356e-01 6.850942059829190356e-01 6.850942059829190356e-01
6.800000000000000000e+01 1.356864137147742122e+00 1.356864137147742122e+00 1.356864137147742122e+00 1.356864137147742122e+00
6.900000000000000000e+01 3.028335367841479275e-01 3.028335367841479275e-01 3.028335367841479275e-01 3.028335367841479275e-01
7.000000000000000000e+01 -1.922005498211526997e-01 -1.922005498211526997e-01 -1.922005498211526997e-01 -1.922005498211526997e-01
7.100000000000000000e+01 -3.512358770407042474e-01 -3.512358770407042474e-01 -3.512358770407042474e-01 -3.512358770407042474e-01
7.200000000000000000e+01 9.086577197846206211e-01 9.086577197846206211e-01 9.086577197846206211e-01 9.086577197846206211e-01
7.300000000000000000e+01 -2.501728857073460821e-01 -2.501728857073460821e-01 -2.501728857073460821e-01 -2.501728857073460821e-01
7.400000000000000000e+01 9.261392172423009717e-01 9.261392172423009717e-01 9.261392172423009717e-01 9.261392172423009717e-01
7.500000000000000000e+01 3.806322093414071794e-01 3.806322093414071794e-01 3.806322093414071794e-01 3.806322093414071794e-01
7.600000000000000000e+01 1.042649651752983297e+00 1.042649651752983297e+00 1.042649651752983297e+00 1.042649651752983297e+00
7.700000000000000000e+01 4.840386465369040381e-01 4.840386465369040381e-01 4.840386465369040381e-01 4.840386465369040381e-01
7.800000000000000000e+01 1.616883661158676988e+00 1.616883661158676988e+00 1.616883661158676988e+00 1.616883661158676988e+00
7.900000000000000000e+01 6.856732783516529262e-01 6.856732783516529262e-01 6.856732783516529262e-01 6.856732783516529262e-01
8.000000000000000000e+01 1.388824681811178685e+00 1.388824681811178685e+00 1.388824681811178685e+00 1.388824681811178685e+00
8.100000000000000000e+01 -8.583157732485155456e-02 -8.583157732485155456e-02 -8.583157732485155456e-02 -8.583157732485155456e-02
8.200000000000000000e+01 5.035925391746918223e-01 5.035925391746918223e-01 5.035925391746918223e-01 5.035925391746918223e-01
8.300000000000000000e+01 1.412467019455465378e+00 1.412467019455465378e+00 1.412467019455465378e+00 1.412467019455465378e+00
8.400000000000000000e+01 9.874934807742653531e-01 9.874934807742653531e-01 9.874934807742653531e-01 9.874934807742653531e-01
8.500000000000000000e+01 2.769067013380476228e-01 2.769067013380476228e-01 2.769067013380476228e-01 2.769067013380476228e-01
8.600000000000000000e+01 -1.425968318946170710e+00 -1.425968318946170710e+00 -1.425968318946170710e+00 -1.425968318946170710e+00
8.700000000000000000e+01 6.258459218758870568e-01 6.258459218758870568e-01 6.258459218758870568e-01 6.258459218758870568e-01
8.800000000000000000e+01 7.826423807823142953e-01 7.826423807823142953e-01 7.826423807823142953e-01 7.826423807823142953e-01
8.900000000000000000e+01 1.360328598400721845e+00 1.360328598400721845e+00 1.360328598400721845e+00 1.360328598400721845e+00
9.000000000000000000e+01 1.197042581572237863e+00 1.197042581572237863e+00 1.197042581572237863e+00 1.197042581572237863e+00
9.100000000000000000e+01 2.741958131358882000e-01 2.741958131358882000e-01 2.741958131358882000e-01 2.741958131358882000e-01
9.200000000000000000e+01 3.882003530999901808e-01 3.882003530999901808e-01 3.882003530999901808e-01 3.882003530999901808e-01
9.300000000000000000e+01 1.194285262323252272e+00 1.194285262323252272e+00 1.194285262323252272e+00 1.194285262323252272e+00
9.400000000000000000e+01 5.408960454496959391e-01 5.408960454496959391e-01 5.408960454496959391e-01 5.408960454496959391e-01
9.500000000000000000e+01 7.059221601197994689e-01 7.059221601197994689e-01 7.059221601197994689e-01 7.059221601197994689e-01
9.600000000000000000e+01 8.111236031190834916e-01 8.111236031190834916e-01 8.111236031190834916e-01 8.111236031190834916e-01
9.700000000000000000e+01 6.204920781593934453e-01 6.204920781593934453e-01 6.204920781593934453e-01 6.204920781593934453e-01
9.800000000000000000e+01 -3.181405703729248136e-01 -3.181405703729248136e-01 -3.181405703729248136e-01 -3.181405703729248136e-01
9.900000000000000000e+01 -9.798752038729103830e-01 -9.798752038729103830e-01 -9.798752038729103830e-01 -9.798752038729103830e-01
