0.000000000000000000e+00 -1.766663294489311697e+00 -1.766663294489311697e+00 -1.766663294489311697e+00 -1.766663294489311697e+00
1.000000000000000000e+00 -1.577905762765477116e+00 -1.577905762765477116e+00 -1.577905762765477116e+00 -1.577905762765477116e+00
2.000000000000000000e+00 -1.681803321686194952e+00 -1.681803321686194952e+00 -1.681803321686194952e+00 -1.681803321686194952e+00
3.000000000000000000e+00 -1.477560706027533310e+00 -1.477560706027533310e+00 -1.477560706027533310e+00 -1.477560706027533310e+00
4.000000000000000000e+00 -1.337224586064639675e+00 -1.337224586064639675e+00 -1.337224586064639675e+00 -1.337224586064639675e+00
5.000000000000000000e+00 -1.401584919676155172e+00 -1.401584919676155172e+00 -1.401584919676155172e+00 -1.401584919676155172e+00
6.000000000000000000e+00 -2.083690819693075458e+00 -2.083690819693075458e+00 -2.083690819693075458e+00 -2.083690819693075458e+00
7.000000000000000000e+00 -8.538177399138474621e-01 -8.538177399138474621e-01 -8.538177399138474621e-01 -8.538177399138474621e-01
8.000000000000000000e+00 -7.874771861238556436e-01 -7.874771861238556436e-01 -7.874771861238556436e-01 -7.874771861238556436e-01
9.000000000000000000e+00 -9.390157751689978127e-01 -9.390157751689978127e-01 -9.390157751689978127e-01 -9.390157751689978127e-01
1.000000000000000000e+01 -1.077346967477982087e+00 -1.077346967477982087e+00 -1.077346967477982087e+00 -1.077346967477982087e+00
1.100000000000000000e+01 -1.142487248396411248e+00 -1.142487248396411248e+00 -1.142487248396411248e+00 -1.142487248396411248e+00
1.200000000000000000e+01 -9.374667365708545530e-01 -9.374667365708545530e-01 -9.374667365708545530e-01 -9.374667365708545530e-01
1.300000000000000000e+01 -9.845536761737827547e-01 -9.845536761737827547e-01 -9.845536761737827547e-01 -9.845536761737827547e-01
1.400000000000000000e+01 -4.764391519840067701e-01 -4.764391519840067701e-01 -4.764391519840067701e-01 -4.764391519840067701e-01
1.500000000000000000e+01 -7.833798559482982871e-01 -7.833798559482982871e-01 -7.833798559482982871e-01 -7.833798559482982871e-01
1.600000000000000000e+01 -7.433016823896179126e-01 -7.433016823896179126e-01 -7.433016823896179126e-01 -7.433016823896179126e-01
1.700000000000000000e+01 -1.167142860128640658e+00 -1.167142860128640658e+00 -1.167142860128640658e+00 -1.167142860128640658e+00
1.800000000000000000e+01 -9.983036422597199033e-01 -9.983036422597199033e-01 -9.983036422597199033e-01 -9.983036422597199033e-01
1.900000000000000000e+01 -5.741268648973327782e-01 -5.741268648973327782e-01 -5.741268648973327782e-01 -5.741268648973327782e-01
2.000000000000000000e+01 -8.177951595649330940e-01 -8.177951595649330940e-01 -8.177951595649330940e-01 -8.177951595649330940e-01
2.100000000000000000e+01 -5.506048122893750785e-01 -5.506048122893750785e-01 -5.506048122893750785e-01 -5.506048122893750785e-01
2.200000000000000000e+01 -3.770588127206210838e-01 -3.770588127206210838e-01 -3.770588127206210838e-01 -3.770588127206210838e-01
2.300000000000000000e+01 -4.539609029998498135e-02 -4.539609029998498135e-02 -4.539609029998498135e-02 -4.539609029998498135e-02
2.400000000000000000e+01 -3.365082333582484764e-01 -3.365082333582484764e-01 -3.365082333582484764e-01 -3.365082333582484764e-01
2.500000000000000000e+01 -5.155361818492959491e-01 -5.155361818492959491e-01 -5.155361818492959491e-01 -5.155361818492959491e-01
2.600000000000000000e+01 -6.129148379657914925e-01 -6.129148379657914925e-01 -6.129148379657914925e-01 -6.129148379657914925e-01
2.700000000000000000e+01 -1.003502008624196140e+00 -1.003502008624196140e+00 -1.003502008624196140e+00 -1.003502008624196140e+00
2.800000000000000000e+01 -7.734764385757680882e-01 -7.734764385757680882e-01 -7.734764385757680882e-01 -7.734764385757680882e-01
2.900000000000000000e+01 -2.608458876367365509e-01 -2.608458876367365509e-01 -2.608458876367365509e-01 -2.608458876367365509e-01
3.000000000000000000e+01 -2.961154886342862169e-02 -2.961154886342862169e-02 -2.961154886342862169e-02 -2.961154886342862169e-02
3.100000000000000000e+01 -5.235433490836964854e-01 -5.235433490836964854e-01 -5.235433490836964854e-01 -5.235433490836964854e-01
3.200000000000000000e+01 -1.781145046908333973e-01 -1.781145046908333973e-01 -1.781145046908333973e-01 -1.781145046908333973e-01
3.300000000000000000e+01 -7.937943830288290981e-01 -7.937943830288290981e-01 -7.937943830288290981e-01 -7.937943830288290981e-01
3.400000000000000000e+01 7.612444704937154638e-02 7.612444704937154638e-02 7.612444704937154638e-02 7.612444704937154638e-02
3.500000000000000000e+01 -2.692841651143901838e-01 -2.692841651143901838e-01 -2.692841651143901838e-01 -2.692841651143901838e-01
3.600000000000000000e+01 -5.287223987132283649e-03 -5.287223987132283649e-03 -5.287223987132283649e-03 -5.287223987132283649e-03
3.700000000000000000e+01 -1.206459904833654395e+00 -1.206459904833654395e+00 -1.206459904833654395e+00 -1.206459904833654395e+00
3.800000000000000000e+01 -1.974212987702484101e+00 -1.974212987702484101e+00 -1.974212987702484101e+00 -1.974212987702484101e+00
3.900000000000000000e+01 -2.115128640873244592e+00 -2.115128640873244592e+00 -2.115128640873244592e+00 -2.115128640873244592e+00
4.000000000000000000e+01 -1.771871775627503309e+00 -1.771871775627503309e+00 -1.771871775627503309e+00 -1.771871775627503309e+00
4.100000000000000000e+01 -1.252532867051482812e+00 -1.252532867051482812e+00 -1.252532867051482812e+00 -1.252532867051482812e+00
4.200000000000000000e+01 -1.434455130703315762e+00 -1.434455130703315762e+00 -1.434455130703315762e+00 -1.434455130703315762e+00
4.300000000000000000e+01 -1.348166798652955745e+00 -1.348166798652955745e+00 -1.348166798652955745e+00 -1.348166798652955745e+00
4.400000000000000000e+01 -8.098062994174036744e-01 -8.098062994174036744e-01 -8.098062994174036744e-01 -8.098062994174036744e-01
4.500000000000000000e+01 -6.619802698874557301e-01 -6.619802698874557301e-01 -6.619802698874557301e-01 -6.619802698874557301e-01
4.600000000000000000e+01 -1.943751688839768232e-01 -1.943751688839768232e-01 -1.943751688839768232e-01 -1.943751688839768232e-01
4.700000000000000000e+01 1.993991732514033000e-01 1.993991732514033000e-01 1.993991732514033000e-01 1.993991732514033000e-01
4.800000000000000000e+01 -3.589240515957492494e-01 -3.589240515957492494e-01 -3.589240515957492494e-01 -3.589240515957492494e-01
4.900000000000000000e+01 -4.172032260099159950e-01 -4.172032260099159950e-01 -4.172032260099159950e-01 -4.172032260099159950e-01
5.000000000000000000e+01 3.392992252159687250e-01 3.392992252159687250e-01 3.392992252159687250e-01 3.392992252159687250e-01
5.100000000000000000e+01 -1.104024295935950306e+00 -1.104024295935950306e+00 -1.104024295935950306e+00 -1.104024295935950306e+00
5.200000000000000000e+01 -1.771138206287948158e+00 -1.771138206287948158e+00 -1.771138206287948158e+00 -1.771138206287948158e+00
5.300000000000000000e+01 -2.193505911289860055e+00 -2.193505911289860055e+00 -2.193505911289860055e+00 -2.193505911289860055e+00
5.400000000000000000e+01 -2.386407719858693266e+00 -2.386407719858693266e+00 -2.386407719858693266e+00 -2.386407719858693266e+00
5.500000000000000000e+01 -2.401294246613310701e+00 -2.401294246613310701e+00 -2.401294246613310701e+00 -2.401294246613310701e+00
5.600000000000000000e+01 -8.750909837327587315e-01 -8.750909837327587315e-01 -8.750909837327587315e-01 -8.750909837327587315e-01
5.700000000000000000e+01 -1.170162566200604104e+00 -1.170162566200604104e+00 -1.170162566200604104e+00 -1.170162566200604104e+00
5.800000000000000000e+01 -8.575450170186483811e-01 -8.575450170186483811e-01 -8.575450170186483811e-01 -8.575450170186483811e-01
5.900000000000000000e+01 -7.448246673167600029e-01 -7.448246673167600029e-01 -7.448246673167600029e-01 -7.448246673167600029e-01
6.000000000000000000e+01 -2.669957781308506806e-01 -2.669957781308506806e-01 -2.669957781308506806e-01 -2.669957781308506806e-01
6.100000000000000000e+01 1.904563102438194266e-01 1.904563102438194266e-01 1.904563102438194266e-01 1.904563102438194266e-01
6.200000000000000000e+01 6.627225855567228652e-02 6.627225855567228652e-02 6.627225855567228652e-02 6.627225855567228652e-02
6.300000000000000000e+01 1.463002591332155933e-01 1.463002591332155933e-01 1.463002591332155933e-01 1.463002591332155933e-01
6.400000000000000000e+01 1.004926302047414247e-02 1.004926302047414247e-02 1.004926302047414247e-02 1.004926302047414247e-02
6.500000000000000000e+01 2.381369674649631493e-02 2.381369674649631493e-02 2.381369674649631493e-02 2.381369674649631493e-02
6.600000000000000000e+01 -7.878059046882125716e-02 -7.878059046882125716e-02 -7.878059046882125716e-02 -7.878059046882125716e-02
6.700000000000000000e+01 2.797574242037183523e-01 2.797574242037183523e-01 2.797574242037183523e-01 2.797574242037183523e-01
6.800000000000000000e+01 2.637173575426326466e-01 2.637173575426326466e-01 2.637173575426326466e-01 2.637173575426326466e-01
6.900000000000000000e+01 9.415606414859722939e-02 9.415606414859722939e-02 9.415606414859722939e-02 9.415606414859722939e-02
7.000000000000000000e+01 4.498382232653466706e-02 4.498382232653466706e-02 4.498382232653466706e-02 4.498382232653466706e-02
7.100000000000000000e+01 -6.093278548354888989e-03 -6.093278548354888989e-03 -6.093278548354888989e-03 -6.093278548354888989e-03
7.200000000000000000e+01 1.775034489604502275e-01 1.775034489604502275e-01 1.775034489604502275e-01 1.775034489604502275e-01
7.300000000000000000e+01 -6.219662653368544097e-03 -6.219662653368544097e-03 -6.219662653368544097e-03 -6.219662653368544097e-03
7.400000000000000000e+01 4.637093740879717069e-02 4.637093740879717069e-02 4.637093740879717069e-02 4.637093740879717069e-02
7.500000000000000000e+01 -4.746680251643670689e-01 -4.746680251643670689e-01 -4.746680251643670689e-01 -4.746680251643670689e-01
7.600000000000000000e+01 -2.210112204036215056e-01 -2.210112204036215056e-01 -2.210112204036215056e-01 -2.210112204036215056e-01
7.700000000000000000e+01 -8.209423492874001749e-02 -8.209423492874001749e-02 -8.209423492874001749e-02 -8.209423492874001749e-02
7.800000000000000000e+01 -2.032875118301629910e-02 -2.032875118301629910e-02 -2.032875118301629910e-02 -2.032875118301629910e-02
7.900000000000000000e+01 -2.969761006415502225e-01 -2.969761006415502225e-01 -2.969761006415502225e-01 -2.969761006415502225e-01
8.000000000000000000e+01 -9.610797457793016085e-02 -9.610797457793016085e-02 -9.610797457793016085e-02 -9.610797457793016085e-02
8.100000000000000000e+01 1.922439234013633425e-01 1.922439234013633425e-01 1.922439234013633425e-01 1.922439234013633425e-01
8.200000000000000000e+01 1.139077586104372541e-01 1.139077586104372541e-01 1.139077586104372541e-01 1.139077586104372541e-01
8.300000000000000000e+01 -1.931287973227957533e-01 -1.931287973227957533e-01 -1.931287973227957533e-01 -1.931287973227957533e-01
8.400000000000000000e+01 1.382529017007642080e-01 1.382529017007642080e-01 1.382529017007642080e-01 1.382529017007642080e-01
8.500000000000000000e+01 3.422215886748992131e-01 3.422215886748992131e-01 3.422215886748992131e-01 3.422215886748992131e-01
8.600000000000000000e+01 6.353573925145428181e-01 6.353573925145428181e-01 6.353573925145428181e-01 6.353573925145428181e-01
8.700000000000000000e+01 -1.434456683695201629e-01 -1.434456683695201629e-01 -1.434456683695201629e-01 -1.434456683695201629e-01
8.800000000000000000e+01 -4.746206650709882680e-01 -4.746206650709882680e-01 -4.746206650709882680e-01 -4.746206650709882680e-01
8.900000000000000000e+01 -4.677849921172760328e-01 -4.677849921172760328e-01 -4.677849921172760328e-01 -4.677849921172760328e-01
9.000000000000000000e+01 -1.922636024079243278e+00 -1.922636024079243278e+00 -1.922636024079243278e+00 -1.922636024079243278e+00
9.100000000000000000e+01 -1.802711401063767260e+00 -1.802711401063767260e+00 -1.802711401063767260e+00 -1.802711401063767260e+00
9.200000000000000000e+01 -3.080335388893480797e+00 -3.080335388893480797e+00 -3.080335388893480797e+00 -3.080335388893480797e+00
9.300000000000000000e+01 -3.274471998070819012e+00 -3.274471998070819012e+00 -3.274471998070819012e+00 -3.274471998070819012e+00
9.400000000000000000e+01 -2.393173502683861642e+00 -2.393173502683861642e+00 -2.393173502683861642e+00 -2.393173502683861642e+00
9.500000000000000000e+01 -1.538170106899130252e+00 -1.538170106899130252e+00 -1.538170106899130252e+00 -1.538170106899130252e+00
9.600000000000000000e+01 -1.501751811288587923e+00 -1.501751811288587923e+00 -1.501751811288587923e+00 -1.501751811288587923e+00
9.700000000000000000e+01 -1.161308832915441069e+00 -1.161308832915441069e+00 -1.161308832915441069e+00 -1.161308832915441069e+00
9.800000000000000000e+01 -8.644231228651456655e-01 -8.644231228651456655e-01 -8.644231228651456655e-01 -8.644231228651456655e-01
