0.000000000000000000e+00 -1.217535240663464968e+00 -1.217535240663464968e+00 -1.217535240663464968e+00 -1.217535240663464968e+00
1.000000000000000000e+00 -3.970912399866312059e-01 -3.970912399866312059e-01 -3.970912399866312059e-01 -3.970912399866312059e-01
2.000000000000000000e+00 -3.593332695923150411e-01 -3.593332695923150411e-01 -3.593332695923150411e-01 -3.593332695923150411e-01
3.000000000000000000e+00 -7.696523315846111046e-01 -7.696523315846111046e-01 -7.696523315846111046e-01 -7.696523315846111046e-01
4.000000000000000000e+00 -4.058075486308428959e-01 -4.058075486308428959e-01 -4.058075486308428959e-01 -4.058075486308428959e-01
5.000000000000000000e+00 -3.075011669745835174e-01 -3.075011669745835174e-01 -3.075011669745835174e-01 -3.075011669745835174e-01
6.000000000000000000e+00 -3.480609047541901035e-01 -3.480609047541901035e-01 -3.480609047541901035e-01 -3.480609047541901035e-01
7.000000000000000000e+00 -5.116663971034680625e-01 -5.116663971034680625e-01 -5.116663971034680625e-01 -5.116663971034680625e-01
8.000000000000000000e+00 -6.049378888596608217e-01 -6.049378888596608217e-01 -6.049378888596608217e-01 -6.049378888596608217e-01
9.000000000000000000e+00 -5.294172477963992041e-01 -5.294172477963992041e-01 -5.294172477963992041e-01 -5.294172477963992041e-01
1.000000000000000000e+01 -2.296274656643606249e-01 -2.296274656643606249e-01 -2.296274656643606249e-01 -2.296274656643606249e-01
1.100000000000000000e+01 -7.941995705205141531e-01 -7.941995705205141531e-01 -7.941995705205141531e-01 -7.941995705205141531e-01
1.200000000000000000e+01 -5.638389266950786377e-02 -5.638389266950786377e-02 -5.638389266950786377e-02 -5.638389266950786377e-02
1.300000000000000000e+01 6.369017257204344362e-02 6.369017257204344362e-02 6.369017257204344362e-02 6.369017257204344362e-02
1.400000000000000000e+01 -7.058826998998096736e-01 -7.058826998998096736e-01 -7.058826998998096736e-01 -7.058826998998096736e-01
1.500000000000000000e+01 -2.238759895129475430e-01 -2.238759895129475430e-01 -2.238759895129475430e-01 -2.238759895129475430e-01
1.600000000000000000e+01 -2.441894306004415149e-01 -2.441894306004415149e-01 -2.441894306004415149e-01 -2.441894306004415149e-01
1.700000000000000000e+01 -3.077436918118044429e-01 -3.077436918118044429e-01 -3.077436918118044429e-01 -3.077436918118044429e-01
1.800000000000000000e+01 -5.298375652550288972e-01 -5.298375652550288972e-01 -5.298375652550288972e-01 -5.298375652550288972e-01
1.900000000000000000e+01 -6.516830628858975016e-01 -6.516830628858975016e-01 -6.516830628858975016e-01 -6.516830628858975016e-01
2.000000000000000000e+01 -5.684206769061604936e-01 -5.684206769061604936e-01 -5.684206769061604936e-01 -5.684206769061604936e-01
2.100000000000000000e+01 -2.700765467500559902e-01 -2.700765467500559902e-01 -2.700765467500559902e-01 -2.700765467500559902e-01
2.200000000000000000e+01 -2.313144006462649893e-01 -2.313144006462649893e-01 -2.313144006462649893e-01 -2.313144006462649893e-01
2.300000000000000000e+01 -3.262024594699206581e-01 -3.262024594699206581e-01 -3.262024594699206581e-01 -3.262024594699206581e-01
2.400000000000000000e+01 -2.749133922652206019e-01 -2.749133922652206019e-01 -2.749133922652206019e-01 -2.749133922652206019e-01
2.500000000000000000e+01 -3.623992834659117701e-01 -3.623992834659117701e-01 -3.623992834659117701e-01 -3.623992834659117701e-01
2.600000000000000000e+01 -2.765035202920764212e-01 -2.765035202920764212e-01 -2.765035202920764212e-01 -2.765035202920764212e-01
2.700000000000000000e+01 -4.303918006619483205e-01 -4.303918006619483205e-01 -4.303918006619483205e-01 -4.303918006619483205e-01
2.800000000000000000e+01 -4.308231932529796859e-01 -4.308231932529796859e-01 -4.308231932529796859e-01 -4.308231932529796859e-01
2.900000000000000000e+01 -3.079037279706317021e-01 -3.079037279706317021e-01 -3.079037279706317021e-01 -3.079037279706317021e-01
3.000000000000000000e+01 -2.836482382703883198e-01 -2.836482382703883198e-01 -2.836482382703883198e-01 -2.836482382703883198e-01
3.100000000000000000e+01 -7.630567888095404760e-02 -7.630567888095404760e-02 -7.630567888095404760e-02 -7.630567888095404760e-02
3.200000000000000000e+01 -9.843029186189078406e-02 -9.843029186189078406e-02 -9.843029186189078406e-02 -9.843029186189078406e-02
3.300000000000000000e+01 -1.925171778676325052e-01 -1.925171778676325052e-01 -1.925171778676325052e-01 -1.925171778676325052e-01
3.400000000000000000e+01 -4.515113179900029916e-01 -4.515113179900029916e-01 -4.515113179900029916e-01 -4.515113179900029916e-01
3.500000000000000000e+01 -3.452867233393311364e-01 -3.452867233393311364e-01 -3.452867233393311364e-01 -3.452867233393311364e-01
3.600000000000000000e+01 -4.121569436163740052e-01 -4.121569436163740052e-01 -4.121569436163740052e-01 -4.121569436163740052e-01
3.700000000000000000e+01 -3.851508239235566511e-01 -3.851508239235566511e-01 -3.851508239235566511e-01 -3.851508239235566511e-01
3.800000000000000000e+01 -3.979845799097370684e-01 -3.979845799097370684e-01 -3.979845799097370684e-01 -3.979845799097370684e-01
3.900000000000000000e+01 -5.394420341312373690e-01 -5.394420341312373690e-01 -5.394420341312373690e-01 -5.394420341312373690e-01
4.000000000000000000e+01 -3.077816500238758080e-01 -3.077816500238758080e-01 -3.077816500238758080e-01 -3.077816500238758080e-01
4.100000000000000000e+01 -3.707497212778651519e-02 -3.707497212778651519e-02 -3.707497212778651519e-02 -3.707497212778651519e-02
4.200000000000000000e+01 -4.022720552092856061e-01 -4.022720552092856061e-01 -4.022720552092856061e-01 -4.022720552092856061e-01
4.300000000000000000e+01 -1.718052172576161607e-01 -1.718052172576161607e-01 -1.718052172576161607e-01 -1.718052172576161607e-01
4.400000000000000000e+01 -3.381804697476745863e-02 -3.381804697476745863e-02 -3.381804697476745863e-02 -3.381804697476745863e-02
4.500000000000000000e+01 -2.642351571231831286e-01 -2.642351571231831286e-01 -2.642351571231831286e-01 -2.642351571231831286e-01
4.600000000000000000e+01 -8.332951285925324636e-02 -8.332951285925324636e-02 -8.332951285925324636e-02 -8.332951285925324636e-02
4.700000000000000000e+01 -2.474209123104306740e-01 -2.474209123104306740e-01 -2.474209123104306740e-01 -2.474209123104306740e-01
4.800000000000000000e+01 -2.606077356590664751e-01 -2.606077356590664751e-01 -2.606077356590664751e-01 -2.606077356590664751e-01
4.900000000000000000e+01 -2.874503036436998338e-01 -2.874503036436998338e-01 -2.874503036436998338e-01 -2.874503036436998338e-01
5.000000000000000000e+01 -2.896164065589471037e-01 -2.896164065589471037e-01 -2.896164065589471037e-01 -2.896164065589471037e-01
5.100000000000000000e+01 -4.739211095692426046e-01 -4.739211095692426046e-01 -4.739211095692426046e-01 -4.739211095692426046e-01
5.200000000000000000e+01 -3.719882137224003738e-01 -3.719882137224003738e-01 -3.719882137224003738e-01 -3.719882137224003738e-01
5.300000000000000000e+01 1.782674311946139123e-01 1.782674311946139123e-01 1.782674311946139123e-01 1.782674311946139123e-01
5.400000000000000000e+01 -1.584415876973842563e-01 -1.584415876973842563e-01 -1.584415876973842563e-01 -1.584415876973842563e-01
5.500000000000000000e+01 -1.615070479646088797e-01 -1.615070479646088797e-01 -1.615070479646088797e-01 -1.615070479646088797e-01
5.600000000000000000e+01 -1.743153018515914698e-01 -1.743153018515914698e-01 -1.743153018515914698e-01 -1.743153018515914698e-01
5.700000000000000000e+01 -2.226811025310141690e-01 -2.226811025310141690e-01 -2.226811025310141690e-01 -2.226811025310141690e-01
5.800000000000000000e+01 -2.691210340197619511e-01 -2.691210340197619511e-01 -2.691210340197619511e-01 -2.691210340197619511e-01
5.900000000000000000e+01 -4.431215064855252295e-01 -4.431215064855252295e-01 -4.431215064855252295e-01 -4.431215064855252295e-01
6.000000000000000000e+01 -2.352342251635535508e-01 -2.352342251635535508e-01 -2.352342251635535508e-01 -2.352342251635535508e-01
6.100000000000000000e+01 -3.845445510260038779e-01 -3.845445510260038779e-01 -3.845445510260038779e-01 -3.845445510260038779e-01
6.200000000000000000e+01 -4.706246546666227881e-01 -4.706246546666227881e-01 -4.706246546666227881e-01 -4.706246546666227881e-01
6.300000000000000000e+01 -4.326464175761496334e-01 -4.326464175761496334e-01 -4.326464175761496334e-01 -4.326464175761496334e-01
6.400000000000000000e+01 -2.127022327393295331e-01 -2.127022327393295331e-01 -2.127022327393295331e-01 -2.127022327393295331e-01
6.500000000000000000e+01 1.460483669448737511e-02 1.460483669448737511e-02 1.460483669448737511e-02 1.460483669448737511e-02
6.600000000000000000e+01 -1.621708804955396821e-01 -1.621708804955396821e-01 -1.621708804955396821e-01 -1.621708804955396821e-01
6.700000000000000000e+01 -4.449805525117142557e-01 -4.449805525117142557e-01 -4.449805525117142557e-01 -4.449805525117142557e-01
6.800000000000000000e+01 -1.327473433169283068e-01 -1.327473433169283068e-01 -1.327473433169283068e-01 -1.327473433169283068e-01
6.900000000000000000e+01 -6.770896477648334633e-02 -6.770896477648334633e-02 -6.770896477648334633e-02 -6.770896477648334633e-02
7.000000000000000000e+01 -2.181861069529613395e-01 -2.181861069529613395e-01 -2.181861069529613395e-01 -2.181861069529613395e-01
7.100000000000000000e+01 -8.718760669728670143e-02 -8.718760669728670143e-02 -8.718760669728670143e-02 -8.718760669728670143e-02
7.200000000000000000e+01 -2.660840574909019152e-01 -2.660840574909019152e-01 -2.660840574909019152e-01 -2.660840574909019152e-01
7.300000000000000000e+01 -2.747115043595929618e-02 -2.747115043595929618e-02 -2.747115043595929618e-02 -2.747115043595929618e-02
7.400000000000000000e+01 -2.692871540142058873e-01 -2.692871540142058873e-01 -2.692871540142058873e-01 -2.692871540142058873e-01
7.500000000000000000e+01 -4.154806319069391796e-01 -4.154806319069391796e-01 -4.154806319069391796e-01 -4.154806319069391796e-01
7.600000000000000000e+01 -2.198639689468250835e-01 -2.198639689468250835e-01 -2.198639689468250835e-01 -2.198639689468250835e-01
7.700000000000000000e+01 -1.259095312095717678e-01 -1.259095312095717678e-01 -1.259095312095717678e-01 -1.259095312095717678e-01
7.800000000000000000e+01 -2.045775542138026162e-02 -2.045775542138026162e-02 -2.045775542138026162e-02 -2.045775542138026162e-02
7.900000000000000000e+01 -2.549073335417706421e-01 -2.549073335417706421e-01 -2.549073335417706421e-01 -2.549073335417706421e-01
8.000000000000000000e+01 -3.452904407022868716e-01 -3.452904407022868716e-01 -3.452904407022868716e-01 -3.452904407022868716e-01
8.100000000000000000e+01 2.960735482206912628e-01 2.960735482206912628e-01 2.960735482206912628e-01 2.960735482206912628e-01
8.200000000000000000e+01 -2.226525008680410034e-01 -2.226525008680410034e-01 -2.226525008680410034e-01 -2.226525008680410034e-01
8.300000000000000000e+01 -3.844295358833867415e-01 -3.844295358833867415e-01 -3.844295358833867415e-01 -3.844295358833867415e-01
8.400000000000000000e+01 -4.284930129116922004e-02 -4.284930129116922004e-02 -4.284930129116922004e-02 -4.284930129116922004e-02
8.500000000000000000e+01 -4.865054786988663033e-02 -4.865054786988663033e-02 -4.865054786988663033e-02 -4.865054786988663033e-02
8.600000000000000000e+01 -1.247450718638175166e-01 -1.247450718638175166e-01 -1.247450718638175166e-01 -1.247450718638175166e-01
8.700000000000000000e+01 -1.936159734929347731e-01 -1.936159734929347731e-01 -1.936159734929347731e-01 -1.936159734929347731e-01
8.800000000000000000e+01 -1.119726286734476495e-01 -1.119726286734476495e-01 -1.119726286734476495e-01 -1.119726286734476495e-01
8.900000000000000000e+01 -5.643285940566689779e-02 -5.643285940566689779e-02 -5.643285940566689779e-02 -5.643285940566689779e-02
9.000000000000000000e+01 -2.498183933218127706e-01 -2.498183933218127706e-01 -2.498183933218127706e-01 -2.498183933218127706e-01
9.100000000000000000e+01 -4.311935853254007522e-01 -4.311935853254007522e-01 -4.311935853254007522e-01 -4.311935853254007522e-01
9.200000000000000000e+01 -1.052511689849649906e-01 -1.052511689849649906e-01 -1.052511689849649906e-01 -1.052511689849649906e-01
9.300000000000000000e+01 -3.405822770635835717e-02 -3.405822770635835717e-02 -3.405822770635835717e-02 -3.405822770635835717e-02
9.400000000000000000e+01 -3.172387678090248242e-01 -3.172387678090248242e-01 -3.172387678090248242e-01 -3.172387678090248242e-01
9.500000000000000000e+01 -2.038075388469295646e-01 -2.038075388469295646e-01 -2.038075388469295646e-01 -2.038075388469295646e-01
9.600000000000000000e+01 -3.321140743995742439e-01 -3.321140743995742439e-01 -3.321140743995742439e-01 -3.321140743995742439e-01
9.700000000000000000e+01 -2.502509481479885389e-01 -2.502509481479885389e-01 -2.502509481479885389e-01 -2.502509481479885389e-01
9.800000000000000000e+01 -8.869552762835535009e-02 -8.869552762835535009e-02 -8.869552762835535009e-02 -8.869552762835535009e-02
9.900000000000000000e+01 -3.402413079917336880e-01 -3.402413079917336880e-01 -3.402413079917336880e-01 -3.402413079917336880e-01
1.000000000000000000e+02 -1.642804488248445494e-01 -1.642804488248445494e-01 -1.642804488248445494e-01 -1.642804488248445494e-01
1.010000000000000000e+02 -2.253195934970379510e-01 -2.253195934970379510e-01 -2.253195934970379510e-01 -2.253195934970379510e-01
1.020000000000000000e+02 1.009489894264630760e-01 1.009489894264630760e-01 1.009489894264630760e-01 1.009489894264630760e-01
1.030000000000000000e+02 -2.985042844498159154e-01 -2.985042844498159154e-01 -2.985042844498159154e-01 -2.985042844498159154e-01
1.040000000000000000e+02 -1.288922303187084173e-01 -1.288922303187084173e-01 -1.288922303187084173e-01 -1.288922303187084173e-01
1.050000000000000000e+02 -9.946739757326064635e-02 -9.946739757326064635e-02 -9.946739757326064635e-02 -9.946739757326064635e-02
1.060000000000000000e+02 -2.283865538477246049e-01 -2.283865538477246049e-01 -2.283865538477246049e-01 -2.283865538477246049e-01
1.070000000000000000e+02 -2.337775508110290779e-01 -2.337775508110290779e-01 -2.337775508110290779e-01 -2.337775508110290779e-01
1.080000000000000000e+02 -6.295251677437599946e-01 -6.295251677437599946e-01 -6.295251677437599946e-01 -6.295251677437599946e-01
1.090000000000000000e+02 8.294356012647330356e-02 8.294356012647330356e-02 8.294356012647330356e-02 8.294356012647330356e-02
1.100000000000000000e+02 2.207136147626386491e-01 2.207136147626386491e-01 2.207136147626386491e-01 2.207136147626386491e-01
1.110000000000000000e+02 -5.160187045589224031e-01 -5.160187045589224031e-01 -5.160187045589224031e-01 -5.160187045589224031e-01
1.120000000000000000e+02 -3.799467331232972422e-01 -3.799467331232972422e-01 -3.799467331232972422e-01 -3.799467331232972422e-01
1.130000000000000000e+02 1.273136431617258035e-01 1.273136431617258035e-01 1.273136431617258035e-01 1.273136431617258035e-01
1.140000000000000000e+02 -3.062024185367425710e-01 -3.062024185367425710e-01 -3.062024185367425710e-01 -3.062024185367425710e-01
1.150000000000000000e+02 -8.556899485265587191e-02 -8.556899485265587191e-02 -8.556899485265587191e-02 -8.556899485265587191e-02
1.160000000000000000e+02 -2.440946364261368240e-01 -2.440946364261368240e-01 -2.440946364261368240e-01 -2.440946364261368240e-01
1.170000000000000000e+02 -1.569256563580011532e-01 -1.569256563580011532e-01 -1.569256563580011532e-01 -1.569256563580011532e-01
1.180000000000000000e+02 -3.533452899533584546e-02 -3.533452899533584546e-02 -3.533452899533584546e-02 -3.533452899533584546e-02
1.190000000000000000e+02 -1.034252035337289044e+00 -1.034252035337289044e+00 -1.034252035337289044e+00 -1.034252035337289044e+00
