0.000000000000000000e+00 -4.180226815564042631e-01 -4.180226815564042631e-01 -4.180226815564042631e-01 -4.180226815564042631e-01
1.000000000000000000e+00 3.132244893397347907e-01 3.132244893397347907e-01 3.132244893397347907e-01 3.132244893397347907e-01
2.000000000000000000e+00 1.030360779920266173e-01 1.030360779920266173e-01 1.030360779920266173e-01 1.030360779920266173e-01
3.000000000000000000e+00 2.367196314421277648e-01 2.367196314421277648e-01 2.367196314421277648e-01 2.367196314421277648e-01
4.000000000000000000e+00 3.464684123541496019e-01 3.464684123541496019e-01 3.464684123541496019e-01 3.464684123541496019e-01
5.000000000000000000e+00 4.967009117006230268e-01 4.967009117006230268e-01 4.967009117006230268e-01 4.967009117006230268e-01
6.000000000000000000e+00 5.522984474920407116e-01 5.522984474920407116e-01 5.522984474920407116e-01 5.522984474920407116e-01
7.000000000000000000e+00 7.201334958767194871e-01 7.201334958767194871e-01 7.201334958767194871e-01 7.201334958767194871e-01
8.000000000000000000e+00 8.786652168216831926e-01 8.786652168216831926e-01 8.786652168216831926e-01 8.786652168216831926e-01
9.000000000000000000e+00 8.621511690055932986e-01 8.621511690055932986e-01 8.621511690055932986e-01 8.621511690055932986e-01
1.000000000000000000e+01 9.518842678352767983e-01 9.518842678352767983e-01 9.518842678352767983e-01 9.518842678352767983e-01
1.100000000000000000e+01 1.028746912675441827e+00 1.028746912675441827e+00 1.028746912675441827e+00 1.028746912675441827e+00
1.200000000000000000e+01 1.131370421375834434e+00 1.131370421375834434e+00 1.131370421375834434e+00 1.131370421375834434e+00
1.300000000000000000e+01 1.248732191189893426e+00 1.248732191189893426e+00 1.248732191189893426e+00 1.248732191189893426e+00
1.400000000000000000e+01 1.338404670747169956e+00 1.338404670747169956e+00 1.338404670747169956e+00 1.338404670747169956e+00
1.500000000000000000e+01 1.318200158955808998e+00 1.318200158955808998e+00 1.318200158955808998e+00 1.318200158955808998e+00
1.600000000000000000e+01 1.367814824905613902e+00 1.367814824905613902e+00 1.367814824905613902e+00 1.367814824905613902e+00
1.700000000000000000e+01 1.401183266324123711e+00 1.401183266324123711e+00 1.401183266324123711e+00 1.401183266324123711e+00
1.800000000000000000e+01 1.425496580884612507e+00 1.425496580884612507e+00 1.425496580884612507e+00 1.425496580884612507e+00
1.900000000000000000e+01 1.439563978183915793e+00 1.439563978183915793e+00 1.439563978183915793e+00 1.439563978183915793e+00
2.000000000000000000e+01 1.522076227123228875e+00 1.522076227123228875e+00 1.522076227123228875e+00 1.522076227123228875e+00
2.100000000000000000e+01 1.580270364318135723e+00 1.580270364318135723e+00 1.580270364318135723e+00 1.580270364318135723e+00
2.200000000000000000e+01 1.631754600266766442e+00 1.631754600266766442e+00 1.631754600266766442e+00 1.631754600266766442e+00
2.300000000000000000e+01 1.754298785564289753e+00 1.754298785564289753e+00 1.754298785564289753e+00 1.754298785564289753e+00
2.400000000000000000e+01 1.744957111334327182e+00 1.744957111334327182e+00 1.744957111334327182e+00 1.744957111334327182e+00
2.500000000000000000e+01 1.951046878127174589e+00 1.951046878127174589e+00 1.951046878127174589e+00 1.951046878127174589e+00
2.600000000000000000e+01 2.025518972198166789e+00 2.025518972198166789e+00 2.025518972198166789e+00 2.025518972198166789e+00
2.700000000000000000e+01 2.211379783070528848e+00 2.211379783070528848e+00 2.211379783070528848e+00 2.211379783070528848e+00
2.800000000000000000e+01 2.438535237621464180e+00 2.438535237621464180e+00 2.438535237621464180e+00 2.438535237621464180e+00
2.900000000000000000e+01 2.452591288318294094e+00 2.452591288318294094e+00 2.452591288318294094e+00 2.452591288318294094e+00
3.000000000000000000e+01 2.467637353067428041e+00 2.467637353067428041e+00 2.467637353067428041e+00 2.467637353067428041e+00
3.100000000000000000e+01 2.628566458480704249e+00 2.628566458480704249e+00 2.628566458480704249e+00 2.628566458480704249e+00
3.200000000000000000e+01 2.526226233001481969e+00 2.526226233001481969e+00 2.526226233001481969e+00 2.526226233001481969e+00
3.300000000000000000e+01 2.514644902171537577e+00 2.514644902171537577e+00 2.514644902171537577e+00 2.514644902171537577e+00
3.400000000000000000e+01 2.629012815541581283e+00 2.629012815541581283e+00 2.629012815541581283e+00 2.629012815541581283e+00
3.500000000000000000e+01 2.500939530600184479e+00 2.500939530600184479e+00 2.500939530600184479e+00 2.500939530600184479e+00
3.600000000000000000e+01 2.649202591333334134e+00 2.649202591333334134e+00 2.649202591333334134e+00 2.649202591333334134e+00
3.700000000000000000e+01 2.517575788074977172e+00 2.517575788074977172e+00 2.517575788074977172e+00 2.517575788074977172e+00
3.800000000000000000e+01 2.543425233147850406e+00 2.543425233147850406e+00 2.543425233147850406e+00 2.543425233147850406e+00
3.900000000000000000e+01 2.494987397533500406e+00 2.494987397533500406e+00 2.494987397533500406e+00 2.494987397533500406e+00
4.000000000000000000e+01 2.578846399890120100e+00 2.578846399890120100e+00 2.578846399890120100e+00 2.578846399890120100e+00
4.100000000000000000e+01 2.515101421043327790e+00 2.515101421043327790e+00 2.515101421043327790e+00 2.515101421043327790e+00
4.200000000000000000e+01 2.659091675457526449e+00 2.659091675457526449e+00 2.659091675457526449e+00 2.659091675457526449e+00
4.300000000000000000e+01 2.779070581598775291e+00 2.779070581598775291e+00 2.779070581598775291e+00 2.779070581598775291e+00
4.400000000000000000e+01 2.823472286982732893e+00 2.823472286982732893e+00 2.823472286982732893e+00 2.823472286982732893e+00
4.500000000000000000e+01 2.926814735826996916e+00 2.926814735826996916e+00 2.926814735826996916e+00 2.926814735826996916e+00
4.600000000000000000e+01 2.946362543022315261e+00 2.946362543022315261e+00 2.946362543022315261e+00 2.946362543022315261e+00
4.700000000000000000e+01 3.017290980258717337e+00 3.017290980258717337e+00 3.017290980258717337e+00 3.017290980258717337e+00
4.800000000000000000e+01 3.107539064604683876e+00 3.107539064604683876e+00 3.107539064604683876e+00 3.107539064604683876e+00
4.900000000000000000e+01 3.038261498735278288e+00 3.038261498735278288e+00 3.038261498735278288e+00 3.038261498735278288e+00
5.000000000000000000e+01 3.278722320632790677e+00 3.278722320632790677e+00 3.278722320632790677e+00 3.278722320632790677e+00
5.100000000000000000e+01 3.193575768058363185e+00 3.193575768058363185e+00 3.193575768058363185e+00 3.193575768058363185e+00
5.200000000000000000e+01 3.518842300412917901e+00 3.518842300412917901e+00 3.518842300412917901e+00 3.518842300412917901e+00
5.300000000000000000e+01 3.536845896348334239e+00 3.536845896348334239e+00 3.536845896348334239e+00 3.536845896348334239e+00
5.400000000000000000e+01 3.617576359107901318e+00 3.617576359107901318e+00 3.617576359107901318e+00 3.617576359107901318e+00
5.500000000000000000e+01 3.384533695494128747e+00 3.384533695494128747e+00 3.384533695494128747e+00 3.384533695494128747e+00
5.600000000000000000e+01 3.350179046895429114e+00 3.350179046895429114e+00 3.350179046895429114e+00 3.350179046895429114e+00
5.700000000000000000e+01 2.825565585702867200e+00 2.825565585702867200e+00 2.825565585702867200e+00 2.825565585702867200e+00
5.800000000000000000e+01 2.858156611696566429e+00 2.858156611696566429e+00 2.858156611696566429e+00 2.858156611696566429e+00
5.900000000000000000e+01 2.988881106202080140e+00 2.988881106202080140e+00 2.988881106202080140e+00 2.988881106202080140e+00
6.000000000000000000e+01 2.944261382068484867e+00 2.944261382068484867e+00 2.944261382068484867e+00 2.944261382068484867e+00
6.100000000000000000e+01 3.158323462292172756e+00 3.158323462292172756e+00 3.158323462292172756e+00 3.158323462292172756e+00
6.200000000000000000e+01 3.208799886197905682e+00 3.208799886197905682e+00 3.208799886197905682e+00 3.208799886197905682e+00
6.300000000000000000e+01 3.558337546109260341e+00 3.558337546109260341e+00 3.558337546109260341e+00 3.558337546109260341e+00
6.400000000000000000e+01 3.371745421731676018e+00 3.371745421731676018e+00 3.371745421731676018e+00 3.371745421731676018e+00
6.500000000000000000e+01 3.635042277859754645e+00 3.635042277859754645e+00 3.635042277859754645e+00 3.635042277859754645e+00
6.600000000000000000e+01 3.587719072993993397e+00 3.587719072993993397e+00 3.587719072993993397e+00 3.587719072993993397e+00
6.700000000000000000e+01 3.567361211282418676e+00 3.567361211282418676e+00 3.567361211282418676e+00 3.567361211282418676e+00
6.800000000000000000e+01 3.463832507307208708e+00 3.463832507307208708e+00 3.463832507307208708e+00 3.463832507307208708e+00
6.900000000000000000e+01 3.595247245893080201e+00 3.595247245893080201e+00 3.595247245893080201e+00 3.595247245893080201e+00
7.000000000000000000e+01 3.582459586632805948e+00 3.582459586632805948e+00 3.582459586632805948e+00 3.582459586632805948e+00
7.100000000000000000e+01 3.600884411177783129e+00 3.600884411177783129e+00 3.600884411177783129e+00 3.600884411177783129e+00
7.200000000000000000e+01 3.622644513460107074e+00 3.622644513460107074e+00 3.622644513460107074e+00 3.622644513460107074e+00
7.300000000000000000e+01 3.688991399538963822e+00 3.688991399538963822e+00 3.688991399538963822e+00 3.688991399538963822e+00
7.400000000000000000e+01 3.513782427673220354e+00 3.513782427673220354e+00 3.513782427673220354e+00 3.513782427673220354e+00
7.500000000000000000e+01 3.512304535020369212e+00 3.512304535020369212e+00 3.512304535020369212e+00 3.512304535020369212e+00
7.600000000000000000e+01 3.278297626286706290e+00 3.278297626286706290e+00 3.278297626286706290e+00 3.278297626286706290e+00
7.700000000000000000e+01 3.273079113581351951e+00 3.273079113581351951e+00 3.273079113581351951e+00 3.273079113581351951e+00
7.800000000000000000e+01 2.965724534125961043e+00 2.965724534125961043e+00 2.965724534125961043e+00 2.965724534125961043e+00
7.900000000000000000e+01 2.891634781187207626e+00 2.891634781187207626e+00 2.891634781187207626e+00 2.891634781187207626e+00
8.000000000000000000e+01 2.877217105200224445e+00 2.877217105200224445e+00 2.877217105200224445e+00 2.877217105200224445e+00
8.100000000000000000e+01 2.813368891630174229e+00 2.813368891630174229e+00 2.813368891630174229e+00 2.813368891630174229e+00
8.200000000000000000e+01 2.734078018180066572e+00 2.734078018180066572e+00 2.734078018180066572e+00 2.734078018180066572e+00
8.300000000000000000e+01 2.792169654000022927e+00 2.792169654000022927e+00 2.792169654000022927e+00 2.792169654000022927e+00
8.400000000000000000e+01 2.660725301452169234e+00 2.660725301452169234e+00 2.660725301452169234e+00 2.660725301452169234e+00
8.500000000000000000e+01 2.711339782937202791e+00 2.711339782937202791e+00 2.711339782937202791e+00 2.711339782937202791e+00
8.600000000000000000e+01 2.383586951023195066e+00 2.383586951023195066e+00 2.383586951023195066e+00 2.383586951023195066e+00
8.700000000000000000e+01 2.484208886947442796e+00 2.484208886947442796e+00 2.484208886947442796e+00 2.484208886947442796e+00
8.800000000000000000e+01 2.294486905057898873e+00 2.294486905057898873e+00 2.294486905057898873e+00 2.294486905057898873e+00
8.900000000000000000e+01 2.325878865947877294e+00 2.325878865947877294e+00 2.325878865947877294e+00 2.325878865947877294e+00
9.000000000000000000e+01 2.446384123513422715e+00 2.446384123513422715e+00 2.446384123513422715e+00 2.446384123513422715e+00
9.100000000000000000e+01 2.523185966726716245e+00 2.523185966726716245e+00 2.523185966726716245e+00 2.523185966726716245e+00
9.200000000000000000e+01 2.634108071144834362e+00 2.634108071144834362e+00 2.634108071144834362e+00 2.634108071144834362e+00
9.300000000000000000e+01 2.735926448472890904e+00 2.735926448472890904e+00 2.735926448472890904e+00 2.735926448472890904e+00
9.400000000000000000e+01 2.474890377524359586e+00 2.474890377524359586e+00 2.474890377524359586e+00 2.474890377524359586e+00
9.500000000000000000e+01 2.520120371138760529e+00 2.520120371138760529e+00 2.520120371138760529e+00 2.520120371138760529e+00
9.600000000000000000e+01 2.238198907536738780e+00 2.238198907536738780e+00 2.238198907536738780e+00 2.238198907536738780e+00
9.700000000000000000e+01 1.996219387048681071e+00 1.996219387048681071e+00 1.996219387048681071e+00 1.996219387048681071e+00
9.800000000000000000e+01 1.922886335210021169e+00 1.922886335210021169e+00 1.922886335210021169e+00 1.922886335210021169e+00
9.900000000000000000e+01 1.714122219452935969e+00 1.714122219452935969e+00 1.714122219452935969e+00 1.714122219452935969e+00
