0.000000000000000000e+00 -3.087904598653798516e+00 -3.087904598653798516e+00 -3.087904598653798516e+00 -3.087904598653798516e+00
1.000000000000000000e+00 -1.908016435035834402e+00 -1.908016435035834402e+00 -1.908016435035834402e+00 -1.908016435035834402e+00
2.000000000000000000e+00 -1.322244574134137096e+00 -1.322244574134137096e+00 -1.322244574134137096e+00 -1.322244574134137096e+00
3.000000000000000000e+00 -9.284452129383505836e-01 -9.284452129383505836e-01 -9.284452129383505836e-01 -9.284452129383505836e-01
4.000000000000000000e+00 -6.577054336908730869e-01 -6.577054336908730869e-01 -6.577054336908730869e-01 -6.577054336908730869e-01
5.000000000000000000e+00 -3.741028822364632633e-01 -3.741028822364632633e-01 -3.741028822364632633e-01 -3.741028822364632633e-01
6.000000000000000000e+00 -2.367283253041963520e-01 -2.367283253041963520e-01 -2.367283253041963520e-01 -2.367283253041963520e-01
7.000000000000000000e+00 -1.619362414362916225e-01 -1.619362414362916225e-01 -1.619362414362916225e-01 -1.619362414362916225e-01
8.000000000000000000e+00 -2.720032862353740644e-01 -2.720032862353740644e-01 -2.720032862353740644e-01 -2.720032862353740644e-01
9.000000000000000000e+00 1.103787612168052046e-01 1.103787612168052046e-01 1.103787612168052046e-01 1.103787612168052046e-01
1.000000000000000000e+01 -8.527352574890492143e-01 -8.527352574890492143e-01 -8.527352574890492143e-01 -8.527352574890492143e-01
1.100000000000000000e+01 -8.886635626947895217e-01 -8.886635626947895217e-01 -8.886635626947895217e-01 -8.886635626947895217e-01
1.200000000000000000e+01 -6.088199686130825183e-01 -6.088199686130825183e-01 -6.088199686130825183e-01 -6.088199686130825183e-01
1.300000000000000000e+01 -1.506794731720167979e-01 -1.506794731720167979e-01 -1.506794731720167979e-01 -1.506794731720167979e-01
1.400000000000000000e+01 2.966831634800436157e-02 2.966831634800436157e-02 2.966831634800436157e-02 2.966831634800436157e-02
1.500000000000000000e+01 2.176017251460400648e-01 2.176017251460400648e-01 2.176017251460400648e-01 2.176017251460400648e-01
1.600000000000000000e+01 3.001241260690257207e-01 3.001241260690257207e-01 3.001241260690257207e-01 3.001241260690257207e-01
1.700000000000000000e+01 5.534050587572924007e-01 5.534050587572924007e-01 5.534050587572924007e-01 5.534050587572924007e-01
1.800000000000000000e+01 6.303197884416849028e-01 6.303197884416849028e-01 6.303197884416849028e-01 6.303197884416849028e-01
1.900000000000000000e+01 8.372567567838125058e-01 8.372567567838125058e-01 8.372567567838125058e-01 8.372567567838125058e-01
2.000000000000000000e+01 1.008755393372587239e+00 1.008755393372587239e+00 1.008755393372587239e+00 1.008755393372587239e+00
2.100000000000000000e+01 1.411568268263978743e+00 1.411568268263978743e+00 1.411568268263978743e+00 1.411568268263978743e+00
2.200000000000000000e+01 9.940554700863448723e-01 9.940554700863448723e-01 9.940554700863448723e-01 9.940554700863448723e-01
2.300000000000000000e+01 9.881611709271446164e-01 9.881611709271446164e-01 9.881611709271446164e-01 9.881611709271446164e-01
2.400000000000000000e+01 9.577825497477369110e-01 9.577825497477369110e-01 9.577825497477369110e-01 9.577825497477369110e-01
2.500000000000000000e+01 1.031969024874874741e+00 1.031969024874874741e+00 1.031969024874874741e+00 1.031969024874874741e+00
2.600000000000000000e+01 1.178373207392565014e+00 1.178373207392565014e+00 1.178373207392565014e+00 1.178373207392565014e+00
2.700000000000000000e+01 1.289641531992446133e+00 1.289641531992446133e+00 1.289641531992446133e+00 1.289641531992446133e+00
2.800000000000000000e+01 1.361915141009659713e+00 1.361915141009659713e+00 1.361915141009659713e+00 1.361915141009659713e+00
2.900000000000000000e+01 1.277141435949715964e+00 1.277141435949715964e+00 1.277141435949715964e+00 1.277141435949715964e+00
3.000000000000000000e+01 1.300802351342461138e+00 1.300802351342461138e+00 1.300802351342461138e+00 1.300802351342461138e+00
3.100000000000000000e+01 1.303456331284654768e+00 1.303456331284654768e+00 1.303456331284654768e+00 1.303456331284654768e+00
3.200000000000000000e+01 7.779669387584071671e-01 7.779669387584071671e-01 7.779669387584071671e-01 7.779669387584071671e-01
3.300000000000000000e+01 6.647158615753536726e-01 6.647158615753536726e-01 6.647158615753536726e-01 6.647158615753536726e-01
3.400000000000000000e+01 6.650423331507668290e-02 6.650423331507668290e-02 6.650423331507668290e-02 6.650423331507668290e-02
3.500000000000000000e+01 7.863237811111973841e-01 7.863237811111973841e-01 7.863237811111973841e-01 7.863237811111973841e-01
3.600000000000000000e+01 1.060514883828834964e+00 1.060514883828834964e+00 1.060514883828834964e+00 1.060514883828834964e+00
3.700000000000000000e+01 1.326333966442395873e+00 1.326333966442395873e+00 1.326333966442395873e+00 1.326333966442395873e+00
3.800000000000000000e+01 1.403281956983862377e+00 1.403281956983862377e+00 1.403281956983862377e+00 1.403281956983862377e+00
3.900000000000000000e+01 1.516859189833651422e+00 1.516859189833651422e+00 1.516859189833651422e+00 1.516859189833651422e+00
4.000000000000000000e+01 1.604130611437520670e+00 1.604130611437520670e+00 1.604130611437520670e+00 1.604130611437520670e+00
4.100000000000000000e+01 1.557484463407865505e+00 1.557484463407865505e+00 1.557484463407865505e+00 1.557484463407865505e+00
4.200000000000000000e+01 1.529433489969739712e+00 1.529433489969739712e+00 1.529433489969739712e+00 1.529433489969739712e+00
4.300000000000000000e+01 1.499563797670385945e+00 1.499563797670385945e+00 1.499563797670385945e+00 1.499563797670385945e+00
4.400000000000000000e+01 1.665171370322763078e+00 1.665171370322763078e+00 1.665171370322763078e+00 1.665171370322763078e+00
4.500000000000000000e+01 1.898589109283398635e+00 1.898589109283398635e+00 1.898589109283398635e+00 1.898589109283398635e+00
4.600000000000000000e+01 1.923597815147519041e+00 1.923597815147519041e+00 1.923597815147519041e+00 1.923597815147519041e+00
4.700000000000000000e+01 2.141774042646090503e+00 2.141774042646090503e+00 2.141774042646090503e+00 2.141774042646090503e+00
4.800000000000000000e+01 2.191613981832751801e+00 2.191613981832751801e+00 2.191613981832751801e+00 2.191613981832751801e+00
4.900000000000000000e+01 2.121672677963037490e+00 2.121672677963037490e+00 2.121672677963037490e+00 2.121672677963037490e+00
5.000000000000000000e+01 1.941179754012186232e+00 1.941179754012186232e+00 1.941179754012186232e+00 1.941179754012186232e+00
5.100000000000000000e+01 1.963178870040971358e+00 1.963178870040971358e+00 1.963178870040971358e+00 1.963178870040971358e+00
5.200000000000000000e+01 1.987722302541527819e+00 1.987722302541527819e+00 1.987722302541527819e+00 1.987722302541527819e+00
5.300000000000000000e+01 1.865874324569036791e+00 1.865874324569036791e+00 1.865874324569036791e+00 1.865874324569036791e+00
5.400000000000000000e+01 1.652974397899764636e+00 1.652974397899764636e+00 1.652974397899764636e+00 1.652974397899764636e+00
5.500000000000000000e+01 1.701839000482219255e+00 1.701839000482219255e+00 1.701839000482219255e+00 1.701839000482219255e+00
5.600000000000000000e+01 1.855164463761618698e+00 1.855164463761618698e+00 1.855164463761618698e+00 1.855164463761618698e+00
5.700000000000000000e+01 1.929397166444547729e+00 1.929397166444547729e+00 1.929397166444547729e+00 1.929397166444547729e+00
5.800000000000000000e+01 2.002528755619418899e+00 2.002528755619418899e+00 2.002528755619418899e+00 2.002528755619418899e+00
5.900000000000000000e+01 2.126365852165106762e+00 2.126365852165106762e+00 2.126365852165106762e+00 2.126365852165106762e+00
6.000000000000000000e+01 2.114712256895367570e+00 2.114712256895367570e+00 2.114712256895367570e+00 2.114712256895367570e+00
6.100000000000000000e+01 2.004836469728913162e+00 2.004836469728913162e+00 2.004836469728913162e+00 2.004836469728913162e+00
6.200000000000000000e+01 1.861399282033274316e+00 1.861399282033274316e+00 1.861399282033274316e+00 1.861399282033274316e+00
6.300000000000000000e+01 1.729277223976776190e+00 1.729277223976776190e+00 1.729277223976776190e+00 1.729277223976776190e+00
6.400000000000000000e+01 1.897295895726923032e+00 1.897295895726923032e+00 1.897295895726923032e+00 1.897295895726923032e+00
6.500000000000000000e+01 1.828765320444346143e+00 1.828765320444346143e+00 1.828765320444346143e+00 1.828765320444346143e+00
6.600000000000000000e+01 1.804818244844116792e+00 1.804818244844116792e+00 1.804818244844116792e+00 1.804818244844116792e+00
6.700000000000000000e+01 2.043670918011353699e+00 2.043670918011353699e+00 2.043670918011353699e+00 2.043670918011353699e+00
6.800000000000000000e+01 2.052524091210476964e+00 2.052524091210476964e+00 2.052524091210476964e+00 2.052524091210476964e+00
6.900000000000000000e+01 2.127230943140367980e+00 2.127230943140367980e+00 2.127230943140367980e+00 2.127230943140367980e+00
7.000000000000000000e+01 1.926681478375240397e+00 1.926681478375240397e+00 1.926681478375240397e+00 1.926681478375240397e+00
7.100000000000000000e+01 1.911890941765934882e+00 1.911890941765934882e+00 1.911890941765934882e+00 1.911890941765934882e+00
7.200000000000000000e+01 1.817300996677102987e+00 1.817300996677102987e+00 1.817300996677102987e+00 1.817300996677102987e+00
7.300000000000000000e+01 1.786058003979296815e+00 1.786058003979296815e+00 1.786058003979296815e+00 1.786058003979296815e+00
7.400000000000000000e+01 1.985093119887887614e+00 1.985093119887887614e+00 1.985093119887887614e+00 1.985093119887887614e+00
7.500000000000000000e+01 1.947127399489038124e+00 1.947127399489038124e+00 1.947127399489038124e+00 1.947127399489038124e+00
7.600000000000000000e+01 2.019632862980404564e+00 2.019632862980404564e+00 2.019632862980404564e+00 2.019632862980404564e+00
7.700000000000000000e+01 2.052126024818960559e+00 2.052126024818960559e+00 2.052126024818960559e+00 2.052126024818960559e+00
7.800000000000000000e+01 2.033584093643506563e+00 2.033584093643506563e+00 2.033584093643506563e+00 2.033584093643506563e+00
7.900000000000000000e+01 1.981796197258280934e+00 1.981796197258280934e+00 1.981796197258280934e+00 1.981796197258280934e+00
8.000000000000000000e+01 1.877891630445721827e+00 1.877891630445721827e+00 1.877891630445721827e+00 1.877891630445721827e+00
8.100000000000000000e+01 1.823181048286710126e+00 1.823181048286710126e+00 1.823181048286710126e+00 1.823181048286710126e+00
8.200000000000000000e+01 1.818743233954553062e+00 1.818743233954553062e+00 1.818743233954553062e+00 1.818743233954553062e+00
8.300000000000000000e+01 1.702054487424176310e+00 1.702054487424176310e+00 1.702054487424176310e+00 1.702054487424176310e+00
8.400000000000000000e+01 1.795678709573413689e+00 1.795678709573413689e+00 1.795678709573413689e+00 1.795678709573413689e+00
8.500000000000000000e+01 2.032888202817272560e+00 2.032888202817272560e+00 2.032888202817272560e+00 2.032888202817272560e+00
8.600000000000000000e+01 1.919702813132477814e+00 1.919702813132477814e+00 1.919702813132477814e+00 1.919702813132477814e+00
8.700000000000000000e+01 2.006486487219310000e+00 2.006486487219310000e+00 2.006486487219310000e+00 2.006486487219310000e+00
8.800000000000000000e+01 1.850728207964152938e+00 1.850728207964152938e+00 1.850728207964152938e+00 1.850728207964152938e+00
8.900000000000000000e+01 1.948964361771101439e+00 1.948964361771101439e+00 1.948964361771101439e+00 1.948964361771101439e+00
9.000000000000000000e+01 1.633111217820065741e+00 1.633111217820065741e+00 1.633111217820065741e+00 1.633111217820065741e+00
9.100000000000000000e+01 1.648196138795380516e+00 1.648196138795380516e+00 1.648196138795380516e+00 1.648196138795380516e+00
9.200000000000000000e+01 1.643425058462390176e+00 1.643425058462390176e+00 1.643425058462390176e+00 1.643425058462390176e+00
9.300000000000000000e+01 1.677772035883356994e+00 1.677772035883356994e+00 1.677772035883356994e+00 1.677772035883356994e+00
9.400000000000000000e+01 1.698532600998865716e+00 1.698532600998865716e+00 1.698532600998865716e+00 1.698532600998865716e+00
9.500000000000000000e+01 1.800769710468411056e+00 1.800769710468411056e+00 1.800769710468411056e+00 1.800769710468411056e+00
9.600000000000000000e+01 2.060893316445352230e+00 2.060893316445352230e+00 2.060893316445352230e+00 2.060893316445352230e+00
9.700000000000000000e+01 2.068095473881089497e+00 2.068095473881089497e+00 2.068095473881089497e+00 2.068095473881089497e+00
9.800000000000000000e+01 2.099273035384049191e+00 2.099273035384049191e+00 2.099273035384049191e+00 2.099273035384049191e+00
