Delays Time-delay1 Time-delay2 Time-delay3 Time-delay4
0.000000000000000000e+00 1.108072752130329908e-01 1.108072752130329908e-01 1.108072752130329908e-01 1.108072752130329908e-01
1.000000000000000000e+00 5.380383449048960903e-02 5.380383449048960903e-02 5.380383449048960903e-02 5.380383449048960903e-02
2.000000000000000000e+00 3.341908504636522531e-02 3.341908504636522531e-02 3.341908504636522531e-02 3.341908504636522531e-02
3.000000000000000000e+00 4.028534028151729146e-02 4.028534028151729146e-02 4.028534028151729146e-02 4.028534028151729146e-02
4.000000000000000000e+00 7.653037070875620684e-02 7.653037070875620684e-02 7.653037070875620684e-02 7.653037070875620684e-02
5.000000000000000000e+00 6.676256345720625596e-02 6.676256345720625596e-02 6.676256345720625596e-02 6.676256345720625596e-02
6.000000000000000000e+00 8.884052127267696997e-02 8.884052127267696997e-02 8.884052127267696997e-02 8.884052127267696997e-02
7.000000000000000000e+00 7.929661334693713370e-02 7.929661334693713370e-02 7.929661334693713370e-02 7.929661334693713370e-02
8.000000000000000000e+00 4.891010297214915675e-02 4.891010297214915675e-02 4.891010297214915675e-02 4.891010297214915675e-02
9.000000000000000000e+00 1.224608523410901373e-01 1.224608523410901373e-01 1.224608523410901373e-01 1.224608523410901373e-01
1.000000000000000000e+01 4.248108397188789243e-02 4.248108397188789243e-02 4.248108397188789243e-02 4.248108397188789243e-02
1.100000000000000000e+01 9.853161222775227990e-02 9.853161222775227990e-02 9.853161222775227990e-02 9.853161222775227990e-02
1.200000000000000000e+01 8.969285207701263585e-02 8.969285207701263585e-02 8.969285207701263585e-02 8.969285207701263585e-02
1.300000000000000000e+01 1.414559786996951174e-01 1.414559786996951174e-01 1.414559786996951174e-01 1.414559786996951174e-01
1.400000000000000000e+01 1.243178112235087535e-01 1.243178112235087535e-01 1.243178112235087535e-01 1.243178112235087535e-01
1.500000000000000000e+01 1.000385427303056157e-01 1.000385427303056157e-01 1.000385427303056157e-01 1.000385427303056157e-01
1.600000000000000000e+01 1.109096577161425706e-01 1.109096577161425706e-01 1.109096577161425706e-01 1.109096577161425706e-01
1.700000000000000000e+01 7.711213205310694929e-02 7.711213205310694929e-02 7.711213205310694929e-02 7.711213205310694929e-02
1.800000000000000000e+01 1.220878150100028342e-01 1.220878150100028342e-01 1.220878150100028342e-01 1.220878150100028342e-01
1.900000000000000000e+01 4.703434308562533250e-02 4.703434308562533250e-02 4.703434308562533250e-02 4.703434308562533250e-02
2.000000000000000000e+01 1.635688258901816516e-01 1.635688258901816516e-01 1.635688258901816516e-01 1.635688258901816516e-01
2.100000000000000000e+01 5.666069621097472205e-03 5.666069621097472205e-03 5.666069621097472205e-03 5.666069621097472205e-03
2.200000000000000000e+01 7.427114506820113593e-02 7.427114506820113593e-02 7.427114506820113593e-02 7.427114506820113593e-02
2.300000000000000000e+01 7.132611393894899843e-02 7.132611393894899843e-02 7.132611393894899843e-02 7.132611393894899843e-02
2.400000000000000000e+01 4.579866010575384810e-02 4.579866010575384810e-02 4.579866010575384810e-02 4.579866010575384810e-02
2.500000000000000000e+01 6.002438677553581514e-02 6.002438677553581514e-02 6.002438677553581514e-02 6.002438677553581514e-02
2.600000000000000000e+01 7.600898984083459542e-02 7.600898984083459542e-02 7.600898984083459542e-02 7.600898984083459542e-02
2.700000000000000000e+01 1.514046123112523234e-01 1.514046123112523234e-01 1.514046123112523234e-01 1.514046123112523234e-01
2.800000000000000000e+01 -2.393563263134073152e-02 -2.393563263134073152e-02 -2.393563263134073152e-02 -2.393563263134073152e-02
2.900000000000000000e+01 1.719963534559056095e-01 1.719963534559056095e-01 1.719963534559056095e-01 1.719963534559056095e-01
3.000000000000000000e+01 8.764708552649594364e-02 8.764708552649594364e-02 8.764708552649594364e-02 8.764708552649594364e-02
3.100000000000000000e+01 1.085650857061874752e-01 1.085650857061874752e-01 1.085650857061874752e-01 1.085650857061874752e-01
3.200000000000000000e+01 -7.026780757122847321e-05 -7.026780757122847321e-05 -7.026780757122847321e-05 -7.026780757122847321e-05
3.300000000000000000e+01 1.951897224931012920e-01 1.951897224931012920e-01 1.951897224931012920e-01 1.951897224931012920e-01
3.400000000000000000e+01 3.858576724742499020e-02 3.858576724742499020e-02 3.858576724742499020e-02 3.858576724742499020e-02
3.500000000000000000e+01 8.022613741882071714e-02 8.022613741882071714e-02 8.022613741882071714e-02 8.022613741882071714e-02
3.600000000000000000e+01 8.103776880912216818e-02 8.103776880912216818e-02 8.103776880912216818e-02 8.103776880912216818e-02
3.700000000000000000e+01 5.133054158657304744e-02 5.133054158657304744e-02 5.133054158657304744e-02 5.133054158657304744e-02
3.800000000000000000e+01 5.643740805464711463e-02 5.643740805464711463e-02 5.643740805464711463e-02 5.643740805464711463e-02
3.900000000000000000e+01 1.620641319462218233e-01 1.620641319462218233e-01 1.620641319462218233e-01 1.620641319462218233e-01
4.000000000000000000e+01 6.232565437879299119e-02 6.232565437879299119e-02 6.232565437879299119e-02 6.232565437879299119e-02
4.100000000000000000e+01 2.929168748379589737e-01 2.929168748379589737e-01 2.929168748379589737e-01 2.929168748379589737e-01
4.200000000000000000e+01 2.480215759825746616e-02 2.480215759825746616e-02 2.480215759825746616e-02 2.480215759825746616e-02
4.300000000000000000e+01 2.072865410663099761e-01 2.072865410663099761e-01 2.072865410663099761e-01 2.072865410663099761e-01
4.400000000000000000e+01 1.032832249969641569e-01 1.032832249969641569e-01 1.032832249969641569e-01 1.032832249969641569e-01
4.500000000000000000e+01 -3.011908454025540374e-02 -3.011908454025540374e-02 -3.011908454025540374e-02 -3.011908454025540374e-02
4.600000000000000000e+01 2.134926069891898703e-01 2.134926069891898703e-01 2.134926069891898703e-01 2.134926069891898703e-01
4.700000000000000000e+01 1.350628808471912023e-01 1.350628808471912023e-01 1.350628808471912023e-01 1.350628808471912023e-01
4.800000000000000000e+01 2.264403634351500882e-01 2.264403634351500882e-01 2.264403634351500882e-01 2.264403634351500882e-01
4.900000000000000000e+01 -2.972876408395280431e-02 -2.972876408395280431e-02 -2.972876408395280431e-02 -2.972876408395280431e-02
5.000000000000000000e+01 3.522480446269194987e-01 3.522480446269194987e-01 3.522480446269194987e-01 3.522480446269194987e-01
5.100000000000000000e+01 1.890766911659120253e-01 1.890766911659120253e-01 1.890766911659120253e-01 1.890766911659120253e-01
5.200000000000000000e+01 3.308459973458048320e-01 3.308459973458048320e-01 3.308459973458048320e-01 3.308459973458048320e-01
5.300000000000000000e+01 8.652601873633972152e-02 8.652601873633972152e-02 8.652601873633972152e-02 8.652601873633972152e-02
5.400000000000000000e+01 9.016544735673315270e-02 9.016544735673315270e-02 9.016544735673315270e-02 9.016544735673315270e-02
5.500000000000000000e+01 2.667116638418783325e-01 2.667116638418783325e-01 2.667116638418783325e-01 2.667116638418783325e-01
5.600000000000000000e+01 1.401750436626553187e-01 1.401750436626553187e-01 1.401750436626553187e-01 1.401750436626553187e-01
5.700000000000000000e+01 1.349275672070363863e-01 1.349275672070363863e-01 1.349275672070363863e-01 1.349275672070363863e-01
5.800000000000000000e+01 1.929576097983557725e-01 1.929576097983557725e-01 1.929576097983557725e-01 1.929576097983557725e-01
5.900000000000000000e+01 2.474036598981225465e-01 2.474036598981225465e-01 2.474036598981225465e-01 2.474036598981225465e-01
6.000000000000000000e+01 1.797935187870176588e-01 1.797935187870176588e-01 1.797935187870176588e-01 1.797935187870176588e-01
6.100000000000000000e+01 3.356917296520725569e-01 3.356917296520725569e-01 3.356917296520725569e-01 3.356917296520725569e-01
6.200000000000000000e+01 3.312081848026627307e-01 3.312081848026627307e-01 3.312081848026627307e-01 3.312081848026627307e-01
6.300000000000000000e+01 2.194237145876498929e-01 2.194237145876498929e-01 2.194237145876498929e-01 2.194237145876498929e-01
6.400000000000000000e+01 3.944270372398300806e-01 3.944270372398300806e-01 3.944270372398300806e-01 3.944270372398300806e-01
6.500000000000000000e+01 1.890098664582914589e-01 1.890098664582914589e-01 1.890098664582914589e-01 1.890098664582914589e-01
6.600000000000000000e+01 2.453077301623584616e-01 2.453077301623584616e-01 2.453077301623584616e-01 2.453077301623584616e-01
6.700000000000000000e+01 3.328816275847259476e-01 3.328816275847259476e-01 3.328816275847259476e-01 3.328816275847259476e-01
6.800000000000000000e+01 2.738751630511144231e-01 2.738751630511144231e-01 2.738751630511144231e-01 2.738751630511144231e-01
6.900000000000000000e+01 1.174620296733204505e-01 1.174620296733204505e-01 1.174620296733204505e-01 1.174620296733204505e-01
7.000000000000000000e+01 5.381612031756489722e-01 5.381612031756489722e-01 5.381612031756489722e-01 5.381612031756489722e-01
7.100000000000000000e+01 1.589333824301457920e-01 1.589333824301457920e-01 1.589333824301457920e-01 1.589333824301457920e-01
7.200000000000000000e+01 2.503674393559705003e-01 2.503674393559705003e-01 2.503674393559705003e-01 2.503674393559705003e-01
7.300000000000000000e+01 3.154223878012715199e-01 3.154223878012715199e-01 3.154223878012715199e-01 3.154223878012715199e-01
7.400000000000000000e+01 3.147006005056126043e-01 3.147006005056126043e-01 3.147006005056126043e-01 3.147006005056126043e-01
7.500000000000000000e+01 1.184171986373366570e-01 1.184171986373366570e-01 1.184171986373366570e-01 1.184171986373366570e-01
7.600000000000000000e+01 3.537975131556503339e-01 3.537975131556503339e-01 3.537975131556503339e-01 3.537975131556503339e-01
7.700000000000000000e+01 8.615611221254039498e-02 8.615611221254039498e-02 8.615611221254039498e-02 8.615611221254039498e-02
7.800000000000000000e+01 4.405429479855416663e-01 4.405429479855416663e-01 4.405429479855416663e-01 4.405429479855416663e-01
7.900000000000000000e+01 1.730352459663808962e-01 1.730352459663808962e-01 1.730352459663808962e-01 1.730352459663808962e-01
8.000000000000000000e+01 3.263406412916431965e-01 3.263406412916431965e-01 3.263406412916431965e-01 3.263406412916431965e-01
8.100000000000000000e+01 2.076139520532586658e-01 2.076139520532586658e-01 2.076139520532586658e-01 2.076139520532586658e-01
8.200000000000000000e+01 4.664879437214496383e-01 4.664879437214496383e-01 4.664879437214496383e-01 4.664879437214496383e-01
8.300000000000000000e+01 2.370149802764476288e-01 2.370149802764476288e-01 2.370149802764476288e-01 2.370149802764476288e-01
8.400000000000000000e+01 2.424275288017306851e-01 2.424275288017306851e-01 2.424275288017306851e-01 2.424275288017306851e-01
8.500000000000000000e+01 4.964030140171142857e-01 4.964030140171142857e-01 4.964030140171142857e-01 4.964030140171142857e-01
8.600000000000000000e+01 1.471233045221081170e-01 1.471233045221081170e-01 1.471233045221081170e-01 1.471233045221081170e-01
8.700000000000000000e+01 5.038827864526698175e-01 5.038827864526698175e-01 5.038827864526698175e-01 5.038827864526698175e-01
8.800000000000000000e+01 2.827699148809157959e-01 2.827699148809157959e-01 2.827699148809157959e-01 2.827699148809157959e-01
8.900000000000000000e+01 4.565479945417700303e-01 4.565479945417700303e-01 4.565479945417700303e-01 4.565479945417700303e-01
9.000000000000000000e+01 2.324382694471736066e-01 2.324382694471736066e-01 2.324382694471736066e-01 2.324382694471736066e-01
9.100000000000000000e+01 5.108603337905235353e-01 5.108603337905235353e-01 5.108603337905235353e-01 5.108603337905235353e-01
9.200000000000000000e+01 1.806088682621298236e-01 1.806088682621298236e-01 1.806088682621298236e-01 1.806088682621298236e-01
9.300000000000000000e+01 4.244444605232617351e-01 4.244444605232617351e-01 4.244444605232617351e-01 4.244444605232617351e-01
9.400000000000000000e+01 3.178107076316219470e-01 3.178107076316219470e-01 3.178107076316219470e-01 3.178107076316219470e-01
9.500000000000000000e+01 3.762765320205677111e-01 3.762765320205677111e-01 3.762765320205677111e-01 3.762765320205677111e-01
9.600000000000000000e+01 3.034515482738023850e-01 3.034515482738023850e-01 3.034515482738023850e-01 3.034515482738023850e-01
9.700000000000000000e+01 2.685051676164597612e-01 2.685051676164597612e-01 2.685051676164597612e-01 2.685051676164597612e-01
9.800000000000000000e+01 4.269588364571676453e-01 4.269588364571676453e-01 4.269588364571676453e-01 4.269588364571676453e-01
9.900000000000000000e+01 2.533576734698538835e-01 2.533576734698538835e-01 2.533576734698538835e-01 2.533576734698538835e-01
1.000000000000000000e+02 3.010603772602572503e-01 3.010603772602572503e-01 3.010603772602572503e-01 3.010603772602572503e-01
1.010000000000000000e+02 3.451974412463524322e-01 3.451974412463524322e-01 3.451974412463524322e-01 3.451974412463524322e-01
1.020000000000000000e+02 4.327364618827981846e-01 4.327364618827981846e-01 4.327364618827981846e-01 4.327364618827981846e-01
1.030000000000000000e+02 3.092626764541331896e-01 3.092626764541331896e-01 3.092626764541331896e-01 3.092626764541331896e-01
1.040000000000000000e+02 4.332964003730421787e-01 4.332964003730421787e-01 4.332964003730421787e-01 4.332964003730421787e-01
1.050000000000000000e+02 2.661646549338460566e-01 2.661646549338460566e-01 2.661646549338460566e-01 2.661646549338460566e-01
1.060000000000000000e+02 3.666462865824016704e-01 3.666462865824016704e-01 3.666462865824016704e-01 3.666462865824016704e-01
1.070000000000000000e+02 5.707886321797224216e-01 5.707886321797224216e-01 5.707886321797224216e-01 5.707886321797224216e-01
1.080000000000000000e+02 4.859107224737653219e-01 4.859107224737653219e-01 4.859107224737653219e-01 4.859107224737653219e-01
1.090000000000000000e+02 3.079921706561393191e-01 3.079921706561393191e-01 3.079921706561393191e-01 3.079921706561393191e-01
1.100000000000000000e+02 6.874506900515868768e-01 6.874506900515868768e-01 6.874506900515868768e-01 6.874506900515868768e-01
1.110000000000000000e+02 3.633249837860441644e-01 3.633249837860441644e-01 3.633249837860441644e-01 3.633249837860441644e-01
1.120000000000000000e+02 5.551882899297538865e-01 5.551882899297538865e-01 5.551882899297538865e-01 5.551882899297538865e-01
1.130000000000000000e+02 3.446675129269212157e-01 3.446675129269212157e-01 3.446675129269212157e-01 3.446675129269212157e-01
1.140000000000000000e+02 4.200403685980984569e-01 4.200403685980984569e-01 4.200403685980984569e-01 4.200403685980984569e-01
1.150000000000000000e+02 4.758116188002133873e-01 4.758116188002133873e-01 4.758116188002133873e-01 4.758116188002133873e-01
1.160000000000000000e+02 5.555981435655623635e-01 5.555981435655623635e-01 5.555981435655623635e-01 5.555981435655623635e-01
1.170000000000000000e+02 1.940684756931765065e-01 1.940684756931765065e-01 1.940684756931765065e-01 1.940684756931765065e-01
1.180000000000000000e+02 5.592737230626037004e-01 5.592737230626037004e-01 5.592737230626037004e-01 5.592737230626037004e-01
1.190000000000000000e+02 2.573588869210278740e-01 2.573588869210278740e-01 2.573588869210278740e-01 2.573588869210278740e-01
