Delays Time-delay1 Time-delay2 Time-delay3 Time-delay4
0.000000000000000000e+00 -4.368829217605689763e-01 -4.368829217605689763e-01 -4.368829217605689763e-01 -4.368829217605689763e-01
1.000000000000000000e+00 -3.165664795083910632e-01 -3.165664795083910632e-01 -3.165664795083910632e-01 -3.165664795083910632e-01
2.000000000000000000e+00 -3.813576345609628881e-01 -3.813576345609628881e-01 -3.813576345609628881e-01 -3.813576345609628881e-01
3.000000000000000000e+00 -2.541538390503024769e-01 -2.541538390503024769e-01 -2.541538390503024769e-01 -2.541538390503024769e-01
4.000000000000000000e+00 -1.542652044455450344e-01 -1.542652044455450344e-01 -1.542652044455450344e-01 -1.542652044455450344e-01
5.000000000000000000e+00 -2.600643460120183326e-01 -2.600643460120183326e-01 -2.600643460120183326e-01 -2.600643460120183326e-01
6.000000000000000000e+00 -2.198340045480675353e-01 -2.198340045480675353e-01 -2.198340045480675353e-01 -2.198340045480675353e-01
7.000000000000000000e+00 -2.313974683450585601e-01 -2.313974683450585601e-01 -2.313974683450585601e-01 -2.313974683450585601e-01
8.000000000000000000e+00 -1.659293787407143117e-01 -1.659293787407143117e-01 -1.659293787407143117e-01 -1.659293787407143117e-01
9.000000000000000000e+00 -1.089655153047653369e-01 -1.089655153047653369e-01 -1.089655153047653369e-01 -1.089655153047653369e-01
1.000000000000000000e+01 -2.310084332622886760e-01 -2.310084332622886760e-01 -2.310084332622886760e-01 -2.310084332622886760e-01
1.100000000000000000e+01 -1.007178396212712324e-01 -1.007178396212712324e-01 -1.007178396212712324e-01 -1.007178396212712324e-01
1.200000000000000000e+01 -1.787233932229939926e-01 -1.787233932229939926e-01 -1.787233932229939926e-01 -1.787233932229939926e-01
1.300000000000000000e+01 -7.806805007088073178e-02 -7.806805007088073178e-02 -7.806805007088073178e-02 -7.806805007088073178e-02
1.400000000000000000e+01 -8.559496201046384867e-02 -8.559496201046384867e-02 -8.559496201046384867e-02 -8.559496201046384867e-02
1.500000000000000000e+01 -7.957734633541484193e-02 -7.957734633541484193e-02 -7.957734633541484193e-02 -7.957734633541484193e-02
1.600000000000000000e+01 -8.576021059750323083e-02 -8.576021059750323083e-02 -8.576021059750323083e-02 -8.576021059750323083e-02
1.700000000000000000e+01 -5.731803511623932701e-02 -5.731803511623932701e-02 -5.731803511623932701e-02 -5.731803511623932701e-02
1.800000000000000000e+01 -1.751929608774047964e-01 -1.751929608774047964e-01 -1.751929608774047964e-01 -1.751929608774047964e-01
1.900000000000000000e+01 -5.425300042279446178e-02 -5.425300042279446178e-02 -5.425300042279446178e-02 -5.425300042279446178e-02
2.000000000000000000e+01 -7.195453116691370721e-02 -7.195453116691370721e-02 -7.195453116691370721e-02 -7.195453116691370721e-02
2.100000000000000000e+01 -7.903339433040333650e-02 -7.903339433040333650e-02 -7.903339433040333650e-02 -7.903339433040333650e-02
2.200000000000000000e+01 -9.256225879475396545e-02 -9.256225879475396545e-02 -9.256225879475396545e-02 -9.256225879475396545e-02
2.300000000000000000e+01 -5.376373430324467989e-02 -5.376373430324467989e-02 -5.376373430324467989e-02 -5.376373430324467989e-02
2.400000000000000000e+01 -5.249142782238275934e-02 -5.249142782238275934e-02 -5.249142782238275934e-02 -5.249142782238275934e-02
2.500000000000000000e+01 -8.594930971359421301e-02 -8.594930971359421301e-02 -8.594930971359421301e-02 -8.594930971359421301e-02
2.600000000000000000e+01 -2.229604429216472741e-02 -2.229604429216472741e-02 -2.229604429216472741e-02 -2.229604429216472741e-02
2.700000000000000000e+01 5.758881435213961640e-03 5.758881435213961640e-03 5.758881435213961640e-03 5.758881435213961640e-03
2.800000000000000000e+01 -4.323609290445311337e-02 -4.323609290445311337e-02 -4.323609290445311337e-02 -4.323609290445311337e-02
2.900000000000000000e+01 -2.952792169569793540e-02 -2.952792169569793540e-02 -2.952792169569793540e-02 -2.952792169569793540e-02
3.000000000000000000e+01 -2.073204251557354827e-02 -2.073204251557354827e-02 -2.073204251557354827e-02 -2.073204251557354827e-02
3.100000000000000000e+01 -3.330741584775393643e-02 -3.330741584775393643e-02 -3.330741584775393643e-02 -3.330741584775393643e-02
3.200000000000000000e+01 -1.554831259822153471e-02 -1.554831259822153471e-02 -1.554831259822153471e-02 -1.554831259822153471e-02
3.300000000000000000e+01 -1.282601962012578090e-01 -1.282601962012578090e-01 -1.282601962012578090e-01 -1.282601962012578090e-01
3.400000000000000000e+01 1.356200591394587929e-01 1.356200591394587929e-01 1.356200591394587929e-01 1.356200591394587929e-01
3.500000000000000000e+01 -4.028475594135377813e-02 -4.028475594135377813e-02 -4.028475594135377813e-02 -4.028475594135377813e-02
3.600000000000000000e+01 -3.316219212692429752e-02 -3.316219212692429752e-02 -3.316219212692429752e-02 -3.316219212692429752e-02
3.700000000000000000e+01 -4.642642608673930305e-02 -4.642642608673930305e-02 -4.642642608673930305e-02 -4.642642608673930305e-02
3.800000000000000000e+01 7.218290492684070747e-02 7.218290492684070747e-02 7.218290492684070747e-02 7.218290492684070747e-02
3.900000000000000000e+01 3.208918544041094350e-04 3.208918544041094350e-04 3.208918544041094350e-04 3.208918544041094350e-04
4.000000000000000000e+01 -1.054467289239726172e-02 -1.054467289239726172e-02 -1.054467289239726172e-02 -1.054467289239726172e-02
4.100000000000000000e+01 1.177057963192548601e-01 1.177057963192548601e-01 1.177057963192548601e-01 1.177057963192548601e-01
4.200000000000000000e+01 9.279274451767638432e-02 9.279274451767638432e-02 9.279274451767638432e-02 9.279274451767638432e-02
4.300000000000000000e+01 8.534780566013336345e-02 8.534780566013336345e-02 8.534780566013336345e-02 8.534780566013336345e-02
4.400000000000000000e+01 1.240109461569323529e-01 1.240109461569323529e-01 1.240109461569323529e-01 1.240109461569323529e-01
4.500000000000000000e+01 -1.034534975635161141e-01 -1.034534975635161141e-01 -1.034534975635161141e-01 -1.034534975635161141e-01
4.600000000000000000e+01 1.211282310763040909e-01 1.211282310763040909e-01 1.211282310763040909e-01 1.211282310763040909e-01
4.700000000000000000e+01 1.066988105671966419e-01 1.066988105671966419e-01 1.066988105671966419e-01 1.066988105671966419e-01
4.800000000000000000e+01 2.070279175238088909e-01 2.070279175238088909e-01 2.070279175238088909e-01 2.070279175238088909e-01
4.900000000000000000e+01 -1.285102841293556952e-01 -1.285102841293556952e-01 -1.285102841293556952e-01 -1.285102841293556952e-01
5.000000000000000000e+01 2.592380469627673101e-01 2.592380469627673101e-01 2.592380469627673101e-01 2.592380469627673101e-01
5.100000000000000000e+01 2.702509102990056575e-02 2.702509102990056575e-02 2.702509102990056575e-02 2.702509102990056575e-02
5.200000000000000000e+01 3.008742195333630187e-01 3.008742195333630187e-01 3.008742195333630187e-01 3.008742195333630187e-01
5.300000000000000000e+01 -1.104886886774654881e-01 -1.104886886774654881e-01 -1.104886886774654881e-01 -1.104886886774654881e-01
5.400000000000000000e+01 2.075840543053521503e-01 2.075840543053521503e-01 2.075840543053521503e-01 2.075840543053521503e-01
5.500000000000000000e+01 7.956676607560304870e-02 7.956676607560304870e-02 7.956676607560304870e-02 7.956676607560304870e-02
5.600000000000000000e+01 2.151358943224357112e-01 2.151358943224357112e-01 2.151358943224357112e-01 2.151358943224357112e-01
5.700000000000000000e+01 2.226779769539876178e-03 2.226779769539876178e-03 2.226779769539876178e-03 2.226779769539876178e-03
5.800000000000000000e+01 2.194730540712590827e-01 2.194730540712590827e-01 2.194730540712590827e-01 2.194730540712590827e-01
5.900000000000000000e+01 1.500071245103705153e-01 1.500071245103705153e-01 1.500071245103705153e-01 1.500071245103705153e-01
6.000000000000000000e+01 2.048829752438194873e-01 2.048829752438194873e-01 2.048829752438194873e-01 2.048829752438194873e-01
6.100000000000000000e+01 2.032346596879232858e-01 2.032346596879232858e-01 2.032346596879232858e-01 2.032346596879232858e-01
6.200000000000000000e+01 2.606142850133640332e-01 2.606142850133640332e-01 2.606142850133640332e-01 2.606142850133640332e-01
6.300000000000000000e+01 6.049940025983371328e-01 6.049940025983371328e-01 6.049940025983371328e-01 6.049940025983371328e-01
6.400000000000000000e+01 3.495995015202560952e-01 3.495995015202560952e-01 3.495995015202560952e-01 3.495995015202560952e-01
6.500000000000000000e+01 1.775338069489273696e-01 1.775338069489273696e-01 1.775338069489273696e-01 1.775338069489273696e-01
6.600000000000000000e+01 1.949935888736687994e-01 1.949935888736687994e-01 1.949935888736687994e-01 1.949935888736687994e-01
6.700000000000000000e+01 2.679162168626089691e-01 2.679162168626089691e-01 2.679162168626089691e-01 2.679162168626089691e-01
6.800000000000000000e+01 3.067795698657739822e-01 3.067795698657739822e-01 3.067795698657739822e-01 3.067795698657739822e-01
6.900000000000000000e+01 4.468783580795986782e-02 4.468783580795986782e-02 4.468783580795986782e-02 4.468783580795986782e-02
7.000000000000000000e+01 4.426649167971987708e-01 4.426649167971987708e-01 4.426649167971987708e-01 4.426649167971987708e-01
7.100000000000000000e+01 2.914330438375354881e-01 2.914330438375354881e-01 2.914330438375354881e-01 2.914330438375354881e-01
7.200000000000000000e+01 8.011215245018687980e-02 8.011215245018687980e-02 8.011215245018687980e-02 8.011215245018687980e-02
7.300000000000000000e+01 4.140400180898777815e-01 4.140400180898777815e-01 4.140400180898777815e-01 4.140400180898777815e-01
7.400000000000000000e+01 2.615246696205112964e-01 2.615246696205112964e-01 2.615246696205112964e-01 2.615246696205112964e-01
7.500000000000000000e+01 1.348618327201709655e-01 1.348618327201709655e-01 1.348618327201709655e-01 1.348618327201709655e-01
7.600000000000000000e+01 3.218690287665957328e-01 3.218690287665957328e-01 3.218690287665957328e-01 3.218690287665957328e-01
7.700000000000000000e+01 1.061796197922016682e-01 1.061796197922016682e-01 1.061796197922016682e-01 1.061796197922016682e-01
7.800000000000000000e+01 3.809087902766583600e-01 3.809087902766583600e-01 3.809087902766583600e-01 3.809087902766583600e-01
7.900000000000000000e+01 1.209406996940492196e-01 1.209406996940492196e-01 1.209406996940492196e-01 1.209406996940492196e-01
8.000000000000000000e+01 3.055426756075882433e-01 3.055426756075882433e-01 3.055426756075882433e-01 3.055426756075882433e-01
8.100000000000000000e+01 1.816279245169160617e-01 1.816279245169160617e-01 1.816279245169160617e-01 1.816279245169160617e-01
8.200000000000000000e+01 4.781365586122048872e-01 4.781365586122048872e-01 4.781365586122048872e-01 4.781365586122048872e-01
8.300000000000000000e+01 1.952598080365703925e-01 1.952598080365703925e-01 1.952598080365703925e-01 1.952598080365703925e-01
8.400000000000000000e+01 2.777741617850657541e-01 2.777741617850657541e-01 2.777741617850657541e-01 2.777741617850657541e-01
8.500000000000000000e+01 4.591125801000248696e-01 4.591125801000248696e-01 4.591125801000248696e-01 4.591125801000248696e-01
8.600000000000000000e+01 1.715325152848466428e-01 1.715325152848466428e-01 1.715325152848466428e-01 1.715325152848466428e-01
8.700000000000000000e+01 4.349758340317505523e-01 4.349758340317505523e-01 4.349758340317505523e-01 4.349758340317505523e-01
8.800000000000000000e+01 2.940066519206913642e-01 2.940066519206913642e-01 2.940066519206913642e-01 2.940066519206913642e-01
8.900000000000000000e+01 5.260981484557605281e-01 5.260981484557605281e-01 5.260981484557605281e-01 5.260981484557605281e-01
9.000000000000000000e+01 1.786389251413013635e-01 1.786389251413013635e-01 1.786389251413013635e-01 1.786389251413013635e-01
9.100000000000000000e+01 6.404952283130704860e-01 6.404952283130704860e-01 6.404952283130704860e-01 6.404952283130704860e-01
9.200000000000000000e+01 2.300069776723114856e-01 2.300069776723114856e-01 2.300069776723114856e-01 2.300069776723114856e-01
9.300000000000000000e+01 4.355645636949003197e-01 4.355645636949003197e-01 4.355645636949003197e-01 4.355645636949003197e-01
9.400000000000000000e+01 6.211180702129771164e-02 6.211180702129771164e-02 6.211180702129771164e-02 6.211180702129771164e-02
9.500000000000000000e+01 2.489901662817328026e-02 2.489901662817328026e-02 2.489901662817328026e-02 2.489901662817328026e-02
9.600000000000000000e+01 -9.365666048133176880e-02 -9.365666048133176880e-02 -9.365666048133176880e-02 -9.365666048133176880e-02
9.700000000000000000e+01 -2.350518523821306105e-01 -2.350518523821306105e-01 -2.350518523821306105e-01 -2.350518523821306105e-01
9.800000000000000000e+01 1.396711920551921560e-01 1.396711920551921560e-01 1.396711920551921560e-01 1.396711920551921560e-01
9.900000000000000000e+01 1.351651278138109313e-01 1.351651278138109313e-01 1.351651278138109313e-01 1.351651278138109313e-01
1.000000000000000000e+02 1.321104897644881926e-01 1.321104897644881926e-01 1.321104897644881926e-01 1.321104897644881926e-01
1.010000000000000000e+02 3.108670289431295086e-01 3.108670289431295086e-01 3.108670289431295086e-01 3.108670289431295086e-01
1.020000000000000000e+02 3.964051329498114451e-01 3.964051329498114451e-01 3.964051329498114451e-01 3.964051329498114451e-01
1.030000000000000000e+02 4.780869313525947240e-01 4.780869313525947240e-01 4.780869313525947240e-01 4.780869313525947240e-01
1.040000000000000000e+02 6.027658310606107683e-01 6.027658310606107683e-01 6.027658310606107683e-01 6.027658310606107683e-01
1.050000000000000000e+02 4.450653784681762315e-01 4.450653784681762315e-01 4.450653784681762315e-01 4.450653784681762315e-01
1.060000000000000000e+02 4.798615274762730309e-01 4.798615274762730309e-01 4.798615274762730309e-01 4.798615274762730309e-01
1.070000000000000000e+02 7.325220410622873546e-01 7.325220410622873546e-01 7.325220410622873546e-01 7.325220410622873546e-01
1.080000000000000000e+02 5.932199501060250180e-01 5.932199501060250180e-01 5.932199501060250180e-01 5.932199501060250180e-01
1.090000000000000000e+02 1.995920771237653935e-01 1.995920771237653935e-01 1.995920771237653935e-01 1.995920771237653935e-01
1.100000000000000000e+02 6.926520015941964870e-01 6.926520015941964870e-01 6.926520015941964870e-01 6.926520015941964870e-01
1.110000000000000000e+02 7.145629907272772474e-01 7.145629907272772474e-01 7.145629907272772474e-01 7.145629907272772474e-01
1.120000000000000000e+02 5.468008897942560065e-01 5.468008897942560065e-01 5.468008897942560065e-01 5.468008897942560065e-01
1.130000000000000000e+02 5.899427331617371761e-01 5.899427331617371761e-01 5.899427331617371761e-01 5.899427331617371761e-01
1.140000000000000000e+02 4.304938476669402658e-01 4.304938476669402658e-01 4.304938476669402658e-01 4.304938476669402658e-01
1.150000000000000000e+02 6.933192099562844879e-01 6.933192099562844879e-01 6.933192099562844879e-01 6.933192099562844879e-01
1.160000000000000000e+02 3.781366736128097261e-01 3.781366736128097261e-01 3.781366736128097261e-01 3.781366736128097261e-01
1.170000000000000000e+02 -7.723322868338251823e-02 -7.723322868338251823e-02 -7.723322868338251823e-02 -7.723322868338251823e-02
1.180000000000000000e+02 3.678996810130220063e-01 3.678996810130220063e-01 3.678996810130220063e-01 3.678996810130220063e-01
1.190000000000000000e+02 2.839853434306617228e-02 2.839853434306617228e-02 2.839853434306617228e-02 2.839853434306617228e-02
