Delays Time-delay1 Time-delay2 Time-delay3 Time-delay4
0.000000000000000000e+00 -2.709183033067185664e-01 -2.709183033067185664e-01 -2.709183033067185664e-01 -2.709183033067185664e-01
1.000000000000000000e+00 -1.851861602643559146e-01 -1.851861602643559146e-01 -1.851861602643559146e-01 -1.851861602643559146e-01
2.000000000000000000e+00 -2.408350588519325985e-01 -2.408350588519325985e-01 -2.408350588519325985e-01 -2.408350588519325985e-01
3.000000000000000000e+00 -8.315239316004180425e-02 -8.315239316004180425e-02 -8.315239316004180425e-02 -8.315239316004180425e-02
4.000000000000000000e+00 -1.650176022998482428e-01 -1.650176022998482428e-01 -1.650176022998482428e-01 -1.650176022998482428e-01
5.000000000000000000e+00 -1.119310700697792871e-01 -1.119310700697792871e-01 -1.119310700697792871e-01 -1.119310700697792871e-01
6.000000000000000000e+00 -1.425443628767414095e-01 -1.425443628767414095e-01 -1.425443628767414095e-01 -1.425443628767414095e-01
7.000000000000000000e+00 -1.067183960088532585e-01 -1.067183960088532585e-01 -1.067183960088532585e-01 -1.067183960088532585e-01
8.000000000000000000e+00 -1.316514269933626302e-01 -1.316514269933626302e-01 -1.316514269933626302e-01 -1.316514269933626302e-01
9.000000000000000000e+00 -1.440304327735874960e-02 -1.440304327735874960e-02 -1.440304327735874960e-02 -1.440304327735874960e-02
1.000000000000000000e+01 -1.549721088263621149e-01 -1.549721088263621149e-01 -1.549721088263621149e-01 -1.549721088263621149e-01
1.100000000000000000e+01 -6.303196729004260923e-02 -6.303196729004260923e-02 -6.303196729004260923e-02 -6.303196729004260923e-02
1.200000000000000000e+01 -1.118585606306709418e-01 -1.118585606306709418e-01 -1.118585606306709418e-01 -1.118585606306709418e-01
1.300000000000000000e+01 -2.577912386384045851e-02 -2.577912386384045851e-02 -2.577912386384045851e-02 -2.577912386384045851e-02
1.400000000000000000e+01 -3.052133385639872742e-02 -3.052133385639872742e-02 -3.052133385639872742e-02 -3.052133385639872742e-02
1.500000000000000000e+01 -4.291804096920614348e-02 -4.291804096920614348e-02 -4.291804096920614348e-02 -4.291804096920614348e-02
1.600000000000000000e+01 -7.737915800941920497e-02 -7.737915800941920497e-02 -7.737915800941920497e-02 -7.737915800941920497e-02
1.700000000000000000e+01 -1.806903697848789847e-02 -1.806903697848789847e-02 -1.806903697848789847e-02 -1.806903697848789847e-02
1.800000000000000000e+01 -1.151958403045499346e-01 -1.151958403045499346e-01 -1.151958403045499346e-01 -1.151958403045499346e-01
1.900000000000000000e+01 -4.599764323439568814e-02 -4.599764323439568814e-02 -4.599764323439568814e-02 -4.599764323439568814e-02
2.000000000000000000e+01 -8.079109870334036728e-03 -8.079109870334036728e-03 -8.079109870334036728e-03 -8.079109870334036728e-03
2.100000000000000000e+01 -7.985302805737087839e-02 -7.985302805737087839e-02 -7.985302805737087839e-02 -7.985302805737087839e-02
2.200000000000000000e+01 -6.417160575565863945e-02 -6.417160575565863945e-02 -6.417160575565863945e-02 -6.417160575565863945e-02
2.300000000000000000e+01 -4.316467343619579539e-02 -4.316467343619579539e-02 -4.316467343619579539e-02 -4.316467343619579539e-02
2.400000000000000000e+01 -5.074626745839710268e-02 -5.074626745839710268e-02 -5.074626745839710268e-02 -5.074626745839710268e-02
2.500000000000000000e+01 -3.135491916684064739e-02 -3.135491916684064739e-02 -3.135491916684064739e-02 -3.135491916684064739e-02
2.600000000000000000e+01 -3.790377884058031277e-02 -3.790377884058031277e-02 -3.790377884058031277e-02 -3.790377884058031277e-02
2.700000000000000000e+01 4.621000834736969931e-02 4.621000834736969931e-02 4.621000834736969931e-02 4.621000834736969931e-02
2.800000000000000000e+01 -9.676530378506938146e-02 -9.676530378506938146e-02 -9.676530378506938146e-02 -9.676530378506938146e-02
2.900000000000000000e+01 4.152747781905125057e-02 4.152747781905125057e-02 4.152747781905125057e-02 4.152747781905125057e-02
3.000000000000000000e+01 3.385981115421148047e-04 3.385981115421148047e-04 3.385981115421148047e-04 3.385981115421148047e-04
3.100000000000000000e+01 1.822298798723358260e-02 1.822298798723358260e-02 1.822298798723358260e-02 1.822298798723358260e-02
3.200000000000000000e+01 3.262857548389867801e-02 3.262857548389867801e-02 3.262857548389867801e-02 3.262857548389867801e-02
3.300000000000000000e+01 -1.460927745171468686e-02 -1.460927745171468686e-02 -1.460927745171468686e-02 -1.460927745171468686e-02
3.400000000000000000e+01 1.842214995888441231e-01 1.842214995888441231e-01 1.842214995888441231e-01 1.842214995888441231e-01
3.500000000000000000e+01 1.734106864245598192e-02 1.734106864245598192e-02 1.734106864245598192e-02 1.734106864245598192e-02
3.600000000000000000e+01 5.222287686758049496e-02 5.222287686758049496e-02 5.222287686758049496e-02 5.222287686758049496e-02
3.700000000000000000e+01 1.324698390272413540e-01 1.324698390272413540e-01 1.324698390272413540e-01 1.324698390272413540e-01
3.800000000000000000e+01 1.390377988916240704e-01 1.390377988916240704e-01 1.390377988916240704e-01 1.390377988916240704e-01
3.900000000000000000e+01 1.845688349986363830e-01 1.845688349986363830e-01 1.845688349986363830e-01 1.845688349986363830e-01
4.000000000000000000e+01 5.372279378133698602e-02 5.372279378133698602e-02 5.372279378133698602e-02 5.372279378133698602e-02
4.100000000000000000e+01 2.876537341490488231e-01 2.876537341490488231e-01 2.876537341490488231e-01 2.876537341490488231e-01
4.200000000000000000e+01 1.297234460405485290e-01 1.297234460405485290e-01 1.297234460405485290e-01 1.297234460405485290e-01
4.300000000000000000e+01 2.345817585037374697e-01 2.345817585037374697e-01 2.345817585037374697e-01 2.345817585037374697e-01
4.400000000000000000e+01 1.221821432309039418e-01 1.221821432309039418e-01 1.221821432309039418e-01 1.221821432309039418e-01
4.500000000000000000e+01 -8.561149976464789424e-02 -8.561149976464789424e-02 -8.561149976464789424e-02 -8.561149976464789424e-02
4.600000000000000000e+01 3.022817055777047845e-01 3.022817055777047845e-01 3.022817055777047845e-01 3.022817055777047845e-01
4.700000000000000000e+01 2.908239529628592890e-01 2.908239529628592890e-01 2.908239529628592890e-01 2.908239529628592890e-01
4.800000000000000000e+01 2.930792192673789542e-01 2.930792192673789542e-01 2.930792192673789542e-01 2.930792192673789542e-01
4.900000000000000000e+01 1.309980552595424279e-02 1.309980552595424279e-02 1.309980552595424279e-02 1.309980552595424279e-02
5.000000000000000000e+01 3.235364191786730959e-01 3.235364191786730959e-01 3.235364191786730959e-01 3.235364191786730959e-01
5.100000000000000000e+01 1.375111390730289207e-01 1.375111390730289207e-01 1.375111390730289207e-01 1.375111390730289207e-01
5.200000000000000000e+01 4.297799675001691133e-01 4.297799675001691133e-01 4.297799675001691133e-01 4.297799675001691133e-01
5.300000000000000000e+01 1.236077014231995626e-02 1.236077014231995626e-02 1.236077014231995626e-02 1.236077014231995626e-02
5.400000000000000000e+01 2.521409063056774258e-01 2.521409063056774258e-01 2.521409063056774258e-01 2.521409063056774258e-01
5.500000000000000000e+01 3.118445774253821856e-01 3.118445774253821856e-01 3.118445774253821856e-01 3.118445774253821856e-01
5.600000000000000000e+01 2.017126785585889315e-01 2.017126785585889315e-01 2.017126785585889315e-01 2.017126785585889315e-01
5.700000000000000000e+01 1.536700411751686091e-01 1.536700411751686091e-01 1.536700411751686091e-01 1.536700411751686091e-01
5.800000000000000000e+01 2.800219816646046245e-01 2.800219816646046245e-01 2.800219816646046245e-01 2.800219816646046245e-01
5.900000000000000000e+01 2.197420532161122597e-01 2.197420532161122597e-01 2.197420532161122597e-01 2.197420532161122597e-01
6.000000000000000000e+01 2.552415241583372851e-01 2.552415241583372851e-01 2.552415241583372851e-01 2.552415241583372851e-01
6.100000000000000000e+01 3.456798579045766706e-01 3.456798579045766706e-01 3.456798579045766706e-01 3.456798579045766706e-01
6.200000000000000000e+01 3.250706125629096443e-01 3.250706125629096443e-01 3.250706125629096443e-01 3.250706125629096443e-01
6.300000000000000000e+01 2.613695919240407450e-01 2.613695919240407450e-01 2.613695919240407450e-01 2.613695919240407450e-01
6.400000000000000000e+01 4.469671826310306906e-01 4.469671826310306906e-01 4.469671826310306906e-01 4.469671826310306906e-01
6.500000000000000000e+01 2.159397040994839867e-01 2.159397040994839867e-01 2.159397040994839867e-01 2.159397040994839867e-01
6.600000000000000000e+01 2.837008792184381734e-01 2.837008792184381734e-01 2.837008792184381734e-01 2.837008792184381734e-01
6.700000000000000000e+01 3.830320042686405912e-01 3.830320042686405912e-01 3.830320042686405912e-01 3.830320042686405912e-01
6.800000000000000000e+01 3.710835962517728959e-01 3.710835962517728959e-01 3.710835962517728959e-01 3.710835962517728959e-01
6.900000000000000000e+01 1.127563517731573900e-01 1.127563517731573900e-01 1.127563517731573900e-01 1.127563517731573900e-01
7.000000000000000000e+01 5.445360874908075077e-01 5.445360874908075077e-01 5.445360874908075077e-01 5.445360874908075077e-01
7.100000000000000000e+01 2.941881926397129643e-01 2.941881926397129643e-01 2.941881926397129643e-01 2.941881926397129643e-01
7.200000000000000000e+01 2.580158691174438412e-01 2.580158691174438412e-01 2.580158691174438412e-01 2.580158691174438412e-01
7.300000000000000000e+01 4.057060603833891332e-01 4.057060603833891332e-01 4.057060603833891332e-01 4.057060603833891332e-01
7.400000000000000000e+01 3.271336581632403040e-01 3.271336581632403040e-01 3.271336581632403040e-01 3.271336581632403040e-01
7.500000000000000000e+01 1.824058216750812922e-01 1.824058216750812922e-01 1.824058216750812922e-01 1.824058216750812922e-01
7.600000000000000000e+01 4.898624546095186050e-01 4.898624546095186050e-01 4.898624546095186050e-01 4.898624546095186050e-01
7.700000000000000000e+01 1.536687076178838429e-01 1.536687076178838429e-01 1.536687076178838429e-01 1.536687076178838429e-01
7.800000000000000000e+01 4.011204770632489369e-01 4.011204770632489369e-01 4.011204770632489369e-01 4.011204770632489369e-01
7.900000000000000000e+01 5.478645970240747509e-02 5.478645970240747509e-02 5.478645970240747509e-02 5.478645970240747509e-02
8.000000000000000000e+01 5.397301419836443570e-02 5.397301419836443570e-02 5.397301419836443570e-02 5.397301419836443570e-02
8.100000000000000000e+01 -8.502587429833091681e-02 -8.502587429833091681e-02 -8.502587429833091681e-02 -8.502587429833091681e-02
8.200000000000000000e+01 1.701110315204161505e-01 1.701110315204161505e-01 1.701110315204161505e-01 1.701110315204161505e-01
8.300000000000000000e+01 -3.051882296766367589e-02 -3.051882296766367589e-02 -3.051882296766367589e-02 -3.051882296766367589e-02
8.400000000000000000e+01 8.627587774730466341e-02 8.627587774730466341e-02 8.627587774730466341e-02 8.627587774730466341e-02
8.500000000000000000e+01 2.650818428793978443e-01 2.650818428793978443e-01 2.650818428793978443e-01 2.650818428793978443e-01
8.600000000000000000e+01 1.199089624422354505e-01 1.199089624422354505e-01 1.199089624422354505e-01 1.199089624422354505e-01
8.700000000000000000e+01 3.727840026737858081e-01 3.727840026737858081e-01 3.727840026737858081e-01 3.727840026737858081e-01
8.800000000000000000e+01 2.202369012322552833e-01 2.202369012322552833e-01 2.202369012322552833e-01 2.202369012322552833e-01
8.900000000000000000e+01 4.546031374914434320e-01 4.546031374914434320e-01 4.546031374914434320e-01 4.546031374914434320e-01
9.000000000000000000e+01 3.024159694834590573e-01 3.024159694834590573e-01 3.024159694834590573e-01 3.024159694834590573e-01
9.100000000000000000e+01 5.845465702232982563e-01 5.845465702232982563e-01 5.845465702232982563e-01 5.845465702232982563e-01
9.200000000000000000e+01 2.356587568509555253e-01 2.356587568509555253e-01 2.356587568509555253e-01 2.356587568509555253e-01
9.300000000000000000e+01 5.792140152608548087e-01 5.792140152608548087e-01 5.792140152608548087e-01 5.792140152608548087e-01
9.400000000000000000e+01 3.830323640954602649e-01 3.830323640954602649e-01 3.830323640954602649e-01 3.830323640954602649e-01
9.500000000000000000e+01 4.596084748393156061e-01 4.596084748393156061e-01 4.596084748393156061e-01 4.596084748393156061e-01
9.600000000000000000e+01 3.954651769175554499e-01 3.954651769175554499e-01 3.954651769175554499e-01 3.954651769175554499e-01
9.700000000000000000e+01 2.555425959474840192e-01 2.555425959474840192e-01 2.555425959474840192e-01 2.555425959474840192e-01
9.800000000000000000e+01 5.852463294703013075e-01 5.852463294703013075e-01 5.852463294703013075e-01 5.852463294703013075e-01
9.900000000000000000e+01 2.936201402467970567e-01 2.936201402467970567e-01 2.936201402467970567e-01 2.936201402467970567e-01
1.000000000000000000e+02 3.614943376732757674e-01 3.614943376732757674e-01 3.614943376732757674e-01 3.614943376732757674e-01
1.010000000000000000e+02 -1.892218829622020482e-01 -1.892218829622020482e-01 -1.892218829622020482e-01 -1.892218829622020482e-01
1.020000000000000000e+02 4.469764051064770150e-01 4.469764051064770150e-01 4.469764051064770150e-01 4.469764051064770150e-01
1.030000000000000000e+02 3.557767480731745535e-01 3.557767480731745535e-01 3.557767480731745535e-01 3.557767480731745535e-01
1.040000000000000000e+02 4.607850540572622222e-01 4.607850540572622222e-01 4.607850540572622222e-01 4.607850540572622222e-01
1.050000000000000000e+02 3.288896549222823373e-01 3.288896549222823373e-01 3.288896549222823373e-01 3.288896549222823373e-01
1.060000000000000000e+02 3.816465422721325718e-01 3.816465422721325718e-01 3.816465422721325718e-01 3.816465422721325718e-01
1.070000000000000000e+02 7.492393039647866626e-01 7.492393039647866626e-01 7.492393039647866626e-01 7.492393039647866626e-01
1.080000000000000000e+02 3.928444016149209017e-01 3.928444016149209017e-01 3.928444016149209017e-01 3.928444016149209017e-01
1.090000000000000000e+02 5.218440372802165550e-01 5.218440372802165550e-01 5.218440372802165550e-01 5.218440372802165550e-01
1.100000000000000000e+02 6.572801527717290204e-01 6.572801527717290204e-01 6.572801527717290204e-01 6.572801527717290204e-01
1.110000000000000000e+02 4.091449599320148844e-01 4.091449599320148844e-01 4.091449599320148844e-01 4.091449599320148844e-01
1.120000000000000000e+02 5.781609227567273690e-01 5.781609227567273690e-01 5.781609227567273690e-01 5.781609227567273690e-01
1.130000000000000000e+02 4.572288194116079230e-01 4.572288194116079230e-01 4.572288194116079230e-01 4.572288194116079230e-01
1.140000000000000000e+02 4.838412567155416233e-01 4.838412567155416233e-01 4.838412567155416233e-01 4.838412567155416233e-01
1.150000000000000000e+02 5.339516521899817514e-01 5.339516521899817514e-01 5.339516521899817514e-01 5.339516521899817514e-01
1.160000000000000000e+02 5.530339067707601419e-01 5.530339067707601419e-01 5.530339067707601419e-01 5.530339067707601419e-01
1.170000000000000000e+02 2.678557747385533760e-01 2.678557747385533760e-01 2.678557747385533760e-01 2.678557747385533760e-01
1.180000000000000000e+02 4.985263981168576164e-01 4.985263981168576164e-01 4.985263981168576164e-01 4.985263981168576164e-01
1.190000000000000000e+02 4.734077378941177749e-01 4.734077378941177749e-01 4.734077378941177749e-01 4.734077378941177749e-01
