0.000000000000000000e+00 -3.141426659652865605e-01 -3.141426659652865605e-01 -3.141426659652865605e-01 -3.141426659652865605e-01
1.000000000000000000e+00 4.098922180891809153e-01 4.098922180891809153e-01 4.098922180891809153e-01 4.098922180891809153e-01
2.000000000000000000e+00 4.487202316863934115e-01 4.487202316863934115e-01 4.487202316863934115e-01 4.487202316863934115e-01
3.000000000000000000e+00 9.899612771522742216e-01 9.899612771522742216e-01 9.899612771522742216e-01 9.899612771522742216e-01
4.000000000000000000e+00 6.462707008674041242e-01 6.462707008674041242e-01 6.462707008674041242e-01 6.462707008674041242e-01
5.000000000000000000e+00 8.866954451285782302e-01 8.866954451285782302e-01 8.866954451285782302e-01 8.866954451285782302e-01
6.000000000000000000e+00 1.177575591277422395e+00 1.177575591277422395e+00 1.177575591277422395e+00 1.177575591277422395e+00
7.000000000000000000e+00 1.181968924073672822e+00 1.181968924073672822e+00 1.181968924073672822e+00 1.181968924073672822e+00
8.000000000000000000e+00 1.328330211196418809e+00 1.328330211196418809e+00 1.328330211196418809e+00 1.328330211196418809e+00
9.000000000000000000e+00 1.134473757488298373e+00 1.134473757488298373e+00 1.134473757488298373e+00 1.134473757488298373e+00
1.000000000000000000e+01 1.516335108188923808e+00 1.516335108188923808e+00 1.516335108188923808e+00 1.516335108188923808e+00
1.100000000000000000e+01 1.423660559193421493e+00 1.423660559193421493e+00 1.423660559193421493e+00 1.423660559193421493e+00
1.200000000000000000e+01 1.745589315269238329e+00 1.745589315269238329e+00 1.745589315269238329e+00 1.745589315269238329e+00
1.300000000000000000e+01 1.978886116282424501e+00 1.978886116282424501e+00 1.978886116282424501e+00 1.978886116282424501e+00
1.400000000000000000e+01 1.967128060817030288e+00 1.967128060817030288e+00 1.967128060817030288e+00 1.967128060817030288e+00
1.500000000000000000e+01 2.406068843273614810e+00 2.406068843273614810e+00 2.406068843273614810e+00 2.406068843273614810e+00
1.600000000000000000e+01 2.554797048538614668e+00 2.554797048538614668e+00 2.554797048538614668e+00 2.554797048538614668e+00
1.700000000000000000e+01 2.628855211943185388e+00 2.628855211943185388e+00 2.628855211943185388e+00 2.628855211943185388e+00
1.800000000000000000e+01 2.721035397447112647e+00 2.721035397447112647e+00 2.721035397447112647e+00 2.721035397447112647e+00
1.900000000000000000e+01 2.999013536729328244e+00 2.999013536729328244e+00 2.999013536729328244e+00 2.999013536729328244e+00
2.000000000000000000e+01 3.232529187995024422e+00 3.232529187995024422e+00 3.232529187995024422e+00 3.232529187995024422e+00
2.100000000000000000e+01 3.463537741808734527e+00 3.463537741808734527e+00 3.463537741808734527e+00 3.463537741808734527e+00
2.200000000000000000e+01 3.886562303780049632e+00 3.886562303780049632e+00 3.886562303780049632e+00 3.886562303780049632e+00
2.300000000000000000e+01 4.118153303796704634e+00 4.118153303796704634e+00 4.118153303796704634e+00 4.118153303796704634e+00
2.400000000000000000e+01 4.370406729081059538e+00 4.370406729081059538e+00 4.370406729081059538e+00 4.370406729081059538e+00
2.500000000000000000e+01 4.398485888582317926e+00 4.398485888582317926e+00 4.398485888582317926e+00 4.398485888582317926e+00
2.600000000000000000e+01 4.486550502882139746e+00 4.486550502882139746e+00 4.486550502882139746e+00 4.486550502882139746e+00
2.700000000000000000e+01 4.339551696105634626e+00 4.339551696105634626e+00 4.339551696105634626e+00 4.339551696105634626e+00
2.800000000000000000e+01 4.477196537932562670e+00 4.477196537932562670e+00 4.477196537932562670e+00 4.477196537932562670e+00
2.900000000000000000e+01 4.426142405278541858e+00 4.426142405278541858e+00 4.426142405278541858e+00 4.426142405278541858e+00
3.000000000000000000e+01 4.516120012049914756e+00 4.516120012049914756e+00 4.516120012049914756e+00 4.516120012049914756e+00
3.100000000000000000e+01 4.884520941931054239e+00 4.884520941931054239e+00 4.884520941931054239e+00 4.884520941931054239e+00
3.200000000000000000e+01 5.089549606344701438e+00 5.089549606344701438e+00 5.089549606344701438e+00 5.089549606344701438e+00
3.300000000000000000e+01 5.276873480304941744e+00 5.276873480304941744e+00 5.276873480304941744e+00 5.276873480304941744e+00
3.400000000000000000e+01 5.276963948209983712e+00 5.276963948209983712e+00 5.276963948209983712e+00 5.276963948209983712e+00
3.500000000000000000e+01 5.214994328914134947e+00 5.214994328914134947e+00 5.214994328914134947e+00 5.214994328914134947e+00
3.600000000000000000e+01 5.171627582680397239e+00 5.171627582680397239e+00 5.171627582680397239e+00 5.171627582680397239e+00
3.700000000000000000e+01 5.113517696405349255e+00 5.113517696405349255e+00 5.113517696405349255e+00 5.113517696405349255e+00
3.800000000000000000e+01 5.206384301355832633e+00 5.206384301355832633e+00 5.206384301355832633e+00 5.206384301355832633e+00
3.900000000000000000e+01 5.629147230251612122e+00 5.629147230251612122e+00 5.629147230251612122e+00 5.629147230251612122e+00
4.000000000000000000e+01 6.222340860634679061e+00 6.222340860634679061e+00 6.222340860634679061e+00 6.222340860634679061e+00
4.100000000000000000e+01 6.529307797853460826e+00 6.529307797853460826e+00 6.529307797853460826e+00 6.529307797853460826e+00
4.200000000000000000e+01 6.891390327335364496e+00 6.891390327335364496e+00 6.891390327335364496e+00 6.891390327335364496e+00
4.300000000000000000e+01 6.685259349052876665e+00 6.685259349052876665e+00 6.685259349052876665e+00 6.685259349052876665e+00
4.400000000000000000e+01 6.743584603884879236e+00 6.743584603884879236e+00 6.743584603884879236e+00 6.743584603884879236e+00
4.500000000000000000e+01 6.293075481142861527e+00 6.293075481142861527e+00 6.293075481142861527e+00 6.293075481142861527e+00
4.600000000000000000e+01 5.660330605094641143e+00 5.660330605094641143e+00 5.660330605094641143e+00 5.660330605094641143e+00
4.700000000000000000e+01 5.686745691760298982e+00 5.686745691760298982e+00 5.686745691760298982e+00 5.686745691760298982e+00
4.800000000000000000e+01 5.273739807196493601e+00 5.273739807196493601e+00 5.273739807196493601e+00 5.273739807196493601e+00
4.900000000000000000e+01 5.167282011363718119e+00 5.167282011363718119e+00 5.167282011363718119e+00 5.167282011363718119e+00
5.000000000000000000e+01 5.176766981647511479e+00 5.176766981647511479e+00 5.176766981647511479e+00 5.176766981647511479e+00
5.100000000000000000e+01 5.045013426208784679e+00 5.045013426208784679e+00 5.045013426208784679e+00 5.045013426208784679e+00
5.200000000000000000e+01 5.372393259588175596e+00 5.372393259588175596e+00 5.372393259588175596e+00 5.372393259588175596e+00
5.300000000000000000e+01 5.223763975293937101e+00 5.223763975293937101e+00 5.223763975293937101e+00 5.223763975293937101e+00
5.400000000000000000e+01 4.994383821790606248e+00 4.994383821790606248e+00 4.994383821790606248e+00 4.994383821790606248e+00
5.500000000000000000e+01 4.895507993315532325e+00 4.895507993315532325e+00 4.895507993315532325e+00 4.895507993315532325e+00
5.600000000000000000e+01 4.694070769116725828e+00 4.694070769116725828e+00 4.694070769116725828e+00 4.694070769116725828e+00
5.700000000000000000e+01 4.552051135211590882e+00 4.552051135211590882e+00 4.552051135211590882e+00 4.552051135211590882e+00
5.800000000000000000e+01 4.564907385472846357e+00 4.564907385472846357e+00 4.564907385472846357e+00 4.564907385472846357e+00
5.900000000000000000e+01 5.008069997279140040e+00 5.008069997279140040e+00 5.008069997279140040e+00 5.008069997279140040e+00
6.000000000000000000e+01 5.157804748784175608e+00 5.157804748784175608e+00 5.157804748784175608e+00 5.157804748784175608e+00
6.100000000000000000e+01 5.817298933536286576e+00 5.817298933536286576e+00 5.817298933536286576e+00 5.817298933536286576e+00
6.200000000000000000e+01 5.944887737213404577e+00 5.944887737213404577e+00 5.944887737213404577e+00 5.944887737213404577e+00
6.300000000000000000e+01 5.973113593012451261e+00 5.973113593012451261e+00 5.973113593012451261e+00 5.973113593012451261e+00
6.400000000000000000e+01 5.741814235178406278e+00 5.741814235178406278e+00 5.741814235178406278e+00 5.741814235178406278e+00
6.500000000000000000e+01 5.617723981772149600e+00 5.617723981772149600e+00 5.617723981772149600e+00 5.617723981772149600e+00
6.600000000000000000e+01 5.510231654837629556e+00 5.510231654837629556e+00 5.510231654837629556e+00 5.510231654837629556e+00
6.700000000000000000e+01 5.193578188945332741e+00 5.193578188945332741e+00 5.193578188945332741e+00 5.193578188945332741e+00
6.800000000000000000e+01 5.322081901147354799e+00 5.322081901147354799e+00 5.322081901147354799e+00 5.322081901147354799e+00
6.900000000000000000e+01 4.992046749623242796e+00 4.992046749623242796e+00 4.992046749623242796e+00 4.992046749623242796e+00
7.000000000000000000e+01 5.277628275401355040e+00 5.277628275401355040e+00 5.277628275401355040e+00 5.277628275401355040e+00
7.100000000000000000e+01 4.879878233671811394e+00 4.879878233671811394e+00 4.879878233671811394e+00 4.879878233671811394e+00
7.200000000000000000e+01 4.917302468524466619e+00 4.917302468524466619e+00 4.917302468524466619e+00 4.917302468524466619e+00
7.300000000000000000e+01 4.379204448449018905e+00 4.379204448449018905e+00 4.379204448449018905e+00 4.379204448449018905e+00
7.400000000000000000e+01 4.286449313203359424e+00 4.286449313203359424e+00 4.286449313203359424e+00 4.286449313203359424e+00
7.500000000000000000e+01 3.964612133739160882e+00 3.964612133739160882e+00 3.964612133739160882e+00 3.964612133739160882e+00
7.600000000000000000e+01 3.925901596841012253e+00 3.925901596841012253e+00 3.925901596841012253e+00 3.925901596841012253e+00
7.700000000000000000e+01 4.069918150534640233e+00 4.069918150534640233e+00 4.069918150534640233e+00 4.069918150534640233e+00
7.800000000000000000e+01 4.074412710642629776e+00 4.074412710642629776e+00 4.074412710642629776e+00 4.074412710642629776e+00
7.900000000000000000e+01 4.497727944364175556e+00 4.497727944364175556e+00 4.497727944364175556e+00 4.497727944364175556e+00
8.000000000000000000e+01 4.429254746985308522e+00 4.429254746985308522e+00 4.429254746985308522e+00 4.429254746985308522e+00
8.100000000000000000e+01 5.167296184179321017e+00 5.167296184179321017e+00 5.167296184179321017e+00 5.167296184179321017e+00
8.200000000000000000e+01 5.034129814959341864e+00 5.034129814959341864e+00 5.034129814959341864e+00 5.034129814959341864e+00
8.300000000000000000e+01 5.004735855443014358e+00 5.004735855443014358e+00 5.004735855443014358e+00 5.004735855443014358e+00
8.400000000000000000e+01 5.164946025619447489e+00 5.164946025619447489e+00 5.164946025619447489e+00 5.164946025619447489e+00
8.500000000000000000e+01 5.149593607580433385e+00 5.149593607580433385e+00 5.149593607580433385e+00 5.149593607580433385e+00
8.600000000000000000e+01 4.799654756473563211e+00 4.799654756473563211e+00 4.799654756473563211e+00 4.799654756473563211e+00
8.700000000000000000e+01 5.006735373300948311e+00 5.006735373300948311e+00 5.006735373300948311e+00 5.006735373300948311e+00
8.800000000000000000e+01 4.623267760875150678e+00 4.623267760875150678e+00 4.623267760875150678e+00 4.623267760875150678e+00
8.900000000000000000e+01 4.461518800498895487e+00 4.461518800498895487e+00 4.461518800498895487e+00 4.461518800498895487e+00
9.000000000000000000e+01 4.081364534927854670e+00 4.081364534927854670e+00 4.081364534927854670e+00 4.081364534927854670e+00
9.100000000000000000e+01 3.737548615151779163e+00 3.737548615151779163e+00 3.737548615151779163e+00 3.737548615151779163e+00
9.200000000000000000e+01 3.450070593004368025e+00 3.450070593004368025e+00 3.450070593004368025e+00 3.450070593004368025e+00
9.300000000000000000e+01 3.246442731026664141e+00 3.246442731026664141e+00 3.246442731026664141e+00 3.246442731026664141e+00
9.400000000000000000e+01 3.068895531128412291e+00 3.068895531128412291e+00 3.068895531128412291e+00 3.068895531128412291e+00
9.500000000000000000e+01 3.063103202939133407e+00 3.063103202939133407e+00 3.063103202939133407e+00 3.063103202939133407e+00
9.600000000000000000e+01 3.173015028347742295e+00 3.173015028347742295e+00 3.173015028347742295e+00 3.173015028347742295e+00
9.700000000000000000e+01 3.554368477984105379e+00 3.554368477984105379e+00 3.554368477984105379e+00 3.554368477984105379e+00
9.800000000000000000e+01 3.495583602606976203e+00 3.495583602606976203e+00 3.495583602606976203e+00 3.495583602606976203e+00
9.900000000000000000e+01 4.095805387048486956e+00 4.095805387048486956e+00 4.095805387048486956e+00 4.095805387048486956e+00
