0.000000000000000000e+00 8.264100596547300226e-01 8.264100596547300226e-01 8.264100596547300226e-01 8.264100596547300226e-01
1.000000000000000000e+00 9.526895000018623660e-01 9.526895000018623660e-01 9.526895000018623660e-01 9.526895000018623660e-01
2.000000000000000000e+00 9.187138029034638276e-01 9.187138029034638276e-01 9.187138029034638276e-01 9.187138029034638276e-01
3.000000000000000000e+00 9.918457700756396767e-01 9.918457700756396767e-01 9.918457700756396767e-01 9.918457700756396767e-01
4.000000000000000000e+00 9.269025068695594394e-01 9.269025068695594394e-01 9.269025068695594394e-01 9.269025068695594394e-01
5.000000000000000000e+00 1.015318299103780353e+00 1.015318299103780353e+00 1.015318299103780353e+00 1.015318299103780353e+00
6.000000000000000000e+00 1.155294671810328744e+00 1.155294671810328744e+00 1.155294671810328744e+00 1.155294671810328744e+00
7.000000000000000000e+00 1.155504415057159173e+00 1.155504415057159173e+00 1.155504415057159173e+00 1.155504415057159173e+00
8.000000000000000000e+00 1.362952191740640639e+00 1.362952191740640639e+00 1.362952191740640639e+00 1.362952191740640639e+00
9.000000000000000000e+00 1.160671839498876201e+00 1.160671839498876201e+00 1.160671839498876201e+00 1.160671839498876201e+00
1.000000000000000000e+01 1.516138466969425336e+00 1.516138466969425336e+00 1.516138466969425336e+00 1.516138466969425336e+00
1.100000000000000000e+01 1.512170887135887209e+00 1.512170887135887209e+00 1.512170887135887209e+00 1.512170887135887209e+00
1.200000000000000000e+01 1.735110082302336876e+00 1.735110082302336876e+00 1.735110082302336876e+00 1.735110082302336876e+00
1.300000000000000000e+01 2.010680025070015198e+00 2.010680025070015198e+00 2.010680025070015198e+00 2.010680025070015198e+00
1.400000000000000000e+01 1.983701837504719956e+00 1.983701837504719956e+00 1.983701837504719956e+00 1.983701837504719956e+00
1.500000000000000000e+01 2.383299880060452125e+00 2.383299880060452125e+00 2.383299880060452125e+00 2.383299880060452125e+00
1.600000000000000000e+01 2.525132490580195288e+00 2.525132490580195288e+00 2.525132490580195288e+00 2.525132490580195288e+00
1.700000000000000000e+01 2.634714104102033883e+00 2.634714104102033883e+00 2.634714104102033883e+00 2.634714104102033883e+00
1.800000000000000000e+01 2.651827400867293516e+00 2.651827400867293516e+00 2.651827400867293516e+00 2.651827400867293516e+00
1.900000000000000000e+01 2.996220436408582266e+00 2.996220436408582266e+00 2.996220436408582266e+00 2.996220436408582266e+00
2.000000000000000000e+01 3.075013686767236187e+00 3.075013686767236187e+00 3.075013686767236187e+00 3.075013686767236187e+00
2.100000000000000000e+01 3.353293289788719544e+00 3.353293289788719544e+00 3.353293289788719544e+00 3.353293289788719544e+00
2.200000000000000000e+01 3.729913177019151149e+00 3.729913177019151149e+00 3.729913177019151149e+00 3.729913177019151149e+00
2.300000000000000000e+01 3.971095904728178194e+00 3.971095904728178194e+00 3.971095904728178194e+00 3.971095904728178194e+00
2.400000000000000000e+01 4.136730518670334256e+00 4.136730518670334256e+00 4.136730518670334256e+00 4.136730518670334256e+00
2.500000000000000000e+01 4.151027674479772500e+00 4.151027674479772500e+00 4.151027674479772500e+00 4.151027674479772500e+00
2.600000000000000000e+01 4.283590098970702087e+00 4.283590098970702087e+00 4.283590098970702087e+00 4.283590098970702087e+00
2.700000000000000000e+01 4.044207944500447738e+00 4.044207944500447738e+00 4.044207944500447738e+00 4.044207944500447738e+00
2.800000000000000000e+01 4.273400553848917482e+00 4.273400553848917482e+00 4.273400553848917482e+00 4.273400553848917482e+00
2.900000000000000000e+01 4.257854503759419096e+00 4.257854503759419096e+00 4.257854503759419096e+00 4.257854503759419096e+00
3.000000000000000000e+01 4.351302459731760663e+00 4.351302459731760663e+00 4.351302459731760663e+00 4.351302459731760663e+00
3.100000000000000000e+01 4.713986808492497182e+00 4.713986808492497182e+00 4.713986808492497182e+00 4.713986808492497182e+00
3.200000000000000000e+01 4.998601163259857927e+00 4.998601163259857927e+00 4.998601163259857927e+00 4.998601163259857927e+00
3.300000000000000000e+01 5.159751951480319399e+00 5.159751951480319399e+00 5.159751951480319399e+00 5.159751951480319399e+00
3.400000000000000000e+01 5.208448936498958126e+00 5.208448936498958126e+00 5.208448936498958126e+00 5.208448936498958126e+00
3.500000000000000000e+01 5.098626999881273214e+00 5.098626999881273214e+00 5.098626999881273214e+00 5.098626999881273214e+00
3.600000000000000000e+01 5.147322378520635233e+00 5.147322378520635233e+00 5.147322378520635233e+00 5.147322378520635233e+00
3.700000000000000000e+01 5.019055724732468526e+00 5.019055724732468526e+00 5.019055724732468526e+00 5.019055724732468526e+00
3.800000000000000000e+01 5.139935256143053799e+00 5.139935256143053799e+00 5.139935256143053799e+00 5.139935256143053799e+00
3.900000000000000000e+01 5.558381865094233376e+00 5.558381865094233376e+00 5.558381865094233376e+00 5.558381865094233376e+00
4.000000000000000000e+01 6.144103752803776963e+00 6.144103752803776963e+00 6.144103752803776963e+00 6.144103752803776963e+00
4.100000000000000000e+01 6.380155451840860081e+00 6.380155451840860081e+00 6.380155451840860081e+00 6.380155451840860081e+00
4.200000000000000000e+01 6.704448806769996771e+00 6.704448806769996771e+00 6.704448806769996771e+00 6.704448806769996771e+00
4.300000000000000000e+01 6.473382836754288938e+00 6.473382836754288938e+00 6.473382836754288938e+00 6.473382836754288938e+00
4.400000000000000000e+01 6.490479700809566488e+00 6.490479700809566488e+00 6.490479700809566488e+00 6.490479700809566488e+00
4.500000000000000000e+01 6.134463913558801273e+00 6.134463913558801273e+00 6.134463913558801273e+00 6.134463913558801273e+00
4.600000000000000000e+01 5.402526394994897174e+00 5.402526394994897174e+00 5.402526394994897174e+00 5.402526394994897174e+00
4.700000000000000000e+01 5.447848992703928417e+00 5.447848992703928417e+00 5.447848992703928417e+00 5.447848992703928417e+00
4.800000000000000000e+01 4.897642347285584563e+00 4.897642347285584563e+00 4.897642347285584563e+00 4.897642347285584563e+00
4.900000000000000000e+01 4.904479928034972680e+00 4.904479928034972680e+00 4.904479928034972680e+00 4.904479928034972680e+00
5.000000000000000000e+01 4.908316486616962848e+00 4.908316486616962848e+00 4.908316486616962848e+00 4.908316486616962848e+00
5.100000000000000000e+01 4.800163294220065602e+00 4.800163294220065602e+00 4.800163294220065602e+00 4.800163294220065602e+00
5.200000000000000000e+01 5.211391158720344308e+00 5.211391158720344308e+00 5.211391158720344308e+00 5.211391158720344308e+00
5.300000000000000000e+01 5.095620416127487395e+00 5.095620416127487395e+00 5.095620416127487395e+00 5.095620416127487395e+00
5.400000000000000000e+01 4.947069780318928522e+00 4.947069780318928522e+00 4.947069780318928522e+00 4.947069780318928522e+00
5.500000000000000000e+01 4.822952648771043904e+00 4.822952648771043904e+00 4.822952648771043904e+00 4.822952648771043904e+00
5.600000000000000000e+01 4.718131807647025333e+00 4.718131807647025333e+00 4.718131807647025333e+00 4.718131807647025333e+00
5.700000000000000000e+01 4.549106680746105802e+00 4.549106680746105802e+00 4.549106680746105802e+00 4.549106680746105802e+00
5.800000000000000000e+01 4.519503583418377879e+00 4.519503583418377879e+00 4.519503583418377879e+00 4.519503583418377879e+00
5.900000000000000000e+01 4.949822872776608484e+00 4.949822872776608484e+00 4.949822872776608484e+00 4.949822872776608484e+00
6.000000000000000000e+01 5.245715413358748691e+00 5.245715413358748691e+00 5.245715413358748691e+00 5.245715413358748691e+00
6.100000000000000000e+01 5.841207950622668399e+00 5.841207950622668399e+00 5.841207950622668399e+00 5.841207950622668399e+00
6.200000000000000000e+01 5.936179848004480952e+00 5.936179848004480952e+00 5.936179848004480952e+00 5.936179848004480952e+00
6.300000000000000000e+01 5.959336274421592528e+00 5.959336274421592528e+00 5.959336274421592528e+00 5.959336274421592528e+00
6.400000000000000000e+01 5.808775510733785730e+00 5.808775510733785730e+00 5.808775510733785730e+00 5.808775510733785730e+00
6.500000000000000000e+01 5.452762958562743734e+00 5.452762958562743734e+00 5.452762958562743734e+00 5.452762958562743734e+00
6.600000000000000000e+01 5.373170474686175702e+00 5.373170474686175702e+00 5.373170474686175702e+00 5.373170474686175702e+00
6.700000000000000000e+01 4.943534836096771912e+00 4.943534836096771912e+00 4.943534836096771912e+00 4.943534836096771912e+00
6.800000000000000000e+01 5.081976743847272715e+00 5.081976743847272715e+00 5.081976743847272715e+00 5.081976743847272715e+00
6.900000000000000000e+01 4.744531729161311162e+00 4.744531729161311162e+00 4.744531729161311162e+00 4.744531729161311162e+00
7.000000000000000000e+01 4.993101128423866442e+00 4.993101128423866442e+00 4.993101128423866442e+00 4.993101128423866442e+00
7.100000000000000000e+01 4.659815317716965666e+00 4.659815317716965666e+00 4.659815317716965666e+00 4.659815317716965666e+00
7.200000000000000000e+01 4.763105615973632467e+00 4.763105615973632467e+00 4.763105615973632467e+00 4.763105615973632467e+00
7.300000000000000000e+01 4.184216330677530848e+00 4.184216330677530848e+00 4.184216330677530848e+00 4.184216330677530848e+00
7.400000000000000000e+01 4.253796065900549372e+00 4.253796065900549372e+00 4.253796065900549372e+00 4.253796065900549372e+00
7.500000000000000000e+01 3.948049806564080999e+00 3.948049806564080999e+00 3.948049806564080999e+00 3.948049806564080999e+00
7.600000000000000000e+01 3.901103633436612039e+00 3.901103633436612039e+00 3.901103633436612039e+00 3.901103633436612039e+00
7.700000000000000000e+01 4.058632448635125733e+00 4.058632448635125733e+00 4.058632448635125733e+00 4.058632448635125733e+00
7.800000000000000000e+01 4.089560279486945227e+00 4.089560279486945227e+00 4.089560279486945227e+00 4.089560279486945227e+00
7.900000000000000000e+01 4.484167417581554460e+00 4.484167417581554460e+00 4.484167417581554460e+00 4.484167417581554460e+00
8.000000000000000000e+01 4.480753939269188635e+00 4.480753939269188635e+00 4.480753939269188635e+00 4.480753939269188635e+00
8.100000000000000000e+01 5.142267270608432916e+00 5.142267270608432916e+00 5.142267270608432916e+00 5.142267270608432916e+00
8.200000000000000000e+01 5.038729940741870195e+00 5.038729940741870195e+00 5.038729940741870195e+00 5.038729940741870195e+00
8.300000000000000000e+01 5.061467596187080531e+00 5.061467596187080531e+00 5.061467596187080531e+00 5.061467596187080531e+00
8.400000000000000000e+01 5.156357888162590442e+00 5.156357888162590442e+00 5.156357888162590442e+00 5.156357888162590442e+00
8.500000000000000000e+01 5.133006747456489549e+00 5.133006747456489549e+00 5.133006747456489549e+00 5.133006747456489549e+00
8.600000000000000000e+01 4.718779492031341505e+00 4.718779492031341505e+00 4.718779492031341505e+00 4.718779492031341505e+00
8.700000000000000000e+01 4.981261521479536825e+00 4.981261521479536825e+00 4.981261521479536825e+00 4.981261521479536825e+00
8.800000000000000000e+01 4.531849780349077150e+00 4.531849780349077150e+00 4.531849780349077150e+00 4.531849780349077150e+00
8.900000000000000000e+01 4.264843544635806616e+00 4.264843544635806616e+00 4.264843544635806616e+00 4.264843544635806616e+00
9.000000000000000000e+01 3.895338555630939226e+00 3.895338555630939226e+00 3.895338555630939226e+00 3.895338555630939226e+00
9.100000000000000000e+01 3.552161217819544525e+00 3.552161217819544525e+00 3.552161217819544525e+00 3.552161217819544525e+00
9.200000000000000000e+01 3.310873708813199645e+00 3.310873708813199645e+00 3.310873708813199645e+00 3.310873708813199645e+00
9.300000000000000000e+01 3.100448531494937932e+00 3.100448531494937932e+00 3.100448531494937932e+00 3.100448531494937932e+00
9.400000000000000000e+01 3.023360493064517485e+00 3.023360493064517485e+00 3.023360493064517485e+00 3.023360493064517485e+00
9.500000000000000000e+01 3.005066024199634533e+00 3.005066024199634533e+00 3.005066024199634533e+00 3.005066024199634533e+00
9.600000000000000000e+01 3.182412096391137979e+00 3.182412096391137979e+00 3.182412096391137979e+00 3.182412096391137979e+00
9.700000000000000000e+01 3.522546820082510077e+00 3.522546820082510077e+00 3.522546820082510077e+00 3.522546820082510077e+00
9.800000000000000000e+01 3.523364169839517945e+00 3.523364169839517945e+00 3.523364169839517945e+00 3.523364169839517945e+00
9.900000000000000000e+01 4.067014611113901168e+00 4.067014611113901168e+00 4.067014611113901168e+00 4.067014611113901168e+00
