0.000000000000000000e+00 7.282161921570017071e+00 7.282161921570017071e+00 7.282161921570017071e+00 7.282161921570017071e+00
1.000000000000000000e+00 7.829363583184374420e+00 7.829363583184374420e+00 7.829363583184374420e+00 7.829363583184374420e+00
2.000000000000000000e+00 7.479560835235007588e+00 7.479560835235007588e+00 7.479560835235007588e+00 7.479560835235007588e+00
3.000000000000000000e+00 8.530404707906642514e+00 8.530404707906642514e+00 8.530404707906642514e+00 8.530404707906642514e+00
4.000000000000000000e+00 9.119299730053475272e+00 9.119299730053475272e+00 9.119299730053475272e+00 9.119299730053475272e+00
5.000000000000000000e+00 2.677234963020922454e+00 2.677234963020922454e+00 2.677234963020922454e+00 2.677234963020922454e+00
6.000000000000000000e+00 2.442849770684063504e+00 2.442849770684063504e+00 2.442849770684063504e+00 2.442849770684063504e+00
7.000000000000000000e+00 2.069384647976817870e+00 2.069384647976817870e+00 2.069384647976817870e+00 2.069384647976817870e+00
8.000000000000000000e+00 3.265305306075317660e+00 3.265305306075317660e+00 3.265305306075317660e+00 3.265305306075317660e+00
9.000000000000000000e+00 4.648201274296456020e+00 4.648201274296456020e+00 4.648201274296456020e+00 4.648201274296456020e+00
1.000000000000000000e+01 4.425777869750564975e+00 4.425777869750564975e+00 4.425777869750564975e+00 4.425777869750564975e+00
1.100000000000000000e+01 5.386788254333607640e+00 5.386788254333607640e+00 5.386788254333607640e+00 5.386788254333607640e+00
1.200000000000000000e+01 5.842482929252288848e+00 5.842482929252288848e+00 5.842482929252288848e+00 5.842482929252288848e+00
1.300000000000000000e+01 7.442873902733659897e+00 7.442873902733659897e+00 7.442873902733659897e+00 7.442873902733659897e+00
1.400000000000000000e+01 1.114704640459365770e+01 1.114704640459365770e+01 1.114704640459365770e+01 1.114704640459365770e+01
1.500000000000000000e+01 1.166078754095599557e+01 1.166078754095599557e+01 1.166078754095599557e+01 1.166078754095599557e+01
1.600000000000000000e+01 1.171378819958886908e+01 1.171378819958886908e+01 1.171378819958886908e+01 1.171378819958886908e+01
1.700000000000000000e+01 1.192355202169578554e+01 1.192355202169578554e+01 1.192355202169578554e+01 1.192355202169578554e+01
1.800000000000000000e+01 1.200188306008426764e+01 1.200188306008426764e+01 1.200188306008426764e+01 1.200188306008426764e+01
1.900000000000000000e+01 1.350005354405690561e+01 1.350005354405690561e+01 1.350005354405690561e+01 1.350005354405690561e+01
2.000000000000000000e+01 1.375432243928485754e+01 1.375432243928485754e+01 1.375432243928485754e+01 1.375432243928485754e+01
2.100000000000000000e+01 1.356131580682026616e+01 1.356131580682026616e+01 1.356131580682026616e+01 1.356131580682026616e+01
2.200000000000000000e+01 1.379029265412390615e+01 1.379029265412390615e+01 1.379029265412390615e+01 1.379029265412390615e+01
2.300000000000000000e+01 6.877162611654562774e+00 6.877162611654562774e+00 6.877162611654562774e+00 6.877162611654562774e+00
2.400000000000000000e+01 7.632718595789174998e+00 7.632718595789174998e+00 7.632718595789174998e+00 7.632718595789174998e+00
2.500000000000000000e+01 7.498468361483728195e+00 7.498468361483728195e+00 7.498468361483728195e+00 7.498468361483728195e+00
2.600000000000000000e+01 8.806258697025596049e+00 8.806258697025596049e+00 8.806258697025596049e+00 8.806258697025596049e+00
2.700000000000000000e+01 9.774149440005986733e+00 9.774149440005986733e+00 9.774149440005986733e+00 9.774149440005986733e+00
2.800000000000000000e+01 1.002383757861429281e+01 1.002383757861429281e+01 1.002383757861429281e+01 1.002383757861429281e+01
2.900000000000000000e+01 1.025758097983112727e+01 1.025758097983112727e+01 1.025758097983112727e+01 1.025758097983112727e+01
3.000000000000000000e+01 1.098681405496438224e+01 1.098681405496438224e+01 1.098681405496438224e+01 1.098681405496438224e+01
3.100000000000000000e+01 1.187394864955459184e+01 1.187394864955459184e+01 1.187394864955459184e+01 1.187394864955459184e+01
3.200000000000000000e+01 1.654434364836899363e+01 1.654434364836899363e+01 1.654434364836899363e+01 1.654434364836899363e+01
3.300000000000000000e+01 1.654827753225224640e+01 1.654827753225224640e+01 1.654827753225224640e+01 1.654827753225224640e+01
3.400000000000000000e+01 1.758761445439240489e+01 1.758761445439240489e+01 1.758761445439240489e+01 1.758761445439240489e+01
3.500000000000000000e+01 1.676385297110841321e+01 1.676385297110841321e+01 1.676385297110841321e+01 1.676385297110841321e+01
3.600000000000000000e+01 1.708147448244553956e+01 1.708147448244553956e+01 1.708147448244553956e+01 1.708147448244553956e+01
3.700000000000000000e+01 1.704492691525099701e+01 1.704492691525099701e+01 1.704492691525099701e+01 1.704492691525099701e+01
3.800000000000000000e+01 1.802832278224472518e+01 1.802832278224472518e+01 1.802832278224472518e+01 1.802832278224472518e+01
3.900000000000000000e+01 1.747547233857659421e+01 1.747547233857659421e+01 1.747547233857659421e+01 1.747547233857659421e+01
4.000000000000000000e+01 1.841236276563768826e+01 1.841236276563768826e+01 1.841236276563768826e+01 1.841236276563768826e+01
4.100000000000000000e+01 1.339094028143646042e+01 1.339094028143646042e+01 1.339094028143646042e+01 1.339094028143646042e+01
4.200000000000000000e+01 1.222399278196045103e+01 1.222399278196045103e+01 1.222399278196045103e+01 1.222399278196045103e+01
4.300000000000000000e+01 1.264468680058208072e+01 1.264468680058208072e+01 1.264468680058208072e+01 1.264468680058208072e+01
4.400000000000000000e+01 1.205402037744211441e+01 1.205402037744211441e+01 1.205402037744211441e+01 1.205402037744211441e+01
4.500000000000000000e+01 1.292687392443411021e+01 1.292687392443411021e+01 1.292687392443411021e+01 1.292687392443411021e+01
4.600000000000000000e+01 1.480883629445378347e+01 1.480883629445378347e+01 1.480883629445378347e+01 1.480883629445378347e+01
4.700000000000000000e+01 1.420874786963002734e+01 1.420874786963002734e+01 1.420874786963002734e+01 1.420874786963002734e+01
4.800000000000000000e+01 1.428891253356016833e+01 1.428891253356016833e+01 1.428891253356016833e+01 1.428891253356016833e+01
4.900000000000000000e+01 1.486224170056902061e+01 1.486224170056902061e+01 1.486224170056902061e+01 1.486224170056902061e+01
5.000000000000000000e+01 2.068742174310774828e+01 2.068742174310774828e+01 2.068742174310774828e+01 2.068742174310774828e+01
5.100000000000000000e+01 1.958504486158454583e+01 1.958504486158454583e+01 1.958504486158454583e+01 1.958504486158454583e+01
5.200000000000000000e+01 1.897500631291153184e+01 1.897500631291153184e+01 1.897500631291153184e+01 1.897500631291153184e+01
5.300000000000000000e+01 1.974289105831311986e+01 1.974289105831311986e+01 1.974289105831311986e+01 1.974289105831311986e+01
5.400000000000000000e+01 2.058966675219213727e+01 2.058966675219213727e+01 2.058966675219213727e+01 2.058966675219213727e+01
5.500000000000000000e+01 1.916407032062597793e+01 1.916407032062597793e+01 1.916407032062597793e+01 1.916407032062597793e+01
5.600000000000000000e+01 1.865106965986985088e+01 1.865106965986985088e+01 1.865106965986985088e+01 1.865106965986985088e+01
5.700000000000000000e+01 1.906494762870264381e+01 1.906494762870264381e+01 1.906494762870264381e+01 1.906494762870264381e+01
5.800000000000000000e+01 2.028031839327351449e+01 2.028031839327351449e+01 2.028031839327351449e+01 2.028031839327351449e+01
5.900000000000000000e+01 1.323878684866803468e+01 1.323878684866803468e+01 1.323878684866803468e+01 1.323878684866803468e+01
6.000000000000000000e+01 1.355822599862687028e+01 1.355822599862687028e+01 1.355822599862687028e+01 1.355822599862687028e+01
6.100000000000000000e+01 1.391733852564160578e+01 1.391733852564160578e+01 1.391733852564160578e+01 1.391733852564160578e+01
6.200000000000000000e+01 1.420365677122851977e+01 1.420365677122851977e+01 1.420365677122851977e+01 1.420365677122851977e+01
6.300000000000000000e+01 1.596249726924821033e+01 1.596249726924821033e+01 1.596249726924821033e+01 1.596249726924821033e+01
6.400000000000000000e+01 1.569751868584389953e+01 1.569751868584389953e+01 1.569751868584389953e+01 1.569751868584389953e+01
6.500000000000000000e+01 1.577601834679083126e+01 1.577601834679083126e+01 1.577601834679083126e+01 1.577601834679083126e+01
6.600000000000000000e+01 1.597528052208929594e+01 1.597528052208929594e+01 1.597528052208929594e+01 1.597528052208929594e+01
6.700000000000000000e+01 2.197683245613462333e+01 2.197683245613462333e+01 2.197683245613462333e+01 2.197683245613462333e+01
6.800000000000000000e+01 2.123700515517781540e+01 2.123700515517781540e+01 2.123700515517781540e+01 2.123700515517781540e+01
6.900000000000000000e+01 2.044935116756333571e+01 2.044935116756333571e+01 2.044935116756333571e+01 2.044935116756333571e+01
7.000000000000000000e+01 2.073355023415757259e+01 2.073355023415757259e+01 2.073355023415757259e+01 2.073355023415757259e+01
7.100000000000000000e+01 2.155340729783360842e+01 2.155340729783360842e+01 2.155340729783360842e+01 2.155340729783360842e+01
7.200000000000000000e+01 2.072405565083767698e+01 2.072405565083767698e+01 2.072405565083767698e+01 2.072405565083767698e+01
7.300000000000000000e+01 2.120075893453822857e+01 2.120075893453822857e+01 2.120075893453822857e+01 2.120075893453822857e+01
7.400000000000000000e+01 2.023152125669959389e+01 2.023152125669959389e+01 2.023152125669959389e+01 2.023152125669959389e+01
7.500000000000000000e+01 1.524226170898914212e+01 1.524226170898914212e+01 1.524226170898914212e+01 1.524226170898914212e+01
7.600000000000000000e+01 1.424029021093249625e+01 1.424029021093249625e+01 1.424029021093249625e+01 1.424029021093249625e+01
7.700000000000000000e+01 1.407952771404127823e+01 1.407952771404127823e+01 1.407952771404127823e+01 1.407952771404127823e+01
7.800000000000000000e+01 1.364784701118636967e+01 1.364784701118636967e+01 1.364784701118636967e+01 1.364784701118636967e+01
7.900000000000000000e+01 1.534614405470916054e+01 1.534614405470916054e+01 1.534614405470916054e+01 1.534614405470916054e+01
8.000000000000000000e+01 1.584242514181198658e+01 1.584242514181198658e+01 1.584242514181198658e+01 1.584242514181198658e+01
8.100000000000000000e+01 1.476653414325674873e+01 1.476653414325674873e+01 1.476653414325674873e+01 1.476653414325674873e+01
8.200000000000000000e+01 1.714313138496065037e+01 1.714313138496065037e+01 1.714313138496065037e+01 1.714313138496065037e+01
8.300000000000000000e+01 2.124628243283898499e+01 2.124628243283898499e+01 2.124628243283898499e+01 2.124628243283898499e+01
8.400000000000000000e+01 2.168240267781997588e+01 2.168240267781997588e+01 2.168240267781997588e+01 2.168240267781997588e+01
8.500000000000000000e+01 2.057745748762305382e+01 2.057745748762305382e+01 2.057745748762305382e+01 2.057745748762305382e+01
8.600000000000000000e+01 2.022509443510818627e+01 2.022509443510818627e+01 2.022509443510818627e+01 2.022509443510818627e+01
8.700000000000000000e+01 2.001132175329434304e+01 2.001132175329434304e+01 2.001132175329434304e+01 2.001132175329434304e+01
8.800000000000000000e+01 1.770728924535854176e+01 1.770728924535854176e+01 1.770728924535854176e+01 1.770728924535854176e+01
8.900000000000000000e+01 1.236896985412584193e+01 1.236896985412584193e+01 1.236896985412584193e+01 1.236896985412584193e+01
9.000000000000000000e+01 1.236640049940632835e+01 1.236640049940632835e+01 1.236640049940632835e+01 1.236640049940632835e+01
9.100000000000000000e+01 1.343211969247818338e+01 1.343211969247818338e+01 1.343211969247818338e+01 1.343211969247818338e+01
9.200000000000000000e+01 1.401725257320268270e+01 1.401725257320268270e+01 1.401725257320268270e+01 1.401725257320268270e+01
9.300000000000000000e+01 1.395407176116263770e+01 1.395407176116263770e+01 1.395407176116263770e+01 1.395407176116263770e+01
9.400000000000000000e+01 1.482664038162148223e+01 1.482664038162148223e+01 1.482664038162148223e+01 1.482664038162148223e+01
9.500000000000000000e+01 1.443269494021000909e+01 1.443269494021000909e+01 1.443269494021000909e+01 1.443269494021000909e+01
9.600000000000000000e+01 1.475036591268896302e+01 1.475036591268896302e+01 1.475036591268896302e+01 1.475036591268896302e+01
9.700000000000000000e+01 1.408435348187248870e+01 1.408435348187248870e+01 1.408435348187248870e+01 1.408435348187248870e+01
9.800000000000000000e+01 1.452694572033111520e+01 1.452694572033111520e+01 1.452694572033111520e+01 1.452694572033111520e+01
9.900000000000000000e+01 1.946224953540838598e+01 1.946224953540838598e+01 1.946224953540838598e+01 1.946224953540838598e+01
