0.000000000000000000e+00 -1.629244625395071200e+00 -1.629244625395071200e+00 -1.629244625395071200e+00 -1.629244625395071200e+00
1.000000000000000000e+00 -9.889206393774151449e-01 -9.889206393774151449e-01 -9.889206393774151449e-01 -9.889206393774151449e-01
2.000000000000000000e+00 -4.581999985115681739e-01 -4.581999985115681739e-01 -4.581999985115681739e-01 -4.581999985115681739e-01
3.000000000000000000e+00 -1.729181657240748404e-01 -1.729181657240748404e-01 -1.729181657240748404e-01 -1.729181657240748404e-01
4.000000000000000000e+00 2.779068784585805169e-02 2.779068784585805169e-02 2.779068784585805169e-02 2.779068784585805169e-02
5.000000000000000000e+00 3.081143417416718280e-02 3.081143417416718280e-02 3.081143417416718280e-02 3.081143417416718280e-02
6.000000000000000000e+00 4.761076162769375952e-01 4.761076162769375952e-01 4.761076162769375952e-01 4.761076162769375952e-01
7.000000000000000000e+00 2.400268791811569491e-01 2.400268791811569491e-01 2.400268791811569491e-01 2.400268791811569491e-01
8.000000000000000000e+00 1.255051378838537346e+00 1.255051378838537346e+00 1.255051378838537346e+00 1.255051378838537346e+00
9.000000000000000000e+00 1.228921721047655069e+00 1.228921721047655069e+00 1.228921721047655069e+00 1.228921721047655069e+00
1.000000000000000000e+01 1.644487619903164166e+00 1.644487619903164166e+00 1.644487619903164166e+00 1.644487619903164166e+00
1.100000000000000000e+01 1.516252067714124463e+00 1.516252067714124463e+00 1.516252067714124463e+00 1.516252067714124463e+00
1.200000000000000000e+01 1.891540345158588821e+00 1.891540345158588821e+00 1.891540345158588821e+00 1.891540345158588821e+00
1.300000000000000000e+01 1.972331762183302306e+00 1.972331762183302306e+00 1.972331762183302306e+00 1.972331762183302306e+00
1.400000000000000000e+01 2.047422117445640399e+00 2.047422117445640399e+00 2.047422117445640399e+00 2.047422117445640399e+00
1.500000000000000000e+01 2.031286513809706928e+00 2.031286513809706928e+00 2.031286513809706928e+00 2.031286513809706928e+00
1.600000000000000000e+01 2.212075134274428923e+00 2.212075134274428923e+00 2.212075134274428923e+00 2.212075134274428923e+00
1.700000000000000000e+01 2.297233387936606253e+00 2.297233387936606253e+00 2.297233387936606253e+00 2.297233387936606253e+00
1.800000000000000000e+01 1.951709408173273985e+00 1.951709408173273985e+00 1.951709408173273985e+00 1.951709408173273985e+00
1.900000000000000000e+01 2.443045743852610308e+00 2.443045743852610308e+00 2.443045743852610308e+00 2.443045743852610308e+00
2.000000000000000000e+01 2.372563833080909124e+00 2.372563833080909124e+00 2.372563833080909124e+00 2.372563833080909124e+00
2.100000000000000000e+01 2.423751131063459407e+00 2.423751131063459407e+00 2.423751131063459407e+00 2.423751131063459407e+00
2.200000000000000000e+01 2.610838079546859092e+00 2.610838079546859092e+00 2.610838079546859092e+00 2.610838079546859092e+00
2.300000000000000000e+01 2.592624935786164375e+00 2.592624935786164375e+00 2.592624935786164375e+00 2.592624935786164375e+00
2.400000000000000000e+01 2.564590955956388640e+00 2.564590955956388640e+00 2.564590955956388640e+00 2.564590955956388640e+00
2.500000000000000000e+01 2.880608763572550135e+00 2.880608763572550135e+00 2.880608763572550135e+00 2.880608763572550135e+00
2.600000000000000000e+01 2.913061708088851898e+00 2.913061708088851898e+00 2.913061708088851898e+00 2.913061708088851898e+00
2.700000000000000000e+01 3.529236839887682997e+00 3.529236839887682997e+00 3.529236839887682997e+00 3.529236839887682997e+00
2.800000000000000000e+01 4.123210363755044128e+00 4.123210363755044128e+00 4.123210363755044128e+00 4.123210363755044128e+00
2.900000000000000000e+01 4.004878424777118084e+00 4.004878424777118084e+00 4.004878424777118084e+00 4.004878424777118084e+00
3.000000000000000000e+01 4.586086483040483053e+00 4.586086483040483053e+00 4.586086483040483053e+00 4.586086483040483053e+00
3.100000000000000000e+01 4.551162457742569778e+00 4.551162457742569778e+00 4.551162457742569778e+00 4.551162457742569778e+00
3.200000000000000000e+01 4.762536877157594439e+00 4.762536877157594439e+00 4.762536877157594439e+00 4.762536877157594439e+00
3.300000000000000000e+01 4.896195970279963561e+00 4.896195970279963561e+00 4.896195970279963561e+00 4.896195970279963561e+00
3.400000000000000000e+01 4.954595844776711111e+00 4.954595844776711111e+00 4.954595844776711111e+00 4.954595844776711111e+00
3.500000000000000000e+01 4.950736552550822012e+00 4.950736552550822012e+00 4.950736552550822012e+00 4.950736552550822012e+00
3.600000000000000000e+01 4.843981473253482939e+00 4.843981473253482939e+00 4.843981473253482939e+00 4.843981473253482939e+00
3.700000000000000000e+01 4.601077372061103787e+00 4.601077372061103787e+00 4.601077372061103787e+00 4.601077372061103787e+00
3.800000000000000000e+01 4.758579216610326235e+00 4.758579216610326235e+00 4.758579216610326235e+00 4.758579216610326235e+00
3.900000000000000000e+01 4.759101103415988021e+00 4.759101103415988021e+00 4.759101103415988021e+00 4.759101103415988021e+00
4.000000000000000000e+01 4.795104186680165803e+00 4.795104186680165803e+00 4.795104186680165803e+00 4.795104186680165803e+00
4.100000000000000000e+01 4.919744798509185557e+00 4.919744798509185557e+00 4.919744798509185557e+00 4.919744798509185557e+00
4.200000000000000000e+01 4.954258560604251294e+00 4.954258560604251294e+00 4.954258560604251294e+00 4.954258560604251294e+00
4.300000000000000000e+01 4.823772820216053248e+00 4.823772820216053248e+00 4.823772820216053248e+00 4.823772820216053248e+00
4.400000000000000000e+01 5.102917570311710449e+00 5.102917570311710449e+00 5.102917570311710449e+00 5.102917570311710449e+00
4.500000000000000000e+01 5.257331377034391906e+00 5.257331377034391906e+00 5.257331377034391906e+00 5.257331377034391906e+00
4.600000000000000000e+01 5.570266905693378234e+00 5.570266905693378234e+00 5.570266905693378234e+00 5.570266905693378234e+00
4.700000000000000000e+01 5.942142621817915860e+00 5.942142621817915860e+00 5.942142621817915860e+00 5.942142621817915860e+00
4.800000000000000000e+01 6.007928961987309968e+00 6.007928961987309968e+00 6.007928961987309968e+00 6.007928961987309968e+00
4.900000000000000000e+01 6.119659470111066923e+00 6.119659470111066923e+00 6.119659470111066923e+00 6.119659470111066923e+00
5.000000000000000000e+01 6.629410531258835171e+00 6.629410531258835171e+00 6.629410531258835171e+00 6.629410531258835171e+00
5.100000000000000000e+01 6.895033617124271430e+00 6.895033617124271430e+00 6.895033617124271430e+00 6.895033617124271430e+00
5.200000000000000000e+01 6.770806847491128266e+00 6.770806847491128266e+00 6.770806847491128266e+00 6.770806847491128266e+00
5.300000000000000000e+01 6.806800134535525793e+00 6.806800134535525793e+00 6.806800134535525793e+00 6.806800134535525793e+00
5.400000000000000000e+01 6.861633399980791914e+00 6.861633399980791914e+00 6.861633399980791914e+00 6.861633399980791914e+00
5.500000000000000000e+01 6.735382292263221160e+00 6.735382292263221160e+00 6.735382292263221160e+00 6.735382292263221160e+00
5.600000000000000000e+01 6.592694462545139800e+00 6.592694462545139800e+00 6.592694462545139800e+00 6.592694462545139800e+00
5.700000000000000000e+01 6.512215198828789298e+00 6.512215198828789298e+00 6.512215198828789298e+00 6.512215198828789298e+00
5.800000000000000000e+01 6.208152679639341365e+00 6.208152679639341365e+00 6.208152679639341365e+00 6.208152679639341365e+00
5.900000000000000000e+01 6.153836692666775576e+00 6.153836692666775576e+00 6.153836692666775576e+00 6.153836692666775576e+00
6.000000000000000000e+01 6.122469778303792687e+00 6.122469778303792687e+00 6.122469778303792687e+00 6.122469778303792687e+00
6.100000000000000000e+01 5.912149755736295198e+00 5.912149755736295198e+00 5.912149755736295198e+00 5.912149755736295198e+00
6.200000000000000000e+01 6.330711188286189284e+00 6.330711188286189284e+00 6.330711188286189284e+00 6.330711188286189284e+00
6.300000000000000000e+01 6.373152023210224115e+00 6.373152023210224115e+00 6.373152023210224115e+00 6.373152023210224115e+00
6.400000000000000000e+01 6.768473120756371308e+00 6.768473120756371308e+00 6.768473120756371308e+00 6.768473120756371308e+00
6.500000000000000000e+01 6.836101402904902535e+00 6.836101402904902535e+00 6.836101402904902535e+00 6.836101402904902535e+00
6.600000000000000000e+01 7.083839136200860587e+00 7.083839136200860587e+00 7.083839136200860587e+00 7.083839136200860587e+00
6.700000000000000000e+01 7.236853004855111848e+00 7.236853004855111848e+00 7.236853004855111848e+00 7.236853004855111848e+00
6.800000000000000000e+01 7.489710812010026864e+00 7.489710812010026864e+00 7.489710812010026864e+00 7.489710812010026864e+00
6.900000000000000000e+01 7.312745537702221021e+00 7.312745537702221021e+00 7.312745537702221021e+00 7.312745537702221021e+00
7.000000000000000000e+01 7.577370889988273461e+00 7.577370889988273461e+00 7.577370889988273461e+00 7.577370889988273461e+00
7.100000000000000000e+01 7.837607676525823130e+00 7.837607676525823130e+00 7.837607676525823130e+00 7.837607676525823130e+00
7.200000000000000000e+01 7.584981319168417002e+00 7.584981319168417002e+00 7.584981319168417002e+00 7.584981319168417002e+00
7.300000000000000000e+01 7.562267782367039892e+00 7.562267782367039892e+00 7.562267782367039892e+00 7.562267782367039892e+00
7.400000000000000000e+01 7.463346803995397849e+00 7.463346803995397849e+00 7.463346803995397849e+00 7.463346803995397849e+00
7.500000000000000000e+01 7.258187300265434239e+00 7.258187300265434239e+00 7.258187300265434239e+00 7.258187300265434239e+00
7.600000000000000000e+01 6.804463533221652760e+00 6.804463533221652760e+00 6.804463533221652760e+00 6.804463533221652760e+00
7.700000000000000000e+01 6.559383365548860922e+00 6.559383365548860922e+00 6.559383365548860922e+00 6.559383365548860922e+00
7.800000000000000000e+01 6.225835968999219538e+00 6.225835968999219538e+00 6.225835968999219538e+00 6.225835968999219538e+00
7.900000000000000000e+01 6.044312304149864090e+00 6.044312304149864090e+00 6.044312304149864090e+00 6.044312304149864090e+00
8.000000000000000000e+01 5.834985944038669103e+00 5.834985944038669103e+00 5.834985944038669103e+00 5.834985944038669103e+00
8.100000000000000000e+01 5.599841835705611892e+00 5.599841835705611892e+00 5.599841835705611892e+00 5.599841835705611892e+00
8.200000000000000000e+01 5.714487282940900137e+00 5.714487282940900137e+00 5.714487282940900137e+00 5.714487282940900137e+00
8.300000000000000000e+01 5.582407604964398473e+00 5.582407604964398473e+00 5.582407604964398473e+00 5.582407604964398473e+00
8.400000000000000000e+01 5.364331020604108602e+00 5.364331020604108602e+00 5.364331020604108602e+00 5.364331020604108602e+00
8.500000000000000000e+01 5.462307895445653649e+00 5.462307895445653649e+00 5.462307895445653649e+00 5.462307895445653649e+00
8.600000000000000000e+01 5.184054982017634039e+00 5.184054982017634039e+00 5.184054982017634039e+00 5.184054982017634039e+00
8.700000000000000000e+01 5.380873188081275238e+00 5.380873188081275238e+00 5.380873188081275238e+00 5.380873188081275238e+00
8.800000000000000000e+01 5.499789917731016331e+00 5.499789917731016331e+00 5.499789917731016331e+00 5.499789917731016331e+00
8.900000000000000000e+01 5.056279993403333783e+00 5.056279993403333783e+00 5.056279993403333783e+00 5.056279993403333783e+00
9.000000000000000000e+01 5.222045767542705441e+00 5.222045767542705441e+00 5.222045767542705441e+00 5.222045767542705441e+00
9.100000000000000000e+01 5.189924300293421666e+00 5.189924300293421666e+00 5.189924300293421666e+00 5.189924300293421666e+00
9.200000000000000000e+01 5.355557510024421930e+00 5.355557510024421930e+00 5.355557510024421930e+00 5.355557510024421930e+00
9.300000000000000000e+01 5.332850217930237058e+00 5.332850217930237058e+00 5.332850217930237058e+00 5.332850217930237058e+00
9.400000000000000000e+01 5.434034927220206868e+00 5.434034927220206868e+00 5.434034927220206868e+00 5.434034927220206868e+00
9.500000000000000000e+01 4.862172635478781757e+00 4.862172635478781757e+00 4.862172635478781757e+00 4.862172635478781757e+00
9.600000000000000000e+01 5.177586868694076472e+00 5.177586868694076472e+00 5.177586868694076472e+00 5.177586868694076472e+00
9.700000000000000000e+01 4.501044236658660935e+00 4.501044236658660935e+00 4.501044236658660935e+00 4.501044236658660935e+00
9.800000000000000000e+01 3.747080986269953229e+00 3.747080986269953229e+00 3.747080986269953229e+00 3.747080986269953229e+00
9.900000000000000000e+01 3.661201132624514187e+00 3.661201132624514187e+00 3.661201132624514187e+00 3.661201132624514187e+00
