0.000000000000000000e+00 -3.905028502359887632e+00 -3.905028502359887632e+00 -3.905028502359887632e+00 -3.905028502359887632e+00
1.000000000000000000e+00 -2.259278867321470763e+00 -2.259278867321470763e+00 -2.259278867321470763e+00 -2.259278867321470763e+00
2.000000000000000000e+00 -2.513617701368692448e+00 -2.513617701368692448e+00 -2.513617701368692448e+00 -2.513617701368692448e+00
3.000000000000000000e+00 -1.484422895314076563e+00 -1.484422895314076563e+00 -1.484422895314076563e+00 -1.484422895314076563e+00
4.000000000000000000e+00 -9.969741154629342406e-01 -9.969741154629342406e-01 -9.969741154629342406e-01 -9.969741154629342406e-01
5.000000000000000000e+00 -1.165291488173307410e+00 -1.165291488173307410e+00 -1.165291488173307410e+00 -1.165291488173307410e+00
6.000000000000000000e+00 6.148084817111107436e-02 6.148084817111107436e-02 6.148084817111107436e-02 6.148084817111107436e-02
7.000000000000000000e+00 1.220599217084159943e-01 1.220599217084159943e-01 1.220599217084159943e-01 1.220599217084159943e-01
8.000000000000000000e+00 1.939522032092294290e-01 1.939522032092294290e-01 1.939522032092294290e-01 1.939522032092294290e-01
9.000000000000000000e+00 5.836009417769929541e-01 5.836009417769929541e-01 5.836009417769929541e-01 5.836009417769929541e-01
1.000000000000000000e+01 1.042199634846908030e+00 1.042199634846908030e+00 1.042199634846908030e+00 1.042199634846908030e+00
1.100000000000000000e+01 2.158176951040016611e+00 2.158176951040016611e+00 2.158176951040016611e+00 2.158176951040016611e+00
1.200000000000000000e+01 1.611059962748541130e+00 1.611059962748541130e+00 1.611059962748541130e+00 1.611059962748541130e+00
1.300000000000000000e+01 2.101634682007531119e+00 2.101634682007531119e+00 2.101634682007531119e+00 2.101634682007531119e+00
1.400000000000000000e+01 1.928035987095009895e+00 1.928035987095009895e+00 1.928035987095009895e+00 1.928035987095009895e+00
1.500000000000000000e+01 2.600193497590242320e+00 2.600193497590242320e+00 2.600193497590242320e+00 2.600193497590242320e+00
1.600000000000000000e+01 3.115629017924293809e+00 3.115629017924293809e+00 3.115629017924293809e+00 3.115629017924293809e+00
1.700000000000000000e+01 3.958633614473339613e+00 3.958633614473339613e+00 3.958633614473339613e+00 3.958633614473339613e+00
1.800000000000000000e+01 3.744235704326945413e+00 3.744235704326945413e+00 3.744235704326945413e+00 3.744235704326945413e+00
1.900000000000000000e+01 4.217481451560311179e+00 4.217481451560311179e+00 4.217481451560311179e+00 4.217481451560311179e+00
2.000000000000000000e+01 4.186452436821250345e+00 4.186452436821250345e+00 4.186452436821250345e+00 4.186452436821250345e+00
2.100000000000000000e+01 4.707442645301506801e+00 4.707442645301506801e+00 4.707442645301506801e+00 4.707442645301506801e+00
2.200000000000000000e+01 4.953880854140395584e+00 4.953880854140395584e+00 4.953880854140395584e+00 4.953880854140395584e+00
2.300000000000000000e+01 5.489515783402501015e+00 5.489515783402501015e+00 5.489515783402501015e+00 5.489515783402501015e+00
2.400000000000000000e+01 5.398694710212412318e+00 5.398694710212412318e+00 5.398694710212412318e+00 5.398694710212412318e+00
2.500000000000000000e+01 6.884824873836103976e+00 6.884824873836103976e+00 6.884824873836103976e+00 6.884824873836103976e+00
2.600000000000000000e+01 6.818754871462972211e+00 6.818754871462972211e+00 6.818754871462972211e+00 6.818754871462972211e+00
2.700000000000000000e+01 7.187235066576969089e+00 7.187235066576969089e+00 7.187235066576969089e+00 7.187235066576969089e+00
2.800000000000000000e+01 7.157615911780211171e+00 7.157615911780211171e+00 7.157615911780211171e+00 7.157615911780211171e+00
2.900000000000000000e+01 7.270121947868489976e+00 7.270121947868489976e+00 7.270121947868489976e+00 7.270121947868489976e+00
3.000000000000000000e+01 6.999870181664658020e+00 6.999870181664658020e+00 6.999870181664658020e+00 6.999870181664658020e+00
3.100000000000000000e+01 7.950689781183010396e+00 7.950689781183010396e+00 7.950689781183010396e+00 7.950689781183010396e+00
3.200000000000000000e+01 8.800141871652789050e+00 8.800141871652789050e+00 8.800141871652789050e+00 8.800141871652789050e+00
3.300000000000000000e+01 9.070493844548392914e+00 9.070493844548392914e+00 9.070493844548392914e+00 9.070493844548392914e+00
3.400000000000000000e+01 9.727968438295725662e+00 9.727968438295725662e+00 9.727968438295725662e+00 9.727968438295725662e+00
3.500000000000000000e+01 1.007443805429296368e+01 1.007443805429296368e+01 1.007443805429296368e+01 1.007443805429296368e+01
3.600000000000000000e+01 9.789350241529874097e+00 9.789350241529874097e+00 9.789350241529874097e+00 9.789350241529874097e+00
3.700000000000000000e+01 9.614180846290526716e+00 9.614180846290526716e+00 9.614180846290526716e+00 9.614180846290526716e+00
3.800000000000000000e+01 9.063375961671722436e+00 9.063375961671722436e+00 9.063375961671722436e+00 9.063375961671722436e+00
3.900000000000000000e+01 9.006248303452759174e+00 9.006248303452759174e+00 9.006248303452759174e+00 9.006248303452759174e+00
4.000000000000000000e+01 9.009964655204910855e+00 9.009964655204910855e+00 9.009964655204910855e+00 9.009964655204910855e+00
4.100000000000000000e+01 9.645621803387069093e+00 9.645621803387069093e+00 9.645621803387069093e+00 9.645621803387069093e+00
4.200000000000000000e+01 1.023966210815451738e+01 1.023966210815451738e+01 1.023966210815451738e+01 1.023966210815451738e+01
4.300000000000000000e+01 1.078960863166606821e+01 1.078960863166606821e+01 1.078960863166606821e+01 1.078960863166606821e+01
4.400000000000000000e+01 1.028158503163687598e+01 1.028158503163687598e+01 1.028158503163687598e+01 1.028158503163687598e+01
4.500000000000000000e+01 9.941071881724949932e+00 9.941071881724949932e+00 9.941071881724949932e+00 9.941071881724949932e+00
4.600000000000000000e+01 9.419051144006358456e+00 9.419051144006358456e+00 9.419051144006358456e+00 9.419051144006358456e+00
4.700000000000000000e+01 9.059350856372436311e+00 9.059350856372436311e+00 9.059350856372436311e+00 9.059350856372436311e+00
4.800000000000000000e+01 8.807184801570711485e+00 8.807184801570711485e+00 8.807184801570711485e+00 8.807184801570711485e+00
4.900000000000000000e+01 9.024590761344425616e+00 9.024590761344425616e+00 9.024590761344425616e+00 9.024590761344425616e+00
5.000000000000000000e+01 9.046489033213189757e+00 9.046489033213189757e+00 9.046489033213189757e+00 9.046489033213189757e+00
5.100000000000000000e+01 9.521982058531856197e+00 9.521982058531856197e+00 9.521982058531856197e+00 9.521982058531856197e+00
5.200000000000000000e+01 1.094611417278141374e+01 1.094611417278141374e+01 1.094611417278141374e+01 1.094611417278141374e+01
5.300000000000000000e+01 1.122416357269026399e+01 1.122416357269026399e+01 1.122416357269026399e+01 1.122416357269026399e+01
5.400000000000000000e+01 1.131611459062516900e+01 1.131611459062516900e+01 1.131611459062516900e+01 1.131611459062516900e+01
5.500000000000000000e+01 1.099913350130823630e+01 1.099913350130823630e+01 1.099913350130823630e+01 1.099913350130823630e+01
5.600000000000000000e+01 1.076206147187459905e+01 1.076206147187459905e+01 1.076206147187459905e+01 1.076206147187459905e+01
5.700000000000000000e+01 1.021594852685448451e+01 1.021594852685448451e+01 1.021594852685448451e+01 1.021594852685448451e+01
5.800000000000000000e+01 9.448295108178998092e+00 9.448295108178998092e+00 9.448295108178998092e+00 9.448295108178998092e+00
5.900000000000000000e+01 9.061879487960442958e+00 9.061879487960442958e+00 9.061879487960442958e+00 9.061879487960442958e+00
6.000000000000000000e+01 8.824714186108815639e+00 8.824714186108815639e+00 8.824714186108815639e+00 8.824714186108815639e+00
6.100000000000000000e+01 9.255636960493074383e+00 9.255636960493074383e+00 9.255636960493074383e+00 9.255636960493074383e+00
6.200000000000000000e+01 8.960962903475083507e+00 8.960962903475083507e+00 8.960962903475083507e+00 8.960962903475083507e+00
6.300000000000000000e+01 9.845089081304447376e+00 9.845089081304447376e+00 9.845089081304447376e+00 9.845089081304447376e+00
6.400000000000000000e+01 1.013735626749531349e+01 1.013735626749531349e+01 1.013735626749531349e+01 1.013735626749531349e+01
6.500000000000000000e+01 1.025624389126233993e+01 1.025624389126233993e+01 1.025624389126233993e+01 1.025624389126233993e+01
6.600000000000000000e+01 9.892039770876600357e+00 9.892039770876600357e+00 9.892039770876600357e+00 9.892039770876600357e+00
6.700000000000000000e+01 8.679094453981173629e+00 8.679094453981173629e+00 8.679094453981173629e+00 8.679094453981173629e+00
6.800000000000000000e+01 8.813016323010447906e+00 8.813016323010447906e+00 8.813016323010447906e+00 8.813016323010447906e+00
6.900000000000000000e+01 8.202049630763877275e+00 8.202049630763877275e+00 8.202049630763877275e+00 8.202049630763877275e+00
7.000000000000000000e+01 7.638107632881357745e+00 7.638107632881357745e+00 7.638107632881357745e+00 7.638107632881357745e+00
7.100000000000000000e+01 8.813585468999617589e+00 8.813585468999617589e+00 8.813585468999617589e+00 8.813585468999617589e+00
7.200000000000000000e+01 9.520529678799633189e+00 9.520529678799633189e+00 9.520529678799633189e+00 9.520529678799633189e+00
7.300000000000000000e+01 1.012958862565326790e+01 1.012958862565326790e+01 1.012958862565326790e+01 1.012958862565326790e+01
7.400000000000000000e+01 1.056718555600341780e+01 1.056718555600341780e+01 1.056718555600341780e+01 1.056718555600341780e+01
7.500000000000000000e+01 1.058854360086770185e+01 1.058854360086770185e+01 1.058854360086770185e+01 1.058854360086770185e+01
7.600000000000000000e+01 1.049104127494426919e+01 1.049104127494426919e+01 1.049104127494426919e+01 1.049104127494426919e+01
7.700000000000000000e+01 9.068507995521155607e+00 9.068507995521155607e+00 9.068507995521155607e+00 9.068507995521155607e+00
7.800000000000000000e+01 8.253474246034246065e+00 8.253474246034246065e+00 8.253474246034246065e+00 8.253474246034246065e+00
7.900000000000000000e+01 7.614178976219585060e+00 7.614178976219585060e+00 7.614178976219585060e+00 7.614178976219585060e+00
8.000000000000000000e+01 7.913080969369346462e+00 7.913080969369346462e+00 7.913080969369346462e+00 7.913080969369346462e+00
8.100000000000000000e+01 8.070010393113667746e+00 8.070010393113667746e+00 8.070010393113667746e+00 8.070010393113667746e+00
8.200000000000000000e+01 9.039799474266027701e+00 9.039799474266027701e+00 9.039799474266027701e+00 9.039799474266027701e+00
8.300000000000000000e+01 9.615738205783618042e+00 9.615738205783618042e+00 9.615738205783618042e+00 9.615738205783618042e+00
8.400000000000000000e+01 9.204550249350415214e+00 9.204550249350415214e+00 9.204550249350415214e+00 9.204550249350415214e+00
8.500000000000000000e+01 9.557057046132115374e+00 9.557057046132115374e+00 9.557057046132115374e+00 9.557057046132115374e+00
8.600000000000000000e+01 8.343452519201854045e+00 8.343452519201854045e+00 8.343452519201854045e+00 8.343452519201854045e+00
8.700000000000000000e+01 8.364917044832290927e+00 8.364917044832290927e+00 8.364917044832290927e+00 8.364917044832290927e+00
8.800000000000000000e+01 7.639333905941033009e+00 7.639333905941033009e+00 7.639333905941033009e+00 7.639333905941033009e+00
8.900000000000000000e+01 7.473114023458051314e+00 7.473114023458051314e+00 7.473114023458051314e+00 7.473114023458051314e+00
9.000000000000000000e+01 7.798840122504632433e+00 7.798840122504632433e+00 7.798840122504632433e+00 7.798840122504632433e+00
9.100000000000000000e+01 8.376889858948677769e+00 8.376889858948677769e+00 8.376889858948677769e+00 8.376889858948677769e+00
9.200000000000000000e+01 8.826670791793389981e+00 8.826670791793389981e+00 8.826670791793389981e+00 8.826670791793389981e+00
9.300000000000000000e+01 9.033230326873866289e+00 9.033230326873866289e+00 9.033230326873866289e+00 9.033230326873866289e+00
9.400000000000000000e+01 8.405132272621782974e+00 8.405132272621782974e+00 8.405132272621782974e+00 8.405132272621782974e+00
9.500000000000000000e+01 8.950383742906959483e+00 8.950383742906959483e+00 8.950383742906959483e+00 8.950383742906959483e+00
9.600000000000000000e+01 7.173147189744681462e+00 7.173147189744681462e+00 7.173147189744681462e+00 7.173147189744681462e+00
9.700000000000000000e+01 6.969858460035497139e+00 6.969858460035497139e+00 6.969858460035497139e+00 6.969858460035497139e+00
9.800000000000000000e+01 6.398075379938898521e+00 6.398075379938898521e+00 6.398075379938898521e+00 6.398075379938898521e+00
9.900000000000000000e+01 5.956990077666647565e+00 5.956990077666647565e+00 5.956990077666647565e+00 5.956990077666647565e+00
