0.000000000000000000e+00 4.802339329267616974e-01 4.802339329267616974e-01 4.802339329267616974e-01 4.802339329267616974e-01
1.000000000000000000e+00 7.914921699567222246e-01 7.914921699567222246e-01 7.914921699567222246e-01 7.914921699567222246e-01
2.000000000000000000e+00 -3.212529239053071306e-01 -3.212529239053071306e-01 -3.212529239053071306e-01 -3.212529239053071306e-01
3.000000000000000000e+00 1.282132734513333761e-01 1.282132734513333761e-01 1.282132734513333761e-01 1.282132734513333761e-01
4.000000000000000000e+00 4.357160600817639451e-01 4.357160600817639451e-01 4.357160600817639451e-01 4.357160600817639451e-01
5.000000000000000000e+00 8.863381344345631074e-01 8.863381344345631074e-01 8.863381344345631074e-01 8.863381344345631074e-01
6.000000000000000000e+00 1.009919689528346431e+00 1.009919689528346431e+00 1.009919689528346431e+00 1.009919689528346431e+00
7.000000000000000000e+00 5.014528328764507048e-01 5.014528328764507048e-01 5.014528328764507048e-01 5.014528328764507048e-01
8.000000000000000000e+00 5.519315128247010982e-01 5.519315128247010982e-01 5.519315128247010982e-01 5.519315128247010982e-01
9.000000000000000000e+00 4.613731200376597896e-01 4.613731200376597896e-01 4.613731200376597896e-01 4.613731200376597896e-01
1.000000000000000000e+01 6.623430481827227712e-02 6.623430481827227712e-02 6.623430481827227712e-02 6.623430481827227712e-02
1.100000000000000000e+01 -6.798762490765114519e-02 -6.798762490765114519e-02 -6.798762490765114519e-02 -6.798762490765114519e-02
1.200000000000000000e+01 3.035118367117398130e-01 3.035118367117398130e-01 3.035118367117398130e-01 3.035118367117398130e-01
1.300000000000000000e+01 1.615060396190066694e-01 1.615060396190066694e-01 1.615060396190066694e-01 1.615060396190066694e-01
1.400000000000000000e+01 1.476123852293132366e+00 1.476123852293132366e+00 1.476123852293132366e+00 1.476123852293132366e+00
1.500000000000000000e+01 -4.754661835154993382e-02 -4.754661835154993382e-02 -4.754661835154993382e-02 -4.754661835154993382e-02
1.600000000000000000e+01 9.465050849493839014e-02 9.465050849493839014e-02 9.465050849493839014e-02 9.465050849493839014e-02
1.700000000000000000e+01 4.730776760420559168e-01 4.730776760420559168e-01 4.730776760420559168e-01 4.730776760420559168e-01
1.800000000000000000e+01 6.715539289918469601e-01 6.715539289918469601e-01 6.715539289918469601e-01 6.715539289918469601e-01
1.900000000000000000e+01 2.875163121010242476e-02 2.875163121010242476e-02 2.875163121010242476e-02 2.875163121010242476e-02
2.000000000000000000e+01 1.517542628255287296e+00 1.517542628255287296e+00 1.517542628255287296e+00 1.517542628255287296e+00
2.100000000000000000e+01 -2.562087138405151898e-01 -2.562087138405151898e-01 -2.562087138405151898e-01 -2.562087138405151898e-01
2.200000000000000000e+01 5.335507967019983422e-01 5.335507967019983422e-01 5.335507967019983422e-01 5.335507967019983422e-01
2.300000000000000000e+01 1.435491316454819311e+00 1.435491316454819311e+00 1.435491316454819311e+00 1.435491316454819311e+00
2.400000000000000000e+01 1.944127685865896682e+00 1.944127685865896682e+00 1.944127685865896682e+00 1.944127685865896682e+00
2.500000000000000000e+01 5.188402371668682234e-01 5.188402371668682234e-01 5.188402371668682234e-01 5.188402371668682234e-01
2.600000000000000000e+01 3.668664203660518819e-01 3.668664203660518819e-01 3.668664203660518819e-01 3.668664203660518819e-01
2.700000000000000000e+01 1.030875046431564357e+00 1.030875046431564357e+00 1.030875046431564357e+00 1.030875046431564357e+00
2.800000000000000000e+01 2.159372074601597191e+00 2.159372074601597191e+00 2.159372074601597191e+00 2.159372074601597191e+00
2.900000000000000000e+01 4.591410251393339692e-01 4.591410251393339692e-01 4.591410251393339692e-01 4.591410251393339692e-01
3.000000000000000000e+01 2.588736447420300069e-01 2.588736447420300069e-01 2.588736447420300069e-01 2.588736447420300069e-01
3.100000000000000000e+01 8.699464789148341204e-01 8.699464789148341204e-01 8.699464789148341204e-01 8.699464789148341204e-01
3.200000000000000000e+01 7.253316991325116092e-01 7.253316991325116092e-01 7.253316991325116092e-01 7.253316991325116092e-01
3.300000000000000000e+01 8.874224167672134511e-01 8.874224167672134511e-01 8.874224167672134511e-01 8.874224167672134511e-01
3.400000000000000000e+01 8.404410702777690423e-01 8.404410702777690423e-01 8.404410702777690423e-01 8.404410702777690423e-01
3.500000000000000000e+01 1.445254134237459409e+00 1.445254134237459409e+00 1.445254134237459409e+00 1.445254134237459409e+00
3.600000000000000000e+01 5.319762450275631327e-01 5.319762450275631327e-01 5.319762450275631327e-01 5.319762450275631327e-01
3.700000000000000000e+01 2.147604774420030171e+00 2.147604774420030171e+00 2.147604774420030171e+00 2.147604774420030171e+00
3.800000000000000000e+01 4.615901378261206417e-02 4.615901378261206417e-02 4.615901378261206417e-02 4.615901378261206417e-02
3.900000000000000000e+01 3.192525651558989486e-01 3.192525651558989486e-01 3.192525651558989486e-01 3.192525651558989486e-01
4.000000000000000000e+01 -1.923764224985678783e+00 -1.923764224985678783e+00 -1.923764224985678783e+00 -1.923764224985678783e+00
4.100000000000000000e+01 -1.839182389126613748e-01 -1.839182389126613748e-01 -1.839182389126613748e-01 -1.839182389126613748e-01
4.200000000000000000e+01 8.845338685767096809e-01 8.845338685767096809e-01 8.845338685767096809e-01 8.845338685767096809e-01
4.300000000000000000e+01 1.177311936333776288e+00 1.177311936333776288e+00 1.177311936333776288e+00 1.177311936333776288e+00
4.400000000000000000e+01 2.767426224039480354e-01 2.767426224039480354e-01 2.767426224039480354e-01 2.767426224039480354e-01
4.500000000000000000e+01 2.545884968699108075e-01 2.545884968699108075e-01 2.545884968699108075e-01 2.545884968699108075e-01
4.600000000000000000e+01 1.082591231476440541e+00 1.082591231476440541e+00 1.082591231476440541e+00 1.082591231476440541e+00
4.700000000000000000e+01 1.189063825875056324e+00 1.189063825875056324e+00 1.189063825875056324e+00 1.189063825875056324e+00
4.800000000000000000e+01 7.615743906120724382e-01 7.615743906120724382e-01 7.615743906120724382e-01 7.615743906120724382e-01
4.900000000000000000e+01 1.309333822858370189e+00 1.309333822858370189e+00 1.309333822858370189e+00 1.309333822858370189e+00
5.000000000000000000e+01 3.316104767669770040e-03 3.316104767669770040e-03 3.316104767669770040e-03 3.316104767669770040e-03
5.100000000000000000e+01 1.925112028712374190e+00 1.925112028712374190e+00 1.925112028712374190e+00 1.925112028712374190e+00
5.200000000000000000e+01 1.485166893949495304e+00 1.485166893949495304e+00 1.485166893949495304e+00 1.485166893949495304e+00
5.300000000000000000e+01 1.288146330239315240e+00 1.288146330239315240e+00 1.288146330239315240e+00 1.288146330239315240e+00
5.400000000000000000e+01 1.614044523533416875e+00 1.614044523533416875e+00 1.614044523533416875e+00 1.614044523533416875e+00
5.500000000000000000e+01 1.755818642767964288e+00 1.755818642767964288e+00 1.755818642767964288e+00 1.755818642767964288e+00
5.600000000000000000e+01 2.342922241660346572e+00 2.342922241660346572e+00 2.342922241660346572e+00 2.342922241660346572e+00
5.700000000000000000e+01 -5.707246936253705938e-01 -5.707246936253705938e-01 -5.707246936253705938e-01 -5.707246936253705938e-01
5.800000000000000000e+01 1.943367404155132094e+00 1.943367404155132094e+00 1.943367404155132094e+00 1.943367404155132094e+00
5.900000000000000000e+01 4.130104411566833389e-01 4.130104411566833389e-01 4.130104411566833389e-01 4.130104411566833389e-01
6.000000000000000000e+01 5.513995791707128058e-01 5.513995791707128058e-01 5.513995791707128058e-01 5.513995791707128058e-01
6.100000000000000000e+01 7.663201097670951922e-01 7.663201097670951922e-01 7.663201097670951922e-01 7.663201097670951922e-01
6.200000000000000000e+01 1.571689774311109566e+00 1.571689774311109566e+00 1.571689774311109566e+00 1.571689774311109566e+00
6.300000000000000000e+01 1.559594768391646458e+00 1.559594768391646458e+00 1.559594768391646458e+00 1.559594768391646458e+00
6.400000000000000000e+01 1.087425680940714789e+00 1.087425680940714789e+00 1.087425680940714789e+00 1.087425680940714789e+00
6.500000000000000000e+01 -5.434306871055806232e-01 -5.434306871055806232e-01 -5.434306871055806232e-01 -5.434306871055806232e-01
6.600000000000000000e+01 2.383612736225829032e+00 2.383612736225829032e+00 2.383612736225829032e+00 2.383612736225829032e+00
6.700000000000000000e+01 1.625801833385037920e+00 1.625801833385037920e+00 1.625801833385037920e+00 1.625801833385037920e+00
6.800000000000000000e+01 1.455049267148037284e+00 1.455049267148037284e+00 1.455049267148037284e+00 1.455049267148037284e+00
6.900000000000000000e+01 7.725186804417082387e-01 7.725186804417082387e-01 7.725186804417082387e-01 7.725186804417082387e-01
7.000000000000000000e+01 1.623134917118984832e+00 1.623134917118984832e+00 1.623134917118984832e+00 1.623134917118984832e+00
7.100000000000000000e+01 1.230190151097737994e+00 1.230190151097737994e+00 1.230190151097737994e+00 1.230190151097737994e+00
7.200000000000000000e+01 1.952934017175027126e+00 1.952934017175027126e+00 1.952934017175027126e+00 1.952934017175027126e+00
7.300000000000000000e+01 9.654248327431645960e-01 9.654248327431645960e-01 9.654248327431645960e-01 9.654248327431645960e-01
7.400000000000000000e+01 1.943301911341006383e+00 1.943301911341006383e+00 1.943301911341006383e+00 1.943301911341006383e+00
7.500000000000000000e+01 2.095215553134984088e+00 2.095215553134984088e+00 2.095215553134984088e+00 2.095215553134984088e+00
7.600000000000000000e+01 1.241458148820875795e+00 1.241458148820875795e+00 1.241458148820875795e+00 1.241458148820875795e+00
7.700000000000000000e+01 -6.489106677785329014e-01 -6.489106677785329014e-01 -6.489106677785329014e-01 -6.489106677785329014e-01
7.800000000000000000e+01 5.103284695083846190e-01 5.103284695083846190e-01 5.103284695083846190e-01 5.103284695083846190e-01
7.900000000000000000e+01 4.873178757669410777e-01 4.873178757669410777e-01 4.873178757669410777e-01 4.873178757669410777e-01
8.000000000000000000e+01 -1.273309000416360248e-01 -1.273309000416360248e-01 -1.273309000416360248e-01 -1.273309000416360248e-01
8.100000000000000000e+01 -5.411115609781167457e-01 -5.411115609781167457e-01 -5.411115609781167457e-01 -5.411115609781167457e-01
8.200000000000000000e+01 5.664053762827185867e-01 5.664053762827185867e-01 5.664053762827185867e-01 5.664053762827185867e-01
8.300000000000000000e+01 7.546128724409379984e-01 7.546128724409379984e-01 7.546128724409379984e-01 7.546128724409379984e-01
8.400000000000000000e+01 3.570899815319160120e-01 3.570899815319160120e-01 3.570899815319160120e-01 3.570899815319160120e-01
8.500000000000000000e+01 1.591332277777313342e+00 1.591332277777313342e+00 1.591332277777313342e+00 1.591332277777313342e+00
8.600000000000000000e+01 2.833101815127274103e-01 2.833101815127274103e-01 2.833101815127274103e-01 2.833101815127274103e-01
8.700000000000000000e+01 1.577166911171246966e+00 1.577166911171246966e+00 1.577166911171246966e+00 1.577166911171246966e+00
8.800000000000000000e+01 1.908478844417364817e+00 1.908478844417364817e+00 1.908478844417364817e+00 1.908478844417364817e+00
8.900000000000000000e+01 2.555370296424900101e+00 2.555370296424900101e+00 2.555370296424900101e+00 2.555370296424900101e+00
9.000000000000000000e+01 1.710513699136538168e+00 1.710513699136538168e+00 1.710513699136538168e+00 1.710513699136538168e+00
9.100000000000000000e+01 6.550960153155369614e-01 6.550960153155369614e-01 6.550960153155369614e-01 6.550960153155369614e-01
9.200000000000000000e+01 1.393024254206369550e+00 1.393024254206369550e+00 1.393024254206369550e+00 1.393024254206369550e+00
9.300000000000000000e+01 1.835396534178142636e+00 1.835396534178142636e+00 1.835396534178142636e+00 1.835396534178142636e+00
9.400000000000000000e+01 5.721274579804626059e-01 5.721274579804626059e-01 5.721274579804626059e-01 5.721274579804626059e-01
9.500000000000000000e+01 8.848064287676209450e-01 8.848064287676209450e-01 8.848064287676209450e-01 8.848064287676209450e-01
9.600000000000000000e+01 1.650559489536738145e+00 1.650559489536738145e+00 1.650559489536738145e+00 1.650559489536738145e+00
9.700000000000000000e+01 1.336478404113370821e+00 1.336478404113370821e+00 1.336478404113370821e+00 1.336478404113370821e+00
9.800000000000000000e+01 8.966384611972301188e-01 8.966384611972301188e-01 8.966384611972301188e-01 8.966384611972301188e-01
9.900000000000000000e+01 9.894507456855518024e-01 9.894507456855518024e-01 9.894507456855518024e-01 9.894507456855518024e-01
