0.000000000000000000e+00 -7.628052266727176622e-01 -7.628052266727176622e-01 -7.628052266727176622e-01 -7.628052266727176622e-01
1.000000000000000000e+00 4.795131286453816699e+00 4.795131286453816699e+00 4.795131286453816699e+00 4.795131286453816699e+00
2.000000000000000000e+00 1.962876835719287616e+00 1.962876835719287616e+00 1.962876835719287616e+00 1.962876835719287616e+00
3.000000000000000000e+00 4.558699294943291846e+00 4.558699294943291846e+00 4.558699294943291846e+00 4.558699294943291846e+00
4.000000000000000000e+00 5.476952974896840409e+00 5.476952974896840409e+00 5.476952974896840409e+00 5.476952974896840409e+00
5.000000000000000000e+00 1.094531637605413721e+01 1.094531637605413721e+01 1.094531637605413721e+01 1.094531637605413721e+01
6.000000000000000000e+00 1.615163996809989344e+00 1.615163996809989344e+00 1.615163996809989344e+00 1.615163996809989344e+00
7.000000000000000000e+00 -5.901227751141894906e+00 -5.901227751141894906e+00 -5.901227751141894906e+00 -5.901227751141894906e+00
8.000000000000000000e+00 2.434226298975328273e+00 2.434226298975328273e+00 2.434226298975328273e+00 2.434226298975328273e+00
9.000000000000000000e+00 1.633958019563772401e+00 1.633958019563772401e+00 1.633958019563772401e+00 1.633958019563772401e+00
1.000000000000000000e+01 -2.285943635495960358e+00 -2.285943635495960358e+00 -2.285943635495960358e+00 -2.285943635495960358e+00
1.100000000000000000e+01 -3.053140083340896371e+00 -3.053140083340896371e+00 -3.053140083340896371e+00 -3.053140083340896371e+00
1.200000000000000000e+01 1.958929044529743813e+00 1.958929044529743813e+00 1.958929044529743813e+00 1.958929044529743813e+00
1.300000000000000000e+01 5.091478222216636595e+00 5.091478222216636595e+00 5.091478222216636595e+00 5.091478222216636595e+00
1.400000000000000000e+01 8.672413121915920620e-01 8.672413121915920620e-01 8.672413121915920620e-01 8.672413121915920620e-01
1.500000000000000000e+01 1.470586394421538934e+00 1.470586394421538934e+00 1.470586394421538934e+00 1.470586394421538934e+00
1.600000000000000000e+01 -1.332855053665834788e+00 -1.332855053665834788e+00 -1.332855053665834788e+00 -1.332855053665834788e+00
1.700000000000000000e+01 9.651320004924247575e-01 9.651320004924247575e-01 9.651320004924247575e-01 9.651320004924247575e-01
1.800000000000000000e+01 9.043963460296789991e-01 9.043963460296789991e-01 9.043963460296789991e-01 9.043963460296789991e-01
1.900000000000000000e+01 4.616515685590769635e+00 4.616515685590769635e+00 4.616515685590769635e+00 4.616515685590769635e+00
2.000000000000000000e+01 3.236872533889484149e+00 3.236872533889484149e+00 3.236872533889484149e+00 3.236872533889484149e+00
2.100000000000000000e+01 5.765822879845476479e+00 5.765822879845476479e+00 5.765822879845476479e+00 5.765822879845476479e+00
2.200000000000000000e+01 8.745481009976495912e+00 8.745481009976495912e+00 8.745481009976495912e+00 8.745481009976495912e+00
2.300000000000000000e+01 8.699892735326171689e+00 8.699892735326171689e+00 8.699892735326171689e+00 8.699892735326171689e+00
2.400000000000000000e+01 5.847902022447742709e+00 5.847902022447742709e+00 5.847902022447742709e+00 5.847902022447742709e+00
2.500000000000000000e+01 8.401571603298023660e+00 8.401571603298023660e+00 8.401571603298023660e+00 8.401571603298023660e+00
2.600000000000000000e+01 7.529110597280944894e+00 7.529110597280944894e+00 7.529110597280944894e+00 7.529110597280944894e+00
2.700000000000000000e+01 9.963910731889914274e+00 9.963910731889914274e+00 9.963910731889914274e+00 9.963910731889914274e+00
2.800000000000000000e+01 1.185393197396144238e+01 1.185393197396144238e+01 1.185393197396144238e+01 1.185393197396144238e+01
2.900000000000000000e+01 8.702915989369660821e+00 8.702915989369660821e+00 8.702915989369660821e+00 8.702915989369660821e+00
3.000000000000000000e+01 6.515983459277461698e+00 6.515983459277461698e+00 6.515983459277461698e+00 6.515983459277461698e+00
3.100000000000000000e+01 8.198478980414963146e+00 8.198478980414963146e+00 8.198478980414963146e+00 8.198478980414963146e+00
3.200000000000000000e+01 1.267554848841705528e+01 1.267554848841705528e+01 1.267554848841705528e+01 1.267554848841705528e+01
3.300000000000000000e+01 7.769268139695190811e+00 7.769268139695190811e+00 7.769268139695190811e+00 7.769268139695190811e+00
3.400000000000000000e+01 7.630337538569462730e+00 7.630337538569462730e+00 7.630337538569462730e+00 7.630337538569462730e+00
3.500000000000000000e+01 7.215391171770129120e+00 7.215391171770129120e+00 7.215391171770129120e+00 7.215391171770129120e+00
3.600000000000000000e+01 1.186375257858821719e+01 1.186375257858821719e+01 1.186375257858821719e+01 1.186375257858821719e+01
3.700000000000000000e+01 1.081687130290797150e+01 1.081687130290797150e+01 1.081687130290797150e+01 1.081687130290797150e+01
3.800000000000000000e+01 1.275146476171794774e+01 1.275146476171794774e+01 1.275146476171794774e+01 1.275146476171794774e+01
3.900000000000000000e+01 1.095706280695089907e+00 1.095706280695089907e+00 1.095706280695089907e+00 1.095706280695089907e+00
4.000000000000000000e+01 7.970786696527554227e+00 7.970786696527554227e+00 7.970786696527554227e+00 7.970786696527554227e+00
4.100000000000000000e+01 1.003660676605760926e+01 1.003660676605760926e+01 1.003660676605760926e+01 1.003660676605760926e+01
4.200000000000000000e+01 1.076578132101514029e+01 1.076578132101514029e+01 1.076578132101514029e+01 1.076578132101514029e+01
4.300000000000000000e+01 5.766619695602066109e+00 5.766619695602066109e+00 5.766619695602066109e+00 5.766619695602066109e+00
4.400000000000000000e+01 1.459529644288354611e+01 1.459529644288354611e+01 1.459529644288354611e+01 1.459529644288354611e+01
4.500000000000000000e+01 9.946668226716164796e+00 9.946668226716164796e+00 9.946668226716164796e+00 9.946668226716164796e+00
4.600000000000000000e+01 1.312386383029871340e+01 1.312386383029871340e+01 1.312386383029871340e+01 1.312386383029871340e+01
4.700000000000000000e+01 1.320384848715722548e+01 1.320384848715722548e+01 1.320384848715722548e+01 1.320384848715722548e+01
4.800000000000000000e+01 6.281736936930160553e+00 6.281736936930160553e+00 6.281736936930160553e+00 6.281736936930160553e+00
4.900000000000000000e+01 8.183476881765873401e+00 8.183476881765873401e+00 8.183476881765873401e+00 8.183476881765873401e+00
5.000000000000000000e+01 3.231360070859951250e+00 3.231360070859951250e+00 3.231360070859951250e+00 3.231360070859951250e+00
5.100000000000000000e+01 1.238665417157426063e+01 1.238665417157426063e+01 1.238665417157426063e+01 1.238665417157426063e+01
5.200000000000000000e+01 1.180629076517123544e+01 1.180629076517123544e+01 1.180629076517123544e+01 1.180629076517123544e+01
5.300000000000000000e+01 1.049442822147754661e+01 1.049442822147754661e+01 1.049442822147754661e+01 1.049442822147754661e+01
5.400000000000000000e+01 9.499859747390495102e+00 9.499859747390495102e+00 9.499859747390495102e+00 9.499859747390495102e+00
5.500000000000000000e+01 1.048550619088196001e+01 1.048550619088196001e+01 1.048550619088196001e+01 1.048550619088196001e+01
5.600000000000000000e+01 1.149633185785936540e+01 1.149633185785936540e+01 1.149633185785936540e+01 1.149633185785936540e+01
5.700000000000000000e+01 3.934685824086243677e+00 3.934685824086243677e+00 3.934685824086243677e+00 3.934685824086243677e+00
5.800000000000000000e+01 7.282261376172861844e+00 7.282261376172861844e+00 7.282261376172861844e+00 7.282261376172861844e+00
5.900000000000000000e+01 7.155081616894427121e+00 7.155081616894427121e+00 7.155081616894427121e+00 7.155081616894427121e+00
6.000000000000000000e+01 8.845528560335042201e+00 8.845528560335042201e+00 8.845528560335042201e+00 8.845528560335042201e+00
6.100000000000000000e+01 8.573635340793526183e+00 8.573635340793526183e+00 8.573635340793526183e+00 8.573635340793526183e+00
6.200000000000000000e+01 7.211242442371140982e+00 7.211242442371140982e+00 7.211242442371140982e+00 7.211242442371140982e+00
6.300000000000000000e+01 1.281922098510807118e+01 1.281922098510807118e+01 1.281922098510807118e+01 1.281922098510807118e+01
6.400000000000000000e+01 1.245797555603961015e+01 1.245797555603961015e+01 1.245797555603961015e+01 1.245797555603961015e+01
6.500000000000000000e+01 6.691921087897653386e+00 6.691921087897653386e+00 6.691921087897653386e+00 6.691921087897653386e+00
6.600000000000000000e+01 1.175661884615554342e+01 1.175661884615554342e+01 1.175661884615554342e+01 1.175661884615554342e+01
6.700000000000000000e+01 6.401705389972587312e+00 6.401705389972587312e+00 6.401705389972587312e+00 6.401705389972587312e+00
6.800000000000000000e+01 1.008291229807218059e+01 1.008291229807218059e+01 1.008291229807218059e+01 1.008291229807218059e+01
6.900000000000000000e+01 1.030563474689342485e+01 1.030563474689342485e+01 1.030563474689342485e+01 1.030563474689342485e+01
7.000000000000000000e+01 1.206089672792714751e+01 1.206089672792714751e+01 1.206089672792714751e+01 1.206089672792714751e+01
7.100000000000000000e+01 1.012935019960728766e+01 1.012935019960728766e+01 1.012935019960728766e+01 1.012935019960728766e+01
7.200000000000000000e+01 9.907940825160304499e+00 9.907940825160304499e+00 9.907940825160304499e+00 9.907940825160304499e+00
7.300000000000000000e+01 1.124634665533349853e+01 1.124634665533349853e+01 1.124634665533349853e+01 1.124634665533349853e+01
7.400000000000000000e+01 1.098636141727783766e+01 1.098636141727783766e+01 1.098636141727783766e+01 1.098636141727783766e+01
7.500000000000000000e+01 1.567743113298272384e+01 1.567743113298272384e+01 1.567743113298272384e+01 1.567743113298272384e+01
7.600000000000000000e+01 1.162301370523862865e+01 1.162301370523862865e+01 1.162301370523862865e+01 1.162301370523862865e+01
7.700000000000000000e+01 6.852710228424801819e+00 6.852710228424801819e+00 6.852710228424801819e+00 6.852710228424801819e+00
7.800000000000000000e+01 9.879797413694385355e+00 9.879797413694385355e+00 9.879797413694385355e+00 9.879797413694385355e+00
7.900000000000000000e+01 9.856096808808930021e+00 9.856096808808930021e+00 9.856096808808930021e+00 9.856096808808930021e+00
8.000000000000000000e+01 7.459451940912461332e+00 7.459451940912461332e+00 7.459451940912461332e+00 7.459451940912461332e+00
8.100000000000000000e+01 9.593000133056891698e+00 9.593000133056891698e+00 9.593000133056891698e+00 9.593000133056891698e+00
8.200000000000000000e+01 7.202330251470315581e+00 7.202330251470315581e+00 7.202330251470315581e+00 7.202330251470315581e+00
8.300000000000000000e+01 9.250029253290415809e+00 9.250029253290415809e+00 9.250029253290415809e+00 9.250029253290415809e+00
8.400000000000000000e+01 1.177642993906569480e+01 1.177642993906569480e+01 1.177642993906569480e+01 1.177642993906569480e+01
8.500000000000000000e+01 7.839276914514774042e+00 7.839276914514774042e+00 7.839276914514774042e+00 7.839276914514774042e+00
8.600000000000000000e+01 6.646275801289002416e+00 6.646275801289002416e+00 6.646275801289002416e+00 6.646275801289002416e+00
8.700000000000000000e+01 1.201432756849185246e+01 1.201432756849185246e+01 1.201432756849185246e+01 1.201432756849185246e+01
8.800000000000000000e+01 1.468284283272523005e+01 1.468284283272523005e+01 1.468284283272523005e+01 1.468284283272523005e+01
8.900000000000000000e+01 1.022075312244947831e+01 1.022075312244947831e+01 1.022075312244947831e+01 1.022075312244947831e+01
9.000000000000000000e+01 1.013623143138450899e+01 1.013623143138450899e+01 1.013623143138450899e+01 1.013623143138450899e+01
9.100000000000000000e+01 4.287880518244183037e+00 4.287880518244183037e+00 4.287880518244183037e+00 4.287880518244183037e+00
9.200000000000000000e+01 1.201551553363559499e+01 1.201551553363559499e+01 1.201551553363559499e+01 1.201551553363559499e+01
9.300000000000000000e+01 7.537601274559563969e+00 7.537601274559563969e+00 7.537601274559563969e+00 7.537601274559563969e+00
9.400000000000000000e+01 1.216763483918257727e+01 1.216763483918257727e+01 1.216763483918257727e+01 1.216763483918257727e+01
9.500000000000000000e+01 1.235363995136654935e+01 1.235363995136654935e+01 1.235363995136654935e+01 1.235363995136654935e+01
9.600000000000000000e+01 8.997663130498652961e+00 8.997663130498652961e+00 8.997663130498652961e+00 8.997663130498652961e+00
9.700000000000000000e+01 1.174309435454442685e+01 1.174309435454442685e+01 1.174309435454442685e+01 1.174309435454442685e+01
9.800000000000000000e+01 1.661439142640588784e+01 1.661439142640588784e+01 1.661439142640588784e+01 1.661439142640588784e+01
9.900000000000000000e+01 2.810238464323257190e+00 2.810238464323257190e+00 2.810238464323257190e+00 2.810238464323257190e+00
