0.000000000000000000e+00 -7.580970078604741813e-01 -7.580970078604741813e-01 -7.580970078604741813e-01 -7.580970078604741813e-01
1.000000000000000000e+00 -4.756457437017926337e-01 -4.756457437017926337e-01 -4.756457437017926337e-01 -4.756457437017926337e-01
2.000000000000000000e+00 -6.232479933987211673e-01 -6.232479933987211673e-01 -6.232479933987211673e-01 -6.232479933987211673e-01
3.000000000000000000e+00 -4.699443721994506773e-01 -4.699443721994506773e-01 -4.699443721994506773e-01 -4.699443721994506773e-01
4.000000000000000000e+00 -5.535750220859938509e-01 -5.535750220859938509e-01 -5.535750220859938509e-01 -5.535750220859938509e-01
5.000000000000000000e+00 -4.171394681697221940e-01 -4.171394681697221940e-01 -4.171394681697221940e-01 -4.171394681697221940e-01
6.000000000000000000e+00 -2.261359817452030796e-01 -2.261359817452030796e-01 -2.261359817452030796e-01 -2.261359817452030796e-01
7.000000000000000000e+00 -1.790049468867686566e-01 -1.790049468867686566e-01 -1.790049468867686566e-01 -1.790049468867686566e-01
8.000000000000000000e+00 -2.730012670750457948e-01 -2.730012670750457948e-01 -2.730012670750457948e-01 -2.730012670750457948e-01
9.000000000000000000e+00 -5.395895324286001937e-01 -5.395895324286001937e-01 -5.395895324286001937e-01 -5.395895324286001937e-01
1.000000000000000000e+01 -2.928727139393290657e-01 -2.928727139393290657e-01 -2.928727139393290657e-01 -2.928727139393290657e-01
1.100000000000000000e+01 -5.517200461398775735e-01 -5.517200461398775735e-01 -5.517200461398775735e-01 -5.517200461398775735e-01
1.200000000000000000e+01 -5.025167174751741239e-01 -5.025167174751741239e-01 -5.025167174751741239e-01 -5.025167174751741239e-01
1.300000000000000000e+01 -4.008674096338181170e-01 -4.008674096338181170e-01 -4.008674096338181170e-01 -4.008674096338181170e-01
1.400000000000000000e+01 -4.158849770476542584e-01 -4.158849770476542584e-01 -4.158849770476542584e-01 -4.158849770476542584e-01
1.500000000000000000e+01 -2.942016276286447130e-01 -2.942016276286447130e-01 -2.942016276286447130e-01 -2.942016276286447130e-01
1.600000000000000000e+01 -7.781385360754115854e-02 -7.781385360754115854e-02 -7.781385360754115854e-02 -7.781385360754115854e-02
1.700000000000000000e+01 -1.572585638419006226e-01 -1.572585638419006226e-01 -1.572585638419006226e-01 -1.572585638419006226e-01
1.800000000000000000e+01 5.756591734853541004e-02 5.756591734853541004e-02 5.756591734853541004e-02 5.756591734853541004e-02
1.900000000000000000e+01 -6.428222742614361773e-02 -6.428222742614361773e-02 -6.428222742614361773e-02 -6.428222742614361773e-02
2.000000000000000000e+01 1.427574547590107490e-01 1.427574547590107490e-01 1.427574547590107490e-01 1.427574547590107490e-01
2.100000000000000000e+01 2.539854810696013376e-01 2.539854810696013376e-01 2.539854810696013376e-01 2.539854810696013376e-01
2.200000000000000000e+01 6.067176105702617450e-01 6.067176105702617450e-01 6.067176105702617450e-01 6.067176105702617450e-01
2.300000000000000000e+01 9.602122089462765686e-01 9.602122089462765686e-01 9.602122089462765686e-01 9.602122089462765686e-01
2.400000000000000000e+01 1.441248855246057614e+00 1.441248855246057614e+00 1.441248855246057614e+00 1.441248855246057614e+00
2.500000000000000000e+01 1.192465408776386848e+00 1.192465408776386848e+00 1.192465408776386848e+00 1.192465408776386848e+00
2.600000000000000000e+01 1.898741934132400555e+00 1.898741934132400555e+00 1.898741934132400555e+00 1.898741934132400555e+00
2.700000000000000000e+01 1.747143464594984819e+00 1.747143464594984819e+00 1.747143464594984819e+00 1.747143464594984819e+00
2.800000000000000000e+01 1.644618857505790288e+00 1.644618857505790288e+00 1.644618857505790288e+00 1.644618857505790288e+00
2.900000000000000000e+01 1.784368481973739540e+00 1.784368481973739540e+00 1.784368481973739540e+00 1.784368481973739540e+00
3.000000000000000000e+01 1.435121646501059001e+00 1.435121646501059001e+00 1.435121646501059001e+00 1.435121646501059001e+00
3.100000000000000000e+01 1.600179683815273313e+00 1.600179683815273313e+00 1.600179683815273313e+00 1.600179683815273313e+00
3.200000000000000000e+01 1.809777404703673875e+00 1.809777404703673875e+00 1.809777404703673875e+00 1.809777404703673875e+00
3.300000000000000000e+01 1.890081036245014223e+00 1.890081036245014223e+00 1.890081036245014223e+00 1.890081036245014223e+00
3.400000000000000000e+01 1.912206300233695089e+00 1.912206300233695089e+00 1.912206300233695089e+00 1.912206300233695089e+00
3.500000000000000000e+01 2.530497172546750217e+00 2.530497172546750217e+00 2.530497172546750217e+00 2.530497172546750217e+00
3.600000000000000000e+01 2.335336966773369660e+00 2.335336966773369660e+00 2.335336966773369660e+00 2.335336966773369660e+00
3.700000000000000000e+01 2.231566831984825861e+00 2.231566831984825861e+00 2.231566831984825861e+00 2.231566831984825861e+00
3.800000000000000000e+01 2.091471212484069309e+00 2.091471212484069309e+00 2.091471212484069309e+00 2.091471212484069309e+00
3.900000000000000000e+01 2.766225549439987219e+00 2.766225549439987219e+00 2.766225549439987219e+00 2.766225549439987219e+00
4.000000000000000000e+01 2.515599173182435866e+00 2.515599173182435866e+00 2.515599173182435866e+00 2.515599173182435866e+00
4.100000000000000000e+01 2.726928736561144095e+00 2.726928736561144095e+00 2.726928736561144095e+00 2.726928736561144095e+00
4.200000000000000000e+01 2.260863719252204529e+00 2.260863719252204529e+00 2.260863719252204529e+00 2.260863719252204529e+00
4.300000000000000000e+01 2.590518990934545851e+00 2.590518990934545851e+00 2.590518990934545851e+00 2.590518990934545851e+00
4.400000000000000000e+01 2.658244282970350092e+00 2.658244282970350092e+00 2.658244282970350092e+00 2.658244282970350092e+00
4.500000000000000000e+01 2.837229122009829574e+00 2.837229122009829574e+00 2.837229122009829574e+00 2.837229122009829574e+00
4.600000000000000000e+01 3.217872621570407432e+00 3.217872621570407432e+00 3.217872621570407432e+00 3.217872621570407432e+00
4.700000000000000000e+01 3.085614883302033817e+00 3.085614883302033817e+00 3.085614883302033817e+00 3.085614883302033817e+00
4.800000000000000000e+01 3.750622530694441181e+00 3.750622530694441181e+00 3.750622530694441181e+00 3.750622530694441181e+00
4.900000000000000000e+01 2.722089531772790671e+00 2.722089531772790671e+00 2.722089531772790671e+00 2.722089531772790671e+00
5.000000000000000000e+01 2.740625123220237214e+00 2.740625123220237214e+00 2.740625123220237214e+00 2.740625123220237214e+00
5.100000000000000000e+01 3.262215832946830929e+00 3.262215832946830929e+00 3.262215832946830929e+00 3.262215832946830929e+00
5.200000000000000000e+01 3.409033336587812268e+00 3.409033336587812268e+00 3.409033336587812268e+00 3.409033336587812268e+00
5.300000000000000000e+01 3.554352386897792204e+00 3.554352386897792204e+00 3.554352386897792204e+00 3.554352386897792204e+00
5.400000000000000000e+01 3.287641416950491280e+00 3.287641416950491280e+00 3.287641416950491280e+00 3.287641416950491280e+00
5.500000000000000000e+01 3.145538961115703636e+00 3.145538961115703636e+00 3.145538961115703636e+00 3.145538961115703636e+00
5.600000000000000000e+01 4.153523275556070260e+00 4.153523275556070260e+00 4.153523275556070260e+00 4.153523275556070260e+00
5.700000000000000000e+01 1.502037520050338415e+00 1.502037520050338415e+00 1.502037520050338415e+00 1.502037520050338415e+00
5.800000000000000000e+01 2.434623973300456434e+00 2.434623973300456434e+00 2.434623973300456434e+00 2.434623973300456434e+00
5.900000000000000000e+01 2.631280982505050492e+00 2.631280982505050492e+00 2.631280982505050492e+00 2.631280982505050492e+00
6.000000000000000000e+01 2.139258838120731809e+00 2.139258838120731809e+00 2.139258838120731809e+00 2.139258838120731809e+00
6.100000000000000000e+01 2.977796175569887183e+00 2.977796175569887183e+00 2.977796175569887183e+00 2.977796175569887183e+00
6.200000000000000000e+01 2.089471388740283153e+00 2.089471388740283153e+00 2.089471388740283153e+00 2.089471388740283153e+00
6.300000000000000000e+01 2.442267005463244711e+00 2.442267005463244711e+00 2.442267005463244711e+00 2.442267005463244711e+00
6.400000000000000000e+01 2.566834279695764831e+00 2.566834279695764831e+00 2.566834279695764831e+00 2.566834279695764831e+00
6.500000000000000000e+01 3.060816180257594166e+00 3.060816180257594166e+00 3.060816180257594166e+00 3.060816180257594166e+00
6.600000000000000000e+01 2.845406058667709459e+00 2.845406058667709459e+00 2.845406058667709459e+00 2.845406058667709459e+00
6.700000000000000000e+01 3.012610400373181729e+00 3.012610400373181729e+00 3.012610400373181729e+00 3.012610400373181729e+00
6.800000000000000000e+01 2.113719475271302439e+00 2.113719475271302439e+00 2.113719475271302439e+00 2.113719475271302439e+00
6.900000000000000000e+01 2.168763344117266900e+00 2.168763344117266900e+00 2.168763344117266900e+00 2.168763344117266900e+00
7.000000000000000000e+01 2.452436324472096807e+00 2.452436324472096807e+00 2.452436324472096807e+00 2.452436324472096807e+00
7.100000000000000000e+01 2.368078320160265537e+00 2.368078320160265537e+00 2.368078320160265537e+00 2.368078320160265537e+00
7.200000000000000000e+01 2.645222497260085959e+00 2.645222497260085959e+00 2.645222497260085959e+00 2.645222497260085959e+00
7.300000000000000000e+01 2.118634424211656153e+00 2.118634424211656153e+00 2.118634424211656153e+00 2.118634424211656153e+00
7.400000000000000000e+01 2.476995960215523596e+00 2.476995960215523596e+00 2.476995960215523596e+00 2.476995960215523596e+00
7.500000000000000000e+01 2.523595790312395781e+00 2.523595790312395781e+00 2.523595790312395781e+00 2.523595790312395781e+00
7.600000000000000000e+01 2.328733625285351216e+00 2.328733625285351216e+00 2.328733625285351216e+00 2.328733625285351216e+00
7.700000000000000000e+01 2.257551496806131208e+00 2.257551496806131208e+00 2.257551496806131208e+00 2.257551496806131208e+00
7.800000000000000000e+01 2.110829748827703245e+00 2.110829748827703245e+00 2.110829748827703245e+00 2.110829748827703245e+00
7.900000000000000000e+01 1.906778493040229616e+00 1.906778493040229616e+00 1.906778493040229616e+00 1.906778493040229616e+00
8.000000000000000000e+01 2.094496653021800103e+00 2.094496653021800103e+00 2.094496653021800103e+00 2.094496653021800103e+00
8.100000000000000000e+01 1.987414244040163647e+00 1.987414244040163647e+00 1.987414244040163647e+00 1.987414244040163647e+00
8.200000000000000000e+01 2.292166592486854615e+00 2.292166592486854615e+00 2.292166592486854615e+00 2.292166592486854615e+00
8.300000000000000000e+01 2.331055626166731010e+00 2.331055626166731010e+00 2.331055626166731010e+00 2.331055626166731010e+00
8.400000000000000000e+01 2.525439370561727959e+00 2.525439370561727959e+00 2.525439370561727959e+00 2.525439370561727959e+00
8.500000000000000000e+01 2.287716458626140703e+00 2.287716458626140703e+00 2.287716458626140703e+00 2.287716458626140703e+00
8.600000000000000000e+01 2.318203873142957505e+00 2.318203873142957505e+00 2.318203873142957505e+00 2.318203873142957505e+00
8.700000000000000000e+01 2.068423825583098452e+00 2.068423825583098452e+00 2.068423825583098452e+00 2.068423825583098452e+00
8.800000000000000000e+01 2.209035859386334177e+00 2.209035859386334177e+00 2.209035859386334177e+00 2.209035859386334177e+00
8.900000000000000000e+01 2.144698601631446433e+00 2.144698601631446433e+00 2.144698601631446433e+00 2.144698601631446433e+00
9.000000000000000000e+01 2.382620747408054740e+00 2.382620747408054740e+00 2.382620747408054740e+00 2.382620747408054740e+00
9.100000000000000000e+01 2.079191288450024544e+00 2.079191288450024544e+00 2.079191288450024544e+00 2.079191288450024544e+00
9.200000000000000000e+01 2.080302762355058732e+00 2.080302762355058732e+00 2.080302762355058732e+00 2.080302762355058732e+00
9.300000000000000000e+01 2.359047524960349307e+00 2.359047524960349307e+00 2.359047524960349307e+00 2.359047524960349307e+00
9.400000000000000000e+01 1.750524198952072785e+00 1.750524198952072785e+00 1.750524198952072785e+00 1.750524198952072785e+00
9.500000000000000000e+01 2.028081617006221471e+00 2.028081617006221471e+00 2.028081617006221471e+00 2.028081617006221471e+00
9.600000000000000000e+01 1.941426504065947301e+00 1.941426504065947301e+00 1.941426504065947301e+00 1.941426504065947301e+00
9.700000000000000000e+01 1.866758217029390376e+00 1.866758217029390376e+00 1.866758217029390376e+00 1.866758217029390376e+00
9.800000000000000000e+01 1.645637275883287121e+00 1.645637275883287121e+00 1.645637275883287121e+00 1.645637275883287121e+00
9.900000000000000000e+01 1.675037580182514807e+00 1.675037580182514807e+00 1.675037580182514807e+00 1.675037580182514807e+00
