0.000000000000000000e+00 -2.772733316772427181e-01 -2.772733316772427181e-01 -2.772733316772427181e-01 -2.772733316772427181e-01
1.000000000000000000e+00 -6.358214823410582861e-01 -6.358214823410582861e-01 -6.358214823410582861e-01 -6.358214823410582861e-01
2.000000000000000000e+00 -1.988955781939291401e-01 -1.988955781939291401e-01 -1.988955781939291401e-01 -1.988955781939291401e-01
3.000000000000000000e+00 -1.513874262331854070e-01 -1.513874262331854070e-01 -1.513874262331854070e-01 -1.513874262331854070e-01
4.000000000000000000e+00 -3.215877845380408356e-02 -3.215877845380408356e-02 -3.215877845380408356e-02 -3.215877845380408356e-02
5.000000000000000000e+00 -2.452301030072550903e-01 -2.452301030072550903e-01 -2.452301030072550903e-01 -2.452301030072550903e-01
6.000000000000000000e+00 -8.634346627074594716e-02 -8.634346627074594716e-02 -8.634346627074594716e-02 -8.634346627074594716e-02
7.000000000000000000e+00 -5.456183451412428553e-01 -5.456183451412428553e-01 -5.456183451412428553e-01 -5.456183451412428553e-01
8.000000000000000000e+00 4.604204465072636032e-01 4.604204465072636032e-01 4.604204465072636032e-01 4.604204465072636032e-01
9.000000000000000000e+00 -2.658398469964803335e-01 -2.658398469964803335e-01 -2.658398469964803335e-01 -2.658398469964803335e-01
1.000000000000000000e+01 -6.144487691419012743e-01 -6.144487691419012743e-01 -6.144487691419012743e-01 -6.144487691419012743e-01
1.100000000000000000e+01 -2.327910216913928465e-01 -2.327910216913928465e-01 -2.327910216913928465e-01 -2.327910216913928465e-01
1.200000000000000000e+01 -1.121932564723249204e-01 -1.121932564723249204e-01 -1.121932564723249204e-01 -1.121932564723249204e-01
1.300000000000000000e+01 1.278070928996055851e-02 1.278070928996055851e-02 1.278070928996055851e-02 1.278070928996055851e-02
1.400000000000000000e+01 2.611612215430378914e-01 2.611612215430378914e-01 2.611612215430378914e-01 2.611612215430378914e-01
1.500000000000000000e+01 -1.107487971610650601e-01 -1.107487971610650601e-01 -1.107487971610650601e-01 -1.107487971610650601e-01
1.600000000000000000e+01 -6.181670254755630145e-01 -6.181670254755630145e-01 -6.181670254755630145e-01 -6.181670254755630145e-01
1.700000000000000000e+01 -5.829023696810060606e-01 -5.829023696810060606e-01 -5.829023696810060606e-01 -5.829023696810060606e-01
1.800000000000000000e+01 2.821021089319805664e-01 2.821021089319805664e-01 2.821021089319805664e-01 2.821021089319805664e-01
1.900000000000000000e+01 -2.255241840857472035e-01 -2.255241840857472035e-01 -2.255241840857472035e-01 -2.255241840857472035e-01
2.000000000000000000e+01 5.068050804456514929e-02 5.068050804456514929e-02 5.068050804456514929e-02 5.068050804456514929e-02
2.100000000000000000e+01 -1.542509045057532668e-01 -1.542509045057532668e-01 -1.542509045057532668e-01 -1.542509045057532668e-01
2.200000000000000000e+01 2.509623876084039751e-02 2.509623876084039751e-02 2.509623876084039751e-02 2.509623876084039751e-02
2.300000000000000000e+01 3.012368526058665785e-01 3.012368526058665785e-01 3.012368526058665785e-01 3.012368526058665785e-01
2.400000000000000000e+01 -9.851359968296520553e-02 -9.851359968296520553e-02 -9.851359968296520553e-02 -9.851359968296520553e-02
2.500000000000000000e+01 -1.678403822391875966e-01 -1.678403822391875966e-01 -1.678403822391875966e-01 -1.678403822391875966e-01
2.600000000000000000e+01 -2.688488669372056661e-01 -2.688488669372056661e-01 -2.688488669372056661e-01 -2.688488669372056661e-01
2.700000000000000000e+01 -3.137144023666314507e-01 -3.137144023666314507e-01 -3.137144023666314507e-01 -3.137144023666314507e-01
2.800000000000000000e+01 -2.885069495915871807e-01 -2.885069495915871807e-01 -2.885069495915871807e-01 -2.885069495915871807e-01
2.900000000000000000e+01 4.018562113220122689e-01 4.018562113220122689e-01 4.018562113220122689e-01 4.018562113220122689e-01
3.000000000000000000e+01 1.339504302887124798e-01 1.339504302887124798e-01 1.339504302887124798e-01 1.339504302887124798e-01
3.100000000000000000e+01 8.898046483333160728e-02 8.898046483333160728e-02 8.898046483333160728e-02 8.898046483333160728e-02
3.200000000000000000e+01 -1.177688344302492973e-01 -1.177688344302492973e-01 -1.177688344302492973e-01 -1.177688344302492973e-01
3.300000000000000000e+01 -3.262629863924283447e-01 -3.262629863924283447e-01 -3.262629863924283447e-01 -3.262629863924283447e-01
3.400000000000000000e+01 -1.116913108256887971e-01 -1.116913108256887971e-01 -1.116913108256887971e-01 -1.116913108256887971e-01
3.500000000000000000e+01 -3.360651395623123205e-01 -3.360651395623123205e-01 -3.360651395623123205e-01 -3.360651395623123205e-01
3.600000000000000000e+01 2.464269113076522806e-03 2.464269113076522806e-03 2.464269113076522806e-03 2.464269113076522806e-03
3.700000000000000000e+01 -1.569510050083329222e-01 -1.569510050083329222e-01 -1.569510050083329222e-01 -1.569510050083329222e-01
3.800000000000000000e+01 -2.016360547735680520e-01 -2.016360547735680520e-01 -2.016360547735680520e-01 -2.016360547735680520e-01
3.900000000000000000e+01 -1.191191099764282307e-01 -1.191191099764282307e-01 -1.191191099764282307e-01 -1.191191099764282307e-01
4.000000000000000000e+01 -1.125469885540714698e-01 -1.125469885540714698e-01 -1.125469885540714698e-01 -1.125469885540714698e-01
4.100000000000000000e+01 1.986428803197945181e-01 1.986428803197945181e-01 1.986428803197945181e-01 1.986428803197945181e-01
4.200000000000000000e+01 -3.865242277817136363e-01 -3.865242277817136363e-01 -3.865242277817136363e-01 -3.865242277817136363e-01
4.300000000000000000e+01 -5.899596301773927243e-01 -5.899596301773927243e-01 -5.899596301773927243e-01 -5.899596301773927243e-01
4.400000000000000000e+01 1.977414930929150341e-02 1.977414930929150341e-02 1.977414930929150341e-02 1.977414930929150341e-02
4.500000000000000000e+01 -2.042668506574733811e-01 -2.042668506574733811e-01 -2.042668506574733811e-01 -2.042668506574733811e-01
4.600000000000000000e+01 1.458775512323773164e-02 1.458775512323773164e-02 1.458775512323773164e-02 1.458775512323773164e-02
4.700000000000000000e+01 1.021095025539522361e-01 1.021095025539522361e-01 1.021095025539522361e-01 1.021095025539522361e-01
4.800000000000000000e+01 4.218194480059734436e-02 4.218194480059734436e-02 4.218194480059734436e-02 4.218194480059734436e-02
4.900000000000000000e+01 -5.500812815076497886e-01 -5.500812815076497886e-01 -5.500812815076497886e-01 -5.500812815076497886e-01
5.000000000000000000e+01 2.242762479580636681e-01 2.242762479580636681e-01 2.242762479580636681e-01 2.242762479580636681e-01
5.100000000000000000e+01 -4.947525858543533883e-01 -4.947525858543533883e-01 -4.947525858543533883e-01 -4.947525858543533883e-01
5.200000000000000000e+01 7.496651916556557049e-02 7.496651916556557049e-02 7.496651916556557049e-02 7.496651916556557049e-02
5.300000000000000000e+01 3.703045670221829511e-01 3.703045670221829511e-01 3.703045670221829511e-01 3.703045670221829511e-01
5.400000000000000000e+01 -5.868891051205986642e-01 -5.868891051205986642e-01 -5.868891051205986642e-01 -5.868891051205986642e-01
5.500000000000000000e+01 -7.827969736040572002e-01 -7.827969736040572002e-01 -7.827969736040572002e-01 -7.827969736040572002e-01
5.600000000000000000e+01 -1.045568342621347319e-01 -1.045568342621347319e-01 -1.045568342621347319e-01 -1.045568342621347319e-01
5.700000000000000000e+01 -3.539672656287091157e-01 -3.539672656287091157e-01 -3.539672656287091157e-01 -3.539672656287091157e-01
5.800000000000000000e+01 -1.718911951499589030e-01 -1.718911951499589030e-01 -1.718911951499589030e-01 -1.718911951499589030e-01
5.900000000000000000e+01 -2.340044630710653162e-01 -2.340044630710653162e-01 -2.340044630710653162e-01 -2.340044630710653162e-01
6.000000000000000000e+01 -9.267808082719330987e-02 -9.267808082719330987e-02 -9.267808082719330987e-02 -9.267808082719330987e-02
6.100000000000000000e+01 1.900275256830602222e-01 1.900275256830602222e-01 1.900275256830602222e-01 1.900275256830602222e-01
6.200000000000000000e+01 -3.826167145602608899e-02 -3.826167145602608899e-02 -3.826167145602608899e-02 -3.826167145602608899e-02
6.300000000000000000e+01 -1.709207965850403910e-01 -1.709207965850403910e-01 -1.709207965850403910e-01 -1.709207965850403910e-01
6.400000000000000000e+01 -6.527525214046020485e-02 -6.527525214046020485e-02 -6.527525214046020485e-02 -6.527525214046020485e-02
6.500000000000000000e+01 -3.842457972139333156e-01 -3.842457972139333156e-01 -3.842457972139333156e-01 -3.842457972139333156e-01
6.600000000000000000e+01 -1.531827348863785132e-01 -1.531827348863785132e-01 -1.531827348863785132e-01 -1.531827348863785132e-01
6.700000000000000000e+01 -7.676254982830750528e-02 -7.676254982830750528e-02 -7.676254982830750528e-02 -7.676254982830750528e-02
6.800000000000000000e+01 -1.522288222601824725e-01 -1.522288222601824725e-01 -1.522288222601824725e-01 -1.522288222601824725e-01
6.900000000000000000e+01 -1.777573826237957844e-01 -1.777573826237957844e-01 -1.777573826237957844e-01 -1.777573826237957844e-01
7.000000000000000000e+01 1.178315145277387815e-01 1.178315145277387815e-01 1.178315145277387815e-01 1.178315145277387815e-01
7.100000000000000000e+01 -2.646152882629209113e-01 -2.646152882629209113e-01 -2.646152882629209113e-01 -2.646152882629209113e-01
7.200000000000000000e+01 -1.882931394820054893e-01 -1.882931394820054893e-01 -1.882931394820054893e-01 -1.882931394820054893e-01
7.300000000000000000e+01 3.386548162151996333e-02 3.386548162151996333e-02 3.386548162151996333e-02 3.386548162151996333e-02
7.400000000000000000e+01 -8.168338029828568769e-02 -8.168338029828568769e-02 -8.168338029828568769e-02 -8.168338029828568769e-02
7.500000000000000000e+01 -2.727184889052303718e-01 -2.727184889052303718e-01 -2.727184889052303718e-01 -2.727184889052303718e-01
7.600000000000000000e+01 8.524235045254507925e-02 8.524235045254507925e-02 8.524235045254507925e-02 8.524235045254507925e-02
7.700000000000000000e+01 1.123367104232725622e-01 1.123367104232725622e-01 1.123367104232725622e-01 1.123367104232725622e-01
7.800000000000000000e+01 -2.928790985310784217e-02 -2.928790985310784217e-02 -2.928790985310784217e-02 -2.928790985310784217e-02
7.900000000000000000e+01 -1.413647302222768021e-01 -1.413647302222768021e-01 -1.413647302222768021e-01 -1.413647302222768021e-01
8.000000000000000000e+01 -1.862924544849361708e-01 -1.862924544849361708e-01 -1.862924544849361708e-01 -1.862924544849361708e-01
8.100000000000000000e+01 -3.162816899526838671e-02 -3.162816899526838671e-02 -3.162816899526838671e-02 -3.162816899526838671e-02
8.200000000000000000e+01 2.918486827402387920e-02 2.918486827402387920e-02 2.918486827402387920e-02 2.918486827402387920e-02
8.300000000000000000e+01 5.389544872086196592e-02 5.389544872086196592e-02 5.389544872086196592e-02 5.389544872086196592e-02
8.400000000000000000e+01 -2.204947322265144172e-01 -2.204947322265144172e-01 -2.204947322265144172e-01 -2.204947322265144172e-01
8.500000000000000000e+01 9.577680418864076284e-02 9.577680418864076284e-02 9.577680418864076284e-02 9.577680418864076284e-02
8.600000000000000000e+01 -1.120007071357426998e-01 -1.120007071357426998e-01 -1.120007071357426998e-01 -1.120007071357426998e-01
8.700000000000000000e+01 -4.397971621213044302e-01 -4.397971621213044302e-01 -4.397971621213044302e-01 -4.397971621213044302e-01
8.800000000000000000e+01 -4.110865846692588477e-01 -4.110865846692588477e-01 -4.110865846692588477e-01 -4.110865846692588477e-01
8.900000000000000000e+01 -4.978392315333662888e-02 -4.978392315333662888e-02 -4.978392315333662888e-02 -4.978392315333662888e-02
9.000000000000000000e+01 -2.577774500554334547e-01 -2.577774500554334547e-01 -2.577774500554334547e-01 -2.577774500554334547e-01
9.100000000000000000e+01 -2.972109767664569968e-02 -2.972109767664569968e-02 -2.972109767664569968e-02 -2.972109767664569968e-02
9.200000000000000000e+01 -9.594128731264481291e-02 -9.594128731264481291e-02 -9.594128731264481291e-02 -9.594128731264481291e-02
9.300000000000000000e+01 -5.510562581251717829e-01 -5.510562581251717829e-01 -5.510562581251717829e-01 -5.510562581251717829e-01
9.400000000000000000e+01 2.230994275466478480e-02 2.230994275466478480e-02 2.230994275466478480e-02 2.230994275466478480e-02
9.500000000000000000e+01 2.204701743844003359e-01 2.204701743844003359e-01 2.204701743844003359e-01 2.204701743844003359e-01
9.600000000000000000e+01 -1.899058409596999508e-01 -1.899058409596999508e-01 -1.899058409596999508e-01 -1.899058409596999508e-01
9.700000000000000000e+01 -1.604670682766366208e-01 -1.604670682766366208e-01 -1.604670682766366208e-01 -1.604670682766366208e-01
9.800000000000000000e+01 -1.500200488023029077e-01 -1.500200488023029077e-01 -1.500200488023029077e-01 -1.500200488023029077e-01
