0.000000000000000000e+00 -5.326880140038964262e-01 -5.326880140038964262e-01 -5.326880140038964262e-01 -5.326880140038964262e-01
1.000000000000000000e+00 1.521787759111340073e-02 1.521787759111340073e-02 1.521787759111340073e-02 1.521787759111340073e-02
2.000000000000000000e+00 1.214266062745305019e-01 1.214266062745305019e-01 1.214266062745305019e-01 1.214266062745305019e-01
3.000000000000000000e+00 -1.729921749399406794e-01 -1.729921749399406794e-01 -1.729921749399406794e-01 -1.729921749399406794e-01
4.000000000000000000e+00 8.671791961922925562e-02 8.671791961922925562e-02 8.671791961922925562e-02 8.671791961922925562e-02
5.000000000000000000e+00 6.393598297601250924e-02 6.393598297601250924e-02 6.393598297601250924e-02 6.393598297601250924e-02
6.000000000000000000e+00 -4.683524485861392112e-02 -4.683524485861392112e-02 -4.683524485861392112e-02 -4.683524485861392112e-02
7.000000000000000000e+00 -5.252257015431777143e-02 -5.252257015431777143e-02 -5.252257015431777143e-02 -5.252257015431777143e-02
8.000000000000000000e+00 -1.123293857551109776e-01 -1.123293857551109776e-01 -1.123293857551109776e-01 -1.123293857551109776e-01
9.000000000000000000e+00 -1.169897107878948295e-01 -1.169897107878948295e-01 -1.169897107878948295e-01 -1.169897107878948295e-01
1.000000000000000000e+01 9.335024923429881272e-02 9.335024923429881272e-02 9.335024923429881272e-02 9.335024923429881272e-02
1.100000000000000000e+01 -3.698570966843145458e-01 -3.698570966843145458e-01 -3.698570966843145458e-01 -3.698570966843145458e-01
1.200000000000000000e+01 1.757578673898953781e-01 1.757578673898953781e-01 1.757578673898953781e-01 1.757578673898953781e-01
1.300000000000000000e+01 1.518206871524176715e-01 1.518206871524176715e-01 1.518206871524176715e-01 1.518206871524176715e-01
1.400000000000000000e+01 1.884633037303967348e-02 1.884633037303967348e-02 1.884633037303967348e-02 1.884633037303967348e-02
1.500000000000000000e+01 1.242284277951664767e-01 1.242284277951664767e-01 1.242284277951664767e-01 1.242284277951664767e-01
1.600000000000000000e+01 7.095403044462005038e-02 7.095403044462005038e-02 7.095403044462005038e-02 7.095403044462005038e-02
1.700000000000000000e+01 1.052386700654478480e-01 1.052386700654478480e-01 1.052386700654478480e-01 1.052386700654478480e-01
1.800000000000000000e+01 -1.448616047378905591e-01 -1.448616047378905591e-01 -1.448616047378905591e-01 -1.448616047378905591e-01
1.900000000000000000e+01 -9.279894911447821026e-02 -9.279894911447821026e-02 -9.279894911447821026e-02 -9.279894911447821026e-02
2.000000000000000000e+01 6.023706216319195395e-03 6.023706216319195395e-03 6.023706216319195395e-03 6.023706216319195395e-03
2.100000000000000000e+01 4.592314253740460012e-02 4.592314253740460012e-02 4.592314253740460012e-02 4.592314253740460012e-02
2.200000000000000000e+01 6.800601191231246678e-02 6.800601191231246678e-02 6.800601191231246678e-02 6.800601191231246678e-02
2.300000000000000000e+01 4.830122911279385173e-02 4.830122911279385173e-02 4.830122911279385173e-02 4.830122911279385173e-02
2.400000000000000000e+01 9.422757229070859164e-02 9.422757229070859164e-02 9.422757229070859164e-02 9.422757229070859164e-02
2.500000000000000000e+01 -5.947162808238706799e-02 -5.947162808238706799e-02 -5.947162808238706799e-02 -5.947162808238706799e-02
2.600000000000000000e+01 7.386694843419491785e-02 7.386694843419491785e-02 7.386694843419491785e-02 7.386694843419491785e-02
2.700000000000000000e+01 -1.274731573524354733e-01 -1.274731573524354733e-01 -1.274731573524354733e-01 -1.274731573524354733e-01
2.800000000000000000e+01 -3.883805855641146998e-01 -3.883805855641146998e-01 -3.883805855641146998e-01 -3.883805855641146998e-01
2.900000000000000000e+01 -1.701004459459051765e-01 -1.701004459459051765e-01 -1.701004459459051765e-01 -1.701004459459051765e-01
3.000000000000000000e+01 1.686840542368201259e-02 1.686840542368201259e-02 1.686840542368201259e-02 1.686840542368201259e-02
3.100000000000000000e+01 1.491054588597396369e-01 1.491054588597396369e-01 1.491054588597396369e-01 1.491054588597396369e-01
3.200000000000000000e+01 -2.432377524544556552e-02 -2.432377524544556552e-02 -2.432377524544556552e-02 -2.432377524544556552e-02
3.300000000000000000e+01 4.222666509740755081e-02 4.222666509740755081e-02 4.222666509740755081e-02 4.222666509740755081e-02
3.400000000000000000e+01 -2.034426153764886114e-01 -2.034426153764886114e-01 -2.034426153764886114e-01 -2.034426153764886114e-01
3.500000000000000000e+01 5.090822167907978375e-03 5.090822167907978375e-03 5.090822167907978375e-03 5.090822167907978375e-03
3.600000000000000000e+01 -1.342354790049702096e-01 -1.342354790049702096e-01 -1.342354790049702096e-01 -1.342354790049702096e-01
3.700000000000000000e+01 -1.599005975290352100e-01 -1.599005975290352100e-01 -1.599005975290352100e-01 -1.599005975290352100e-01
3.800000000000000000e+01 -7.894737771234444645e-02 -7.894737771234444645e-02 -7.894737771234444645e-02 -7.894737771234444645e-02
3.900000000000000000e+01 -3.501270220756192431e-01 -3.501270220756192431e-01 -3.501270220756192431e-01 -3.501270220756192431e-01
4.000000000000000000e+01 -1.355710360715900176e-01 -1.355710360715900176e-01 -1.355710360715900176e-01 -1.355710360715900176e-01
4.100000000000000000e+01 1.975102672476628518e-01 1.975102672476628518e-01 1.975102672476628518e-01 1.975102672476628518e-01
4.200000000000000000e+01 -2.938627181486404005e-01 -2.938627181486404005e-01 -2.938627181486404005e-01 -2.938627181486404005e-01
4.300000000000000000e+01 -5.158083190149091724e-02 -5.158083190149091724e-02 -5.158083190149091724e-02 -5.158083190149091724e-02
4.400000000000000000e+01 1.807417855112822963e-02 1.807417855112822963e-02 1.807417855112822963e-02 1.807417855112822963e-02
4.500000000000000000e+01 -2.770086631755995787e-01 -2.770086631755995787e-01 -2.770086631755995787e-01 -2.770086631755995787e-01
4.600000000000000000e+01 -1.497889265345609955e-01 -1.497889265345609955e-01 -1.497889265345609955e-01 -1.497889265345609955e-01
4.700000000000000000e+01 3.925238898621018907e-02 3.925238898621018907e-02 3.925238898621018907e-02 3.925238898621018907e-02
4.800000000000000000e+01 -2.687833969174310278e-01 -2.687833969174310278e-01 -2.687833969174310278e-01 -2.687833969174310278e-01
4.900000000000000000e+01 -1.734582565860088577e-01 -1.734582565860088577e-01 -1.734582565860088577e-01 -1.734582565860088577e-01
5.000000000000000000e+01 -3.320229687761105941e-01 -3.320229687761105941e-01 -3.320229687761105941e-01 -3.320229687761105941e-01
5.100000000000000000e+01 -3.750923825335544803e-01 -3.750923825335544803e-01 -3.750923825335544803e-01 -3.750923825335544803e-01
5.200000000000000000e+01 4.000784948045986167e-01 4.000784948045986167e-01 4.000784948045986167e-01 4.000784948045986167e-01
5.300000000000000000e+01 3.775141148825914561e-01 3.775141148825914561e-01 3.775141148825914561e-01 3.775141148825914561e-01
5.400000000000000000e+01 -2.888748881072366048e-01 -2.888748881072366048e-01 -2.888748881072366048e-01 -2.888748881072366048e-01
5.500000000000000000e+01 2.611805180351307043e-01 2.611805180351307043e-01 2.611805180351307043e-01 2.611805180351307043e-01
5.600000000000000000e+01 1.429519238366430967e-01 1.429519238366430967e-01 1.429519238366430967e-01 1.429519238366430967e-01
5.700000000000000000e+01 -9.363820132216170433e-02 -9.363820132216170433e-02 -9.363820132216170433e-02 -9.363820132216170433e-02
5.800000000000000000e+01 -1.790397608299288956e-01 -1.790397608299288956e-01 -1.790397608299288956e-01 -1.790397608299288956e-01
5.900000000000000000e+01 -1.272901984938319686e-01 -1.272901984938319686e-01 -1.272901984938319686e-01 -1.272901984938319686e-01
6.000000000000000000e+01 5.179769688762339563e-03 5.179769688762339563e-03 5.179769688762339563e-03 5.179769688762339563e-03
6.100000000000000000e+01 -2.722283104291580713e-01 -2.722283104291580713e-01 -2.722283104291580713e-01 -2.722283104291580713e-01
6.200000000000000000e+01 -1.036713027498674389e-01 -1.036713027498674389e-01 -1.036713027498674389e-01 -1.036713027498674389e-01
6.300000000000000000e+01 -3.024225781796684998e-01 -3.024225781796684998e-01 -3.024225781796684998e-01 -3.024225781796684998e-01
6.400000000000000000e+01 8.089880306758720496e-02 8.089880306758720496e-02 8.089880306758720496e-02 8.089880306758720496e-02
6.500000000000000000e+01 2.498051051301199976e-01 2.498051051301199976e-01 2.498051051301199976e-01 2.498051051301199976e-01
6.600000000000000000e+01 -2.226631583785605162e-01 -2.226631583785605162e-01 -2.226631583785605162e-01 -2.226631583785605162e-01
6.700000000000000000e+01 -6.803020768687589870e-02 -6.803020768687589870e-02 -6.803020768687589870e-02 -6.803020768687589870e-02
6.800000000000000000e+01 -2.703589720572485353e-02 -2.703589720572485353e-02 -2.703589720572485353e-02 -2.703589720572485353e-02
6.900000000000000000e+01 5.339314923673530583e-02 5.339314923673530583e-02 5.339314923673530583e-02 5.339314923673530583e-02
7.000000000000000000e+01 -1.293627939283915618e-01 -1.293627939283915618e-01 -1.293627939283915618e-01 -1.293627939283915618e-01
7.100000000000000000e+01 6.584063610239875583e-04 6.584063610239875583e-04 6.584063610239875583e-04 6.584063610239875583e-04
7.200000000000000000e+01 -6.293635808021477707e-02 -6.293635808021477707e-02 -6.293635808021477707e-02 -6.293635808021477707e-02
7.300000000000000000e+01 -7.486219846960040503e-02 -7.486219846960040503e-02 -7.486219846960040503e-02 -7.486219846960040503e-02
7.400000000000000000e+01 -2.400071294547832454e-02 -2.400071294547832454e-02 -2.400071294547832454e-02 -2.400071294547832454e-02
7.500000000000000000e+01 -3.563275967812089551e-01 -3.563275967812089551e-01 -3.563275967812089551e-01 -3.563275967812089551e-01
7.600000000000000000e+01 -4.636755773180565449e-02 -4.636755773180565449e-02 -4.636755773180565449e-02 -4.636755773180565449e-02
7.700000000000000000e+01 5.145423757810416165e-02 5.145423757810416165e-02 5.145423757810416165e-02 5.145423757810416165e-02
7.800000000000000000e+01 6.624547187195151121e-02 6.624547187195151121e-02 6.624547187195151121e-02 6.624547187195151121e-02
7.900000000000000000e+01 -9.653561739884909676e-02 -9.653561739884909676e-02 -9.653561739884909676e-02 -9.653561739884909676e-02
8.000000000000000000e+01 -2.791531141605346766e-01 -2.791531141605346766e-01 -2.791531141605346766e-01 -2.791531141605346766e-01
8.100000000000000000e+01 4.557719627255033545e-01 4.557719627255033545e-01 4.557719627255033545e-01 4.557719627255033545e-01
8.200000000000000000e+01 -1.170457541995072737e-01 -1.170457541995072737e-01 -1.170457541995072737e-01 -1.170457541995072737e-01
8.300000000000000000e+01 -2.907199107882725841e-01 -2.907199107882725841e-01 -2.907199107882725841e-01 -2.907199107882725841e-01
8.400000000000000000e+01 2.883923189548588395e-01 2.883923189548588395e-01 2.883923189548588395e-01 2.883923189548588395e-01
8.500000000000000000e+01 -8.304514668688329354e-03 -8.304514668688329354e-03 -8.304514668688329354e-03 -8.304514668688329354e-03
8.600000000000000000e+01 -4.156812227422647388e-02 -4.156812227422647388e-02 -4.156812227422647388e-02 -4.156812227422647388e-02
8.700000000000000000e+01 -5.335916169255598002e-02 -5.335916169255598002e-02 -5.335916169255598002e-02 -5.335916169255598002e-02
8.800000000000000000e+01 3.200214982518920920e-02 3.200214982518920920e-02 3.200214982518920920e-02 3.200214982518920920e-02
8.900000000000000000e+01 9.953201303183636939e-02 9.953201303183636939e-02 9.953201303183636939e-02 9.953201303183636939e-02
9.000000000000000000e+01 -1.834920770620152575e-01 -1.834920770620152575e-01 -1.834920770620152575e-01 -1.834920770620152575e-01
9.100000000000000000e+01 -2.740218013389404961e-01 -2.740218013389404961e-01 -2.740218013389404961e-01 -2.740218013389404961e-01
9.200000000000000000e+01 -7.635303058801873322e-02 -7.635303058801873322e-02 -7.635303058801873322e-02 -7.635303058801873322e-02
9.300000000000000000e+01 -3.617859652231000811e-02 -3.617859652231000811e-02 -3.617859652231000811e-02 -3.617859652231000811e-02
9.400000000000000000e+01 -1.782684532605140204e-01 -1.782684532605140204e-01 -1.782684532605140204e-01 -1.782684532605140204e-01
9.500000000000000000e+01 -7.937062551078418945e-03 -7.937062551078418945e-03 -7.937062551078418945e-03 -7.937062551078418945e-03
9.600000000000000000e+01 -1.766408031063874118e-01 -1.766408031063874118e-01 -1.766408031063874118e-01 -1.766408031063874118e-01
9.700000000000000000e+01 -1.590431281515967965e-01 -1.590431281515967965e-01 -1.590431281515967965e-01 -1.590431281515967965e-01
9.800000000000000000e+01 -7.564672253577178762e-02 -7.564672253577178762e-02 -7.564672253577178762e-02 -7.564672253577178762e-02
9.900000000000000000e+01 -1.518799267720545576e-01 -1.518799267720545576e-01 -1.518799267720545576e-01 -1.518799267720545576e-01
1.000000000000000000e+02 -1.471544190680854070e-02 -1.471544190680854070e-02 -1.471544190680854070e-02 -1.471544190680854070e-02
1.010000000000000000e+02 -4.888046352442437792e-02 -4.888046352442437792e-02 -4.888046352442437792e-02 -4.888046352442437792e-02
1.020000000000000000e+02 3.948965635568237875e-01 3.948965635568237875e-01 3.948965635568237875e-01 3.948965635568237875e-01
1.030000000000000000e+02 -2.554367127602039655e-01 -2.554367127602039655e-01 -2.554367127602039655e-01 -2.554367127602039655e-01
1.040000000000000000e+02 -1.127161171504658665e-01 -1.127161171504658665e-01 -1.127161171504658665e-01 -1.127161171504658665e-01
1.050000000000000000e+02 -1.332476113297332600e-02 -1.332476113297332600e-02 -1.332476113297332600e-02 -1.332476113297332600e-02
1.060000000000000000e+02 -1.261301593718395508e-01 -1.261301593718395508e-01 -1.261301593718395508e-01 -1.261301593718395508e-01
1.070000000000000000e+02 1.625946443151145004e-01 1.625946443151145004e-01 1.625946443151145004e-01 1.625946443151145004e-01
1.080000000000000000e+02 -4.236734888081889472e-01 -4.236734888081889472e-01 -4.236734888081889472e-01 -4.236734888081889472e-01
1.090000000000000000e+02 -8.777084842654085672e-02 -8.777084842654085672e-02 -8.777084842654085672e-02 -8.777084842654085672e-02
1.100000000000000000e+02 5.768275686252766210e-01 5.768275686252766210e-01 5.768275686252766210e-01 5.768275686252766210e-01
1.110000000000000000e+02 -3.825766245752273975e-01 -3.825766245752273975e-01 -3.825766245752273975e-01 -3.825766245752273975e-01
1.120000000000000000e+02 -2.788440960277444591e-01 -2.788440960277444591e-01 -2.788440960277444591e-01 -2.788440960277444591e-01
1.130000000000000000e+02 7.274652107135412549e-02 7.274652107135412549e-02 7.274652107135412549e-02 7.274652107135412549e-02
1.140000000000000000e+02 -8.065497014002365184e-02 -8.065497014002365184e-02 -8.065497014002365184e-02 -8.065497014002365184e-02
1.150000000000000000e+02 3.969946659794796467e-02 3.969946659794796467e-02 3.969946659794796467e-02 3.969946659794796467e-02
1.160000000000000000e+02 -1.393724361157379077e-01 -1.393724361157379077e-01 -1.393724361157379077e-01 -1.393724361157379077e-01
1.170000000000000000e+02 -4.308869572648155871e-02 -4.308869572648155871e-02 -4.308869572648155871e-02 -4.308869572648155871e-02
1.180000000000000000e+02 2.181698293156727475e-01 2.181698293156727475e-01 2.181698293156727475e-01 2.181698293156727475e-01
