0.000000000000000000e+00 -2.360713624605967453e+00 -2.360713624605967453e+00 -2.360713624605967453e+00 -2.360713624605967453e+00
1.000000000000000000e+00 -2.242065279306378667e+00 -2.242065279306378667e+00 -2.242065279306378667e+00 -2.242065279306378667e+00
2.000000000000000000e+00 -1.721835508719233854e+00 -1.721835508719233854e+00 -1.721835508719233854e+00 -1.721835508719233854e+00
3.000000000000000000e+00 -1.364847169664353155e+00 -1.364847169664353155e+00 -1.364847169664353155e+00 -1.364847169664353155e+00
4.000000000000000000e+00 -9.722035524003879159e-01 -9.722035524003879159e-01 -9.722035524003879159e-01 -9.722035524003879159e-01
5.000000000000000000e+00 -9.398357045408222143e-01 -9.398357045408222143e-01 -9.398357045408222143e-01 -9.398357045408222143e-01
6.000000000000000000e+00 -6.202687208071741010e-01 -6.202687208071741010e-01 -6.202687208071741010e-01 -6.202687208071741010e-01
7.000000000000000000e+00 -3.632664590072506305e-01 -3.632664590072506305e-01 -3.632664590072506305e-01 -3.632664590072506305e-01
8.000000000000000000e+00 -2.389992020086449329e-02 -2.389992020086449329e-02 -2.389992020086449329e-02 -2.389992020086449329e-02
9.000000000000000000e+00 -7.715877091862013426e-01 -7.715877091862013426e-01 -7.715877091862013426e-01 -7.715877091862013426e-01
1.000000000000000000e+01 -4.546058002719382540e-01 -4.546058002719382540e-01 -4.546058002719382540e-01 -4.546058002719382540e-01
1.100000000000000000e+01 -8.187068062900356713e-01 -8.187068062900356713e-01 -8.187068062900356713e-01 -8.187068062900356713e-01
1.200000000000000000e+01 -4.276574229422722695e-01 -4.276574229422722695e-01 -4.276574229422722695e-01 -4.276574229422722695e-01
1.300000000000000000e+01 1.838244763762381384e-01 1.838244763762381384e-01 1.838244763762381384e-01 1.838244763762381384e-01
1.400000000000000000e+01 -2.699866072599267641e-02 -2.699866072599267641e-02 -2.699866072599267641e-02 -2.699866072599267641e-02
1.500000000000000000e+01 4.805609621500167017e-01 4.805609621500167017e-01 4.805609621500167017e-01 4.805609621500167017e-01
1.600000000000000000e+01 9.801001556841506535e-01 9.801001556841506535e-01 9.801001556841506535e-01 9.801001556841506535e-01
1.700000000000000000e+01 1.056781990189560760e+00 1.056781990189560760e+00 1.056781990189560760e+00 1.056781990189560760e+00
1.800000000000000000e+01 4.380487599888921446e-01 4.380487599888921446e-01 4.380487599888921446e-01 4.380487599888921446e-01
1.900000000000000000e+01 -1.440816551760266406e-01 -1.440816551760266406e-01 -1.440816551760266406e-01 -1.440816551760266406e-01
2.000000000000000000e+01 6.045410843340367490e-01 6.045410843340367490e-01 6.045410843340367490e-01 6.045410843340367490e-01
2.100000000000000000e+01 7.693565204054135798e-01 7.693565204054135798e-01 7.693565204054135798e-01 7.693565204054135798e-01
2.200000000000000000e+01 5.361411939608988764e-01 5.361411939608988764e-01 5.361411939608988764e-01 5.361411939608988764e-01
2.300000000000000000e+01 1.129106704498697100e+00 1.129106704498697100e+00 1.129106704498697100e+00 1.129106704498697100e+00
2.400000000000000000e+01 7.621034032845049877e-01 7.621034032845049877e-01 7.621034032845049877e-01 7.621034032845049877e-01
2.500000000000000000e+01 8.708055290177744157e-01 8.708055290177744157e-01 8.708055290177744157e-01 8.708055290177744157e-01
2.600000000000000000e+01 8.605718128012255219e-01 8.605718128012255219e-01 8.605718128012255219e-01 8.605718128012255219e-01
2.700000000000000000e+01 5.236851750480425727e-01 5.236851750480425727e-01 5.236851750480425727e-01 5.236851750480425727e-01
2.800000000000000000e+01 -1.981324021810967617e-01 -1.981324021810967617e-01 -1.981324021810967617e-01 -1.981324021810967617e-01
2.900000000000000000e+01 -6.747757399067738637e-02 -6.747757399067738637e-02 -6.747757399067738637e-02 -6.747757399067738637e-02
3.000000000000000000e+01 8.964194341140478695e-02 8.964194341140478695e-02 8.964194341140478695e-02 8.964194341140478695e-02
3.100000000000000000e+01 3.422760668168262077e-01 3.422760668168262077e-01 3.422760668168262077e-01 3.422760668168262077e-01
3.200000000000000000e+01 6.639204875406208295e-01 6.639204875406208295e-01 6.639204875406208295e-01 6.639204875406208295e-01
3.300000000000000000e+01 9.894654335456410932e-01 9.894654335456410932e-01 9.894654335456410932e-01 9.894654335456410932e-01
3.400000000000000000e+01 1.148841747845318562e+00 1.148841747845318562e+00 1.148841747845318562e+00 1.148841747845318562e+00
3.500000000000000000e+01 1.277995285503704670e+00 1.277995285503704670e+00 1.277995285503704670e+00 1.277995285503704670e+00
3.600000000000000000e+01 1.269189369692917291e+00 1.269189369692917291e+00 1.269189369692917291e+00 1.269189369692917291e+00
3.700000000000000000e+01 1.345098857689409177e+00 1.345098857689409177e+00 1.345098857689409177e+00 1.345098857689409177e+00
3.800000000000000000e+01 1.279493131361237657e+00 1.279493131361237657e+00 1.279493131361237657e+00 1.279493131361237657e+00
3.900000000000000000e+01 2.769801880525612603e+00 2.769801880525612603e+00 2.769801880525612603e+00 2.769801880525612603e+00
4.000000000000000000e+01 1.096270527018955221e+00 1.096270527018955221e+00 1.096270527018955221e+00 1.096270527018955221e+00
4.100000000000000000e+01 9.143292139255839723e-01 9.143292139255839723e-01 9.143292139255839723e-01 9.143292139255839723e-01
4.200000000000000000e+01 1.790757541499372163e+00 1.790757541499372163e+00 1.790757541499372163e+00 1.790757541499372163e+00
4.300000000000000000e+01 1.137512273373212146e+00 1.137512273373212146e+00 1.137512273373212146e+00 1.137512273373212146e+00
4.400000000000000000e+01 7.700281157344779359e-01 7.700281157344779359e-01 7.700281157344779359e-01 7.700281157344779359e-01
4.500000000000000000e+01 9.439883514919805707e-01 9.439883514919805707e-01 9.439883514919805707e-01 9.439883514919805707e-01
4.600000000000000000e+01 9.035405920491769161e-01 9.035405920491769161e-01 9.035405920491769161e-01 9.035405920491769161e-01
4.700000000000000000e+01 8.777060721872700366e-01 8.777060721872700366e-01 8.777060721872700366e-01 8.777060721872700366e-01
4.800000000000000000e+01 9.055511625106318352e-01 9.055511625106318352e-01 9.055511625106318352e-01 9.055511625106318352e-01
4.900000000000000000e+01 1.167357422875453077e+00 1.167357422875453077e+00 1.167357422875453077e+00 1.167357422875453077e+00
5.000000000000000000e+01 1.053063939026378071e+00 1.053063939026378071e+00 1.053063939026378071e+00 1.053063939026378071e+00
5.100000000000000000e+01 7.939084082345605475e-01 7.939084082345605475e-01 7.939084082345605475e-01 7.939084082345605475e-01
5.200000000000000000e+01 1.320530826869038110e+00 1.320530826869038110e+00 1.320530826869038110e+00 1.320530826869038110e+00
5.300000000000000000e+01 1.586879392998035376e+00 1.586879392998035376e+00 1.586879392998035376e+00 1.586879392998035376e+00
5.400000000000000000e+01 1.806290359346218066e+00 1.806290359346218066e+00 1.806290359346218066e+00 1.806290359346218066e+00
5.500000000000000000e+01 1.913950678250198711e+00 1.913950678250198711e+00 1.913950678250198711e+00 1.913950678250198711e+00
5.600000000000000000e+01 2.112842480842407777e+00 2.112842480842407777e+00 2.112842480842407777e+00 2.112842480842407777e+00
5.700000000000000000e+01 2.016244789899644729e+00 2.016244789899644729e+00 2.016244789899644729e+00 2.016244789899644729e+00
5.800000000000000000e+01 1.981731154348355561e+00 1.981731154348355561e+00 1.981731154348355561e+00 1.981731154348355561e+00
5.900000000000000000e+01 1.853622750070686553e+00 1.853622750070686553e+00 1.853622750070686553e+00 1.853622750070686553e+00
6.000000000000000000e+01 1.726693477051264525e+00 1.726693477051264525e+00 1.726693477051264525e+00 1.726693477051264525e+00
6.100000000000000000e+01 2.079331775503910240e+00 2.079331775503910240e+00 2.079331775503910240e+00 2.079331775503910240e+00
6.200000000000000000e+01 1.825302656954093772e+00 1.825302656954093772e+00 1.825302656954093772e+00 1.825302656954093772e+00
6.300000000000000000e+01 3.534190825826969973e-01 3.534190825826969973e-01 3.534190825826969973e-01 3.534190825826969973e-01
6.400000000000000000e+01 2.033667738182276530e+00 2.033667738182276530e+00 2.033667738182276530e+00 2.033667738182276530e+00
6.500000000000000000e+01 1.747755123734132665e+00 1.747755123734132665e+00 1.747755123734132665e+00 1.747755123734132665e+00
6.600000000000000000e+01 2.016420277856226129e+00 2.016420277856226129e+00 2.016420277856226129e+00 2.016420277856226129e+00
6.700000000000000000e+01 1.588443224709753965e+00 1.588443224709753965e+00 1.588443224709753965e+00 1.588443224709753965e+00
6.800000000000000000e+01 1.502627906375485489e+00 1.502627906375485489e+00 1.502627906375485489e+00 1.502627906375485489e+00
6.900000000000000000e+01 1.970791166315619680e+00 1.970791166315619680e+00 1.970791166315619680e+00 1.970791166315619680e+00
7.000000000000000000e+01 1.602282293041905392e+00 1.602282293041905392e+00 1.602282293041905392e+00 1.602282293041905392e+00
7.100000000000000000e+01 1.745756145602771481e+00 1.745756145602771481e+00 1.745756145602771481e+00 1.745756145602771481e+00
7.200000000000000000e+01 1.953311925879537059e+00 1.953311925879537059e+00 1.953311925879537059e+00 1.953311925879537059e+00
7.300000000000000000e+01 2.315635142323320128e+00 2.315635142323320128e+00 2.315635142323320128e+00 2.315635142323320128e+00
7.400000000000000000e+01 2.519255127043088294e+00 2.519255127043088294e+00 2.519255127043088294e+00 2.519255127043088294e+00
7.500000000000000000e+01 2.664537785285938210e+00 2.664537785285938210e+00 2.664537785285938210e+00 2.664537785285938210e+00
7.600000000000000000e+01 2.603489991352484711e+00 2.603489991352484711e+00 2.603489991352484711e+00 2.603489991352484711e+00
7.700000000000000000e+01 2.378948918816471636e+00 2.378948918816471636e+00 2.378948918816471636e+00 2.378948918816471636e+00
7.800000000000000000e+01 2.240560068071216993e+00 2.240560068071216993e+00 2.240560068071216993e+00 2.240560068071216993e+00
7.900000000000000000e+01 1.823672079977402882e+00 1.823672079977402882e+00 1.823672079977402882e+00 1.823672079977402882e+00
8.000000000000000000e+01 1.943545643856841254e+00 1.943545643856841254e+00 1.943545643856841254e+00 1.943545643856841254e+00
8.100000000000000000e+01 1.969504668478918807e+00 1.969504668478918807e+00 1.969504668478918807e+00 1.969504668478918807e+00
8.200000000000000000e+01 1.962796538373027255e+00 1.962796538373027255e+00 1.962796538373027255e+00 1.962796538373027255e+00
8.300000000000000000e+01 2.115280751637369061e+00 2.115280751637369061e+00 2.115280751637369061e+00 2.115280751637369061e+00
8.400000000000000000e+01 1.840476164488843658e+00 1.840476164488843658e+00 1.840476164488843658e+00 1.840476164488843658e+00
8.500000000000000000e+01 1.808792455203874550e+00 1.808792455203874550e+00 1.808792455203874550e+00 1.808792455203874550e+00
8.600000000000000000e+01 1.872672087945480124e+00 1.872672087945480124e+00 1.872672087945480124e+00 1.872672087945480124e+00
8.700000000000000000e+01 1.528419231054049421e+00 1.528419231054049421e+00 1.528419231054049421e+00 1.528419231054049421e+00
8.800000000000000000e+01 1.362976832619593459e+00 1.362976832619593459e+00 1.362976832619593459e+00 1.362976832619593459e+00
8.900000000000000000e+01 1.596939768684249472e+00 1.596939768684249472e+00 1.596939768684249472e+00 1.596939768684249472e+00
9.000000000000000000e+01 1.921604107047129029e+00 1.921604107047129029e+00 1.921604107047129029e+00 1.921604107047129029e+00
9.100000000000000000e+01 2.553708950570759306e+00 2.553708950570759306e+00 2.553708950570759306e+00 2.553708950570759306e+00
9.200000000000000000e+01 2.674012166044954064e+00 2.674012166044954064e+00 2.674012166044954064e+00 2.674012166044954064e+00
9.300000000000000000e+01 2.925440817606802746e+00 2.925440817606802746e+00 2.925440817606802746e+00 2.925440817606802746e+00
9.400000000000000000e+01 2.515562288726665763e+00 2.515562288726665763e+00 2.515562288726665763e+00 2.515562288726665763e+00
9.500000000000000000e+01 2.291959974186383864e+00 2.291959974186383864e+00 2.291959974186383864e+00 2.291959974186383864e+00
9.600000000000000000e+01 1.893093816384576522e+00 1.893093816384576522e+00 1.893093816384576522e+00 1.893093816384576522e+00
9.700000000000000000e+01 1.758772549988754541e+00 1.758772549988754541e+00 1.758772549988754541e+00 1.758772549988754541e+00
9.800000000000000000e+01 1.723666516956424699e+00 1.723666516956424699e+00 1.723666516956424699e+00 1.723666516956424699e+00
9.900000000000000000e+01 1.394001097444155679e+00 1.394001097444155679e+00 1.394001097444155679e+00 1.394001097444155679e+00
