0.000000000000000000e+00 7.042139264928072295e-01 7.042139264928072295e-01 7.042139264928072295e-01 7.042139264928072295e-01
1.000000000000000000e+00 8.896734281419458323e-01 8.896734281419458323e-01 8.896734281419458323e-01 8.896734281419458323e-01
2.000000000000000000e+00 9.350893127769123181e-01 9.350893127769123181e-01 9.350893127769123181e-01 9.350893127769123181e-01
3.000000000000000000e+00 5.359840206469497215e-01 5.359840206469497215e-01 5.359840206469497215e-01 5.359840206469497215e-01
4.000000000000000000e+00 3.998290218685661146e-01 3.998290218685661146e-01 3.998290218685661146e-01 3.998290218685661146e-01
5.000000000000000000e+00 6.786769477347449619e-01 6.786769477347449619e-01 6.786769477347449619e-01 6.786769477347449619e-01
6.000000000000000000e+00 -1.397355935007188743e-01 -1.397355935007188743e-01 -1.397355935007188743e-01 -1.397355935007188743e-01
7.000000000000000000e+00 1.812024296812499435e-01 1.812024296812499435e-01 1.812024296812499435e-01 1.812024296812499435e-01
8.000000000000000000e+00 -1.161889071520731065e+00 -1.161889071520731065e+00 -1.161889071520731065e+00 -1.161889071520731065e+00
9.000000000000000000e+00 -1.940899086810404128e+00 -1.940899086810404128e+00 -1.940899086810404128e+00 -1.940899086810404128e+00
1.000000000000000000e+01 -2.133804316152812852e+00 -2.133804316152812852e+00 -2.133804316152812852e+00 -2.133804316152812852e+00
1.100000000000000000e+01 -1.933393683163554311e+00 -1.933393683163554311e+00 -1.933393683163554311e+00 -1.933393683163554311e+00
1.200000000000000000e+01 -1.336336343240426494e+00 -1.336336343240426494e+00 -1.336336343240426494e+00 -1.336336343240426494e+00
1.300000000000000000e+01 -1.365689158298912576e+00 -1.365689158298912576e+00 -1.365689158298912576e+00 -1.365689158298912576e+00
1.400000000000000000e+01 -1.217433187497320768e+00 -1.217433187497320768e+00 -1.217433187497320768e+00 -1.217433187497320768e+00
1.500000000000000000e+01 -9.463013999568619106e-01 -9.463013999568619106e-01 -9.463013999568619106e-01 -9.463013999568619106e-01
1.600000000000000000e+01 -5.784515815511686032e-01 -5.784515815511686032e-01 -5.784515815511686032e-01 -5.784515815511686032e-01
1.700000000000000000e+01 -2.772800344855981258e-01 -2.772800344855981258e-01 -2.772800344855981258e-01 -2.772800344855981258e-01
1.800000000000000000e+01 -8.938765288492082906e-02 -8.938765288492082906e-02 -8.938765288492082906e-02 -8.938765288492082906e-02
1.900000000000000000e+01 -1.396413291221211828e-01 -1.396413291221211828e-01 -1.396413291221211828e-01 -1.396413291221211828e-01
2.000000000000000000e+01 -3.380826257462200002e-01 -3.380826257462200002e-01 -3.380826257462200002e-01 -3.380826257462200002e-01
2.100000000000000000e+01 -1.800463171779364269e-01 -1.800463171779364269e-01 -1.800463171779364269e-01 -1.800463171779364269e-01
2.200000000000000000e+01 3.589061650261322622e-01 3.589061650261322622e-01 3.589061650261322622e-01 3.589061650261322622e-01
2.300000000000000000e+01 6.811824084542408841e-02 6.811824084542408841e-02 6.811824084542408841e-02 6.811824084542408841e-02
2.400000000000000000e+01 -2.162294975664449115e-01 -2.162294975664449115e-01 -2.162294975664449115e-01 -2.162294975664449115e-01
2.500000000000000000e+01 -8.419635862871370502e-02 -8.419635862871370502e-02 -8.419635862871370502e-02 -8.419635862871370502e-02
2.600000000000000000e+01 -3.771704076606183231e-01 -3.771704076606183231e-01 -3.771704076606183231e-01 -3.771704076606183231e-01
2.700000000000000000e+01 -4.118955855150584489e-01 -4.118955855150584489e-01 -4.118955855150584489e-01 -4.118955855150584489e-01
2.800000000000000000e+01 -2.669778482972621769e-01 -2.669778482972621769e-01 -2.669778482972621769e-01 -2.669778482972621769e-01
2.900000000000000000e+01 -4.860463590507135834e-01 -4.860463590507135834e-01 -4.860463590507135834e-01 -4.860463590507135834e-01
3.000000000000000000e+01 -3.209892860881411458e-01 -3.209892860881411458e-01 -3.209892860881411458e-01 -3.209892860881411458e-01
3.100000000000000000e+01 -7.357985650520646459e-01 -7.357985650520646459e-01 -7.357985650520646459e-01 -7.357985650520646459e-01
3.200000000000000000e+01 -6.929457102835338000e-01 -6.929457102835338000e-01 -6.929457102835338000e-01 -6.929457102835338000e-01
3.300000000000000000e+01 -7.928891090331516844e-01 -7.928891090331516844e-01 -7.928891090331516844e-01 -7.928891090331516844e-01
3.400000000000000000e+01 -7.250281421935548254e-01 -7.250281421935548254e-01 -7.250281421935548254e-01 -7.250281421935548254e-01
3.500000000000000000e+01 -8.396368494092987245e-01 -8.396368494092987245e-01 -8.396368494092987245e-01 -8.396368494092987245e-01
3.600000000000000000e+01 -8.125172599188689171e-01 -8.125172599188689171e-01 -8.125172599188689171e-01 -8.125172599188689171e-01
3.700000000000000000e+01 -5.569416842032963721e-01 -5.569416842032963721e-01 -5.569416842032963721e-01 -5.569416842032963721e-01
3.800000000000000000e+01 -4.335344835738885183e-01 -4.335344835738885183e-01 -4.335344835738885183e-01 -4.335344835738885183e-01
3.900000000000000000e+01 -5.065744322376727338e-01 -5.065744322376727338e-01 -5.065744322376727338e-01 -5.065744322376727338e-01
4.000000000000000000e+01 -4.779341101269254377e-01 -4.779341101269254377e-01 -4.779341101269254377e-01 -4.779341101269254377e-01
4.100000000000000000e+01 -7.232187244843567564e-01 -7.232187244843567564e-01 -7.232187244843567564e-01 -7.232187244843567564e-01
4.200000000000000000e+01 -7.076617671770263351e-01 -7.076617671770263351e-01 -7.076617671770263351e-01 -7.076617671770263351e-01
4.300000000000000000e+01 -6.639873027134202133e-01 -6.639873027134202133e-01 -6.639873027134202133e-01 -6.639873027134202133e-01
4.400000000000000000e+01 -6.184661000034399336e-01 -6.184661000034399336e-01 -6.184661000034399336e-01 -6.184661000034399336e-01
4.500000000000000000e+01 -6.137476352515099931e-01 -6.137476352515099931e-01 -6.137476352515099931e-01 -6.137476352515099931e-01
4.600000000000000000e+01 -4.999073308575383012e-01 -4.999073308575383012e-01 -4.999073308575383012e-01 -4.999073308575383012e-01
4.700000000000000000e+01 -4.028805348227891825e-01 -4.028805348227891825e-01 -4.028805348227891825e-01 -4.028805348227891825e-01
4.800000000000000000e+01 -2.754688736117367198e-01 -2.754688736117367198e-01 -2.754688736117367198e-01 -2.754688736117367198e-01
4.900000000000000000e+01 -5.100248546508808767e-01 -5.100248546508808767e-01 -5.100248546508808767e-01 -5.100248546508808767e-01
5.000000000000000000e+01 -3.396829295908528890e-01 -3.396829295908528890e-01 -3.396829295908528890e-01 -3.396829295908528890e-01
5.100000000000000000e+01 -4.425942931287165094e-01 -4.425942931287165094e-01 -4.425942931287165094e-01 -4.425942931287165094e-01
5.200000000000000000e+01 -4.525353395173267734e-01 -4.525353395173267734e-01 -4.525353395173267734e-01 -4.525353395173267734e-01
5.300000000000000000e+01 -3.118513362189108129e-01 -3.118513362189108129e-01 -3.118513362189108129e-01 -3.118513362189108129e-01
5.400000000000000000e+01 -6.306707398129018927e-01 -6.306707398129018927e-01 -6.306707398129018927e-01 -6.306707398129018927e-01
5.500000000000000000e+01 -4.518967311767256856e-01 -4.518967311767256856e-01 -4.518967311767256856e-01 -4.518967311767256856e-01
5.600000000000000000e+01 -6.948845169969308788e-01 -6.948845169969308788e-01 -6.948845169969308788e-01 -6.948845169969308788e-01
5.700000000000000000e+01 -5.009275553840523143e-01 -5.009275553840523143e-01 -5.009275553840523143e-01 -5.009275553840523143e-01
5.800000000000000000e+01 -4.314248723949760667e-01 -4.314248723949760667e-01 -4.314248723949760667e-01 -4.314248723949760667e-01
5.900000000000000000e+01 -4.490306504537584509e-01 -4.490306504537584509e-01 -4.490306504537584509e-01 -4.490306504537584509e-01
6.000000000000000000e+01 -6.983055966402912373e-01 -6.983055966402912373e-01 -6.983055966402912373e-01 -6.983055966402912373e-01
6.100000000000000000e+01 -3.826489665046831634e-01 -3.826489665046831634e-01 -3.826489665046831634e-01 -3.826489665046831634e-01
6.200000000000000000e+01 -4.704666345320390186e-01 -4.704666345320390186e-01 -4.704666345320390186e-01 -4.704666345320390186e-01
6.300000000000000000e+01 -1.630981530965563697e-01 -1.630981530965563697e-01 -1.630981530965563697e-01 -1.630981530965563697e-01
6.400000000000000000e+01 -5.250451339025842268e-01 -5.250451339025842268e-01 -5.250451339025842268e-01 -5.250451339025842268e-01
6.500000000000000000e+01 -2.307666534367345812e-01 -2.307666534367345812e-01 -2.307666534367345812e-01 -2.307666534367345812e-01
6.600000000000000000e+01 -3.540800451618365541e-01 -3.540800451618365541e-01 -3.540800451618365541e-01 -3.540800451618365541e-01
6.700000000000000000e+01 -4.358056343708249236e-01 -4.358056343708249236e-01 -4.358056343708249236e-01 -4.358056343708249236e-01
6.800000000000000000e+01 -6.602452111133891854e-01 -6.602452111133891854e-01 -6.602452111133891854e-01 -6.602452111133891854e-01
6.900000000000000000e+01 -4.998824601855604288e-01 -4.998824601855604288e-01 -4.998824601855604288e-01 -4.998824601855604288e-01
7.000000000000000000e+01 -3.692864777339453508e-01 -3.692864777339453508e-01 -3.692864777339453508e-01 -3.692864777339453508e-01
7.100000000000000000e+01 -5.748605799516742776e-01 -5.748605799516742776e-01 -5.748605799516742776e-01 -5.748605799516742776e-01
7.200000000000000000e+01 -5.897435884003998652e-01 -5.897435884003998652e-01 -5.897435884003998652e-01 -5.897435884003998652e-01
7.300000000000000000e+01 -7.151985177328351595e-01 -7.151985177328351595e-01 -7.151985177328351595e-01 -7.151985177328351595e-01
7.400000000000000000e+01 -4.300864330748055409e-01 -4.300864330748055409e-01 -4.300864330748055409e-01 -4.300864330748055409e-01
7.500000000000000000e+01 -6.009743486267005164e-01 -6.009743486267005164e-01 -6.009743486267005164e-01 -6.009743486267005164e-01
7.600000000000000000e+01 -1.764868076441015732e-01 -1.764868076441015732e-01 -1.764868076441015732e-01 -1.764868076441015732e-01
7.700000000000000000e+01 -5.152746414251625495e-01 -5.152746414251625495e-01 -5.152746414251625495e-01 -5.152746414251625495e-01
7.800000000000000000e+01 -6.763695682247384822e-01 -6.763695682247384822e-01 -6.763695682247384822e-01 -6.763695682247384822e-01
7.900000000000000000e+01 -6.559920815015886086e-01 -6.559920815015886086e-01 -6.559920815015886086e-01 -6.559920815015886086e-01
8.000000000000000000e+01 -5.055341469556363654e-01 -5.055341469556363654e-01 -5.055341469556363654e-01 -5.055341469556363654e-01
8.100000000000000000e+01 -4.323823204520316210e-01 -4.323823204520316210e-01 -4.323823204520316210e-01 -4.323823204520316210e-01
8.200000000000000000e+01 -5.798722163591812917e-01 -5.798722163591812917e-01 -5.798722163591812917e-01 -5.798722163591812917e-01
8.300000000000000000e+01 -4.196045097545182401e-01 -4.196045097545182401e-01 -4.196045097545182401e-01 -4.196045097545182401e-01
8.400000000000000000e+01 -4.385438570581973172e-01 -4.385438570581973172e-01 -4.385438570581973172e-01 -4.385438570581973172e-01
8.500000000000000000e+01 -5.615883774775674020e-01 -5.615883774775674020e-01 -5.615883774775674020e-01 -5.615883774775674020e-01
8.600000000000000000e+01 -1.090689555341965294e-01 -1.090689555341965294e-01 -1.090689555341965294e-01 -1.090689555341965294e-01
8.700000000000000000e+01 -4.426004478413159693e-01 -4.426004478413159693e-01 -4.426004478413159693e-01 -4.426004478413159693e-01
8.800000000000000000e+01 -6.413320349664699549e-01 -6.413320349664699549e-01 -6.413320349664699549e-01 -6.413320349664699549e-01
8.900000000000000000e+01 -1.797512135051727022e-01 -1.797512135051727022e-01 -1.797512135051727022e-01 -1.797512135051727022e-01
9.000000000000000000e+01 -3.840125903198177704e-01 -3.840125903198177704e-01 -3.840125903198177704e-01 -3.840125903198177704e-01
9.100000000000000000e+01 -4.026627136218635661e-01 -4.026627136218635661e-01 -4.026627136218635661e-01 -4.026627136218635661e-01
9.200000000000000000e+01 -2.446472071557402039e-01 -2.446472071557402039e-01 -2.446472071557402039e-01 -2.446472071557402039e-01
9.300000000000000000e+01 -6.077512056954323949e-01 -6.077512056954323949e-01 -6.077512056954323949e-01 -6.077512056954323949e-01
9.400000000000000000e+01 -1.993972116175184439e-01 -1.993972116175184439e-01 -1.993972116175184439e-01 -1.993972116175184439e-01
9.500000000000000000e+01 -3.234776065965654923e-01 -3.234776065965654923e-01 -3.234776065965654923e-01 -3.234776065965654923e-01
9.600000000000000000e+01 -4.475220900355027509e-01 -4.475220900355027509e-01 -4.475220900355027509e-01 -4.475220900355027509e-01
9.700000000000000000e+01 -4.462561347237530840e-01 -4.462561347237530840e-01 -4.462561347237530840e-01 -4.462561347237530840e-01
9.800000000000000000e+01 -2.452688293341332426e-01 -2.452688293341332426e-01 -2.452688293341332426e-01 -2.452688293341332426e-01
9.900000000000000000e+01 -3.300037891787430816e-02 -3.300037891787430816e-02 -3.300037891787430816e-02 -3.300037891787430816e-02
1.000000000000000000e+02 -3.648456449443259753e-01 -3.648456449443259753e-01 -3.648456449443259753e-01 -3.648456449443259753e-01
1.010000000000000000e+02 -6.617585375149488414e-01 -6.617585375149488414e-01 -6.617585375149488414e-01 -6.617585375149488414e-01
1.020000000000000000e+02 -3.422205838754829865e-01 -3.422205838754829865e-01 -3.422205838754829865e-01 -3.422205838754829865e-01
1.030000000000000000e+02 2.504329273423295255e-01 2.504329273423295255e-01 2.504329273423295255e-01 2.504329273423295255e-01
1.040000000000000000e+02 -6.766158319561547119e-01 -6.766158319561547119e-01 -6.766158319561547119e-01 -6.766158319561547119e-01
1.050000000000000000e+02 -2.203937690072098610e-01 -2.203937690072098610e-01 -2.203937690072098610e-01 -2.203937690072098610e-01
1.060000000000000000e+02 -6.801745836265131739e-01 -6.801745836265131739e-01 -6.801745836265131739e-01 -6.801745836265131739e-01
1.070000000000000000e+02 -3.821360677039370435e-01 -3.821360677039370435e-01 -3.821360677039370435e-01 -3.821360677039370435e-01
1.080000000000000000e+02 -7.221740394635449700e-01 -7.221740394635449700e-01 -7.221740394635449700e-01 -7.221740394635449700e-01
1.090000000000000000e+02 -7.482723128889382826e-03 -7.482723128889382826e-03 -7.482723128889382826e-03 -7.482723128889382826e-03
1.100000000000000000e+02 -1.345852998786039312e-01 -1.345852998786039312e-01 -1.345852998786039312e-01 -1.345852998786039312e-01
1.110000000000000000e+02 -4.586561980372175773e-01 -4.586561980372175773e-01 -4.586561980372175773e-01 -4.586561980372175773e-01
1.120000000000000000e+02 -3.825428513514848583e-01 -3.825428513514848583e-01 -3.825428513514848583e-01 -3.825428513514848583e-01
1.130000000000000000e+02 -3.682459139761045663e-01 -3.682459139761045663e-01 -3.682459139761045663e-01 -3.682459139761045663e-01
1.140000000000000000e+02 -1.200081143784176990e-01 -1.200081143784176990e-01 -1.200081143784176990e-01 -1.200081143784176990e-01
1.150000000000000000e+02 -4.498145505130265454e-01 -4.498145505130265454e-01 -4.498145505130265454e-01 -4.498145505130265454e-01
1.160000000000000000e+02 -1.076689320268658934e+00 -1.076689320268658934e+00 -1.076689320268658934e+00 -1.076689320268658934e+00
1.170000000000000000e+02 -1.745599723537399672e+00 -1.745599723537399672e+00 -1.745599723537399672e+00 -1.745599723537399672e+00
1.180000000000000000e+02 -2.330033098802078317e+00 -2.330033098802078317e+00 -2.330033098802078317e+00 -2.330033098802078317e+00
1.190000000000000000e+02 -3.072968539960502898e+00 -3.072968539960502898e+00 -3.072968539960502898e+00 -3.072968539960502898e+00
