0.000000000000000000e+00 -3.267008579451447403e+00 -3.267008579451447403e+00 -3.267008579451447403e+00 -3.267008579451447403e+00
1.000000000000000000e+00 -2.041072489595849415e+00 -2.041072489595849415e+00 -2.041072489595849415e+00 -2.041072489595849415e+00
2.000000000000000000e+00 -2.354246565325564866e+00 -2.354246565325564866e+00 -2.354246565325564866e+00 -2.354246565325564866e+00
3.000000000000000000e+00 -2.443920687184426122e+00 -2.443920687184426122e+00 -2.443920687184426122e+00 -2.443920687184426122e+00
4.000000000000000000e+00 -2.009199715797394425e+00 -2.009199715797394425e+00 -2.009199715797394425e+00 -2.009199715797394425e+00
5.000000000000000000e+00 -2.393465170317778057e+00 -2.393465170317778057e+00 -2.393465170317778057e+00 -2.393465170317778057e+00
6.000000000000000000e+00 -1.326832286424147078e+00 -1.326832286424147078e+00 -1.326832286424147078e+00 -1.326832286424147078e+00
7.000000000000000000e+00 -1.261633921757453036e+00 -1.261633921757453036e+00 -1.261633921757453036e+00 -1.261633921757453036e+00
8.000000000000000000e+00 -1.127342496855932685e+00 -1.127342496855932685e+00 -1.127342496855932685e+00 -1.127342496855932685e+00
9.000000000000000000e+00 -6.794831309998913271e-01 -6.794831309998913271e-01 -6.794831309998913271e-01 -6.794831309998913271e-01
1.000000000000000000e+01 -1.446125619168772136e+00 -1.446125619168772136e+00 -1.446125619168772136e+00 -1.446125619168772136e+00
1.100000000000000000e+01 -1.199981153882722751e+00 -1.199981153882722751e+00 -1.199981153882722751e+00 -1.199981153882722751e+00
1.200000000000000000e+01 -1.487793377085661062e+00 -1.487793377085661062e+00 -1.487793377085661062e+00 -1.487793377085661062e+00
1.300000000000000000e+01 -1.320374910533417712e+00 -1.320374910533417712e+00 -1.320374910533417712e+00 -1.320374910533417712e+00
1.400000000000000000e+01 -1.557993049491245285e+00 -1.557993049491245285e+00 -1.557993049491245285e+00 -1.557993049491245285e+00
1.500000000000000000e+01 -1.474051423759952462e+00 -1.474051423759952462e+00 -1.474051423759952462e+00 -1.474051423759952462e+00
1.600000000000000000e+01 -1.892601116425696173e+00 -1.892601116425696173e+00 -1.892601116425696173e+00 -1.892601116425696173e+00
1.700000000000000000e+01 -1.073198392726172123e+00 -1.073198392726172123e+00 -1.073198392726172123e+00 -1.073198392726172123e+00
1.800000000000000000e+01 -1.834878476838094130e+00 -1.834878476838094130e+00 -1.834878476838094130e+00 -1.834878476838094130e+00
1.900000000000000000e+01 -1.657688038934705954e+00 -1.657688038934705954e+00 -1.657688038934705954e+00 -1.657688038934705954e+00
2.000000000000000000e+01 -1.089223986007445522e+00 -1.089223986007445522e+00 -1.089223986007445522e+00 -1.089223986007445522e+00
2.100000000000000000e+01 -1.342134650956377406e+00 -1.342134650956377406e+00 -1.342134650956377406e+00 -1.342134650956377406e+00
2.200000000000000000e+01 -4.321247517843349595e-01 -4.321247517843349595e-01 -4.321247517843349595e-01 -4.321247517843349595e-01
2.300000000000000000e+01 -1.415409589029046344e+00 -1.415409589029046344e+00 -1.415409589029046344e+00 -1.415409589029046344e+00
2.400000000000000000e+01 -2.616184598482166335e-01 -2.616184598482166335e-01 -2.616184598482166335e-01 -2.616184598482166335e-01
2.500000000000000000e+01 -5.071956940949403636e-01 -5.071956940949403636e-01 -5.071956940949403636e-01 -5.071956940949403636e-01
2.600000000000000000e+01 -8.455622460239587967e-01 -8.455622460239587967e-01 -8.455622460239587967e-01 -8.455622460239587967e-01
2.700000000000000000e+01 1.244560357861816263e-01 1.244560357861816263e-01 1.244560357861816263e-01 1.244560357861816263e-01
2.800000000000000000e+01 -5.529403336145015668e-01 -5.529403336145015668e-01 -5.529403336145015668e-01 -5.529403336145015668e-01
2.900000000000000000e+01 -4.252050464634908877e-01 -4.252050464634908877e-01 -4.252050464634908877e-01 -4.252050464634908877e-01
3.000000000000000000e+01 -3.015644353269104072e-01 -3.015644353269104072e-01 -3.015644353269104072e-01 -3.015644353269104072e-01
3.100000000000000000e+01 -4.528056951262895979e-01 -4.528056951262895979e-01 -4.528056951262895979e-01 -4.528056951262895979e-01
3.200000000000000000e+01 -9.932031507389689484e-02 -9.932031507389689484e-02 -9.932031507389689484e-02 -9.932031507389689484e-02
3.300000000000000000e+01 -1.192522245105721135e+00 -1.192522245105721135e+00 -1.192522245105721135e+00 -1.192522245105721135e+00
3.400000000000000000e+01 -6.676881946637228671e-01 -6.676881946637228671e-01 -6.676881946637228671e-01 -6.676881946637228671e-01
3.500000000000000000e+01 3.640900036801029971e-02 3.640900036801029971e-02 3.640900036801029971e-02 3.640900036801029971e-02
3.600000000000000000e+01 -1.037873561930426680e+00 -1.037873561930426680e+00 -1.037873561930426680e+00 -1.037873561930426680e+00
3.700000000000000000e+01 1.942150526829271029e-01 1.942150526829271029e-01 1.942150526829271029e-01 1.942150526829271029e-01
3.800000000000000000e+01 -5.980530602385386585e-01 -5.980530602385386585e-01 -5.980530602385386585e-01 -5.980530602385386585e-01
3.900000000000000000e+01 4.493923531989591630e-03 4.493923531989591630e-03 4.493923531989591630e-03 4.493923531989591630e-03
4.000000000000000000e+01 -1.313964023920087598e+00 -1.313964023920087598e+00 -1.313964023920087598e+00 -1.313964023920087598e+00
4.100000000000000000e+01 -8.021140489220656145e-01 -8.021140489220656145e-01 -8.021140489220656145e-01 -8.021140489220656145e-01
4.200000000000000000e+01 -1.751786923115666583e-01 -1.751786923115666583e-01 -1.751786923115666583e-01 -1.751786923115666583e-01
4.300000000000000000e+01 1.381519755559384777e+00 1.381519755559384777e+00 1.381519755559384777e+00 1.381519755559384777e+00
4.400000000000000000e+01 -6.355064377345523985e-01 -6.355064377345523985e-01 -6.355064377345523985e-01 -6.355064377345523985e-01
4.500000000000000000e+01 -1.710933677145848097e+00 -1.710933677145848097e+00 -1.710933677145848097e+00 -1.710933677145848097e+00
4.600000000000000000e+01 1.899146565123632779e-02 1.899146565123632779e-02 1.899146565123632779e-02 1.899146565123632779e-02
4.700000000000000000e+01 -1.718699012601137277e-01 -1.718699012601137277e-01 -1.718699012601137277e-01 -1.718699012601137277e-01
4.800000000000000000e+01 -6.544862180658791440e-01 -6.544862180658791440e-01 -6.544862180658791440e-01 -6.544862180658791440e-01
4.900000000000000000e+01 -7.530428768514794147e-01 -7.530428768514794147e-01 -7.530428768514794147e-01 -7.530428768514794147e-01
5.000000000000000000e+01 2.213947222747456867e-01 2.213947222747456867e-01 2.213947222747456867e-01 2.213947222747456867e-01
5.100000000000000000e+01 -5.016069503466379365e-01 -5.016069503466379365e-01 -5.016069503466379365e-01 -5.016069503466379365e-01
5.200000000000000000e+01 -1.410034223749205007e-01 -1.410034223749205007e-01 -1.410034223749205007e-01 -1.410034223749205007e-01
5.300000000000000000e+01 -8.796641276304187906e-01 -8.796641276304187906e-01 -8.796641276304187906e-01 -8.796641276304187906e-01
5.400000000000000000e+01 2.414820044594430670e-01 2.414820044594430670e-01 2.414820044594430670e-01 2.414820044594430670e-01
5.500000000000000000e+01 -4.680949543332446616e-02 -4.680949543332446616e-02 -4.680949543332446616e-02 -4.680949543332446616e-02
5.600000000000000000e+01 4.705410798592766786e-01 4.705410798592766786e-01 4.705410798592766786e-01 4.705410798592766786e-01
5.700000000000000000e+01 -6.545225711424227377e-01 -6.545225711424227377e-01 -6.545225711424227377e-01 -6.545225711424227377e-01
5.800000000000000000e+01 2.483874021055751113e-01 2.483874021055751113e-01 2.483874021055751113e-01 2.483874021055751113e-01
5.900000000000000000e+01 -4.712316613491799311e-01 -4.712316613491799311e-01 -4.712316613491799311e-01 -4.712316613491799311e-01
6.000000000000000000e+01 1.144702595138913231e-01 1.144702595138913231e-01 1.144702595138913231e-01 1.144702595138913231e-01
6.100000000000000000e+01 -3.895148215604655739e-01 -3.895148215604655739e-01 -3.895148215604655739e-01 -3.895148215604655739e-01
6.200000000000000000e+01 8.729530236766407381e-01 8.729530236766407381e-01 8.729530236766407381e-01 8.729530236766407381e-01
6.300000000000000000e+01 6.701497262869562377e-01 6.701497262869562377e-01 6.701497262869562377e-01 6.701497262869562377e-01
6.400000000000000000e+01 5.214813455632588690e-01 5.214813455632588690e-01 5.214813455632588690e-01 5.214813455632588690e-01
6.500000000000000000e+01 -8.991787567140399062e-01 -8.991787567140399062e-01 -8.991787567140399062e-01 -8.991787567140399062e-01
6.600000000000000000e+01 -5.339858472196459260e-01 -5.339858472196459260e-01 -5.339858472196459260e-01 -5.339858472196459260e-01
6.700000000000000000e+01 -4.040128849054154536e-02 -4.040128849054154536e-02 -4.040128849054154536e-02 -4.040128849054154536e-02
6.800000000000000000e+01 2.821753540845385877e-01 2.821753540845385877e-01 2.821753540845385877e-01 2.821753540845385877e-01
6.900000000000000000e+01 -5.493131470391532378e-01 -5.493131470391532378e-01 -5.493131470391532378e-01 -5.493131470391532378e-01
7.000000000000000000e+01 1.165002633202486815e-01 1.165002633202486815e-01 1.165002633202486815e-01 1.165002633202486815e-01
7.100000000000000000e+01 -8.790150079358991508e-01 -8.790150079358991508e-01 -8.790150079358991508e-01 -8.790150079358991508e-01
7.200000000000000000e+01 6.686449183814021646e-01 6.686449183814021646e-01 6.686449183814021646e-01 6.686449183814021646e-01
7.300000000000000000e+01 -9.797371753302213104e-01 -9.797371753302213104e-01 -9.797371753302213104e-01 -9.797371753302213104e-01
7.400000000000000000e+01 -2.063895032404994279e-02 -2.063895032404994279e-02 -2.063895032404994279e-02 -2.063895032404994279e-02
7.500000000000000000e+01 -3.019112815005030037e-01 -3.019112815005030037e-01 -3.019112815005030037e-01 -3.019112815005030037e-01
7.600000000000000000e+01 4.974439451886524810e-01 4.974439451886524810e-01 4.974439451886524810e-01 4.974439451886524810e-01
7.700000000000000000e+01 3.480961054087479689e-01 3.480961054087479689e-01 3.480961054087479689e-01 3.480961054087479689e-01
7.800000000000000000e+01 9.390424927085353479e-01 9.390424927085353479e-01 9.390424927085353479e-01 9.390424927085353479e-01
7.900000000000000000e+01 -8.714096552369763327e-01 -8.714096552369763327e-01 -8.714096552369763327e-01 -8.714096552369763327e-01
8.000000000000000000e+01 -1.373709675754559489e+00 -1.373709675754559489e+00 -1.373709675754559489e+00 -1.373709675754559489e+00
8.100000000000000000e+01 -3.884870013724551541e+00 -3.884870013724551541e+00 -3.884870013724551541e+00 -3.884870013724551541e+00
8.200000000000000000e+01 -1.454805557278232353e+00 -1.454805557278232353e+00 -1.454805557278232353e+00 -1.454805557278232353e+00
8.300000000000000000e+01 -1.727841044063196385e-01 -1.727841044063196385e-01 -1.727841044063196385e-01 -1.727841044063196385e-01
8.400000000000000000e+01 -7.463674169477128861e-02 -7.463674169477128861e-02 -7.463674169477128861e-02 -7.463674169477128861e-02
8.500000000000000000e+01 -5.375152342837267172e-01 -5.375152342837267172e-01 -5.375152342837267172e-01 -5.375152342837267172e-01
8.600000000000000000e+01 -6.069053491246627630e-01 -6.069053491246627630e-01 -6.069053491246627630e-01 -6.069053491246627630e-01
8.700000000000000000e+01 -6.556453835744691094e-01 -6.556453835744691094e-01 -6.556453835744691094e-01 -6.556453835744691094e-01
8.800000000000000000e+01 1.056830485378915885e+00 1.056830485378915885e+00 1.056830485378915885e+00 1.056830485378915885e+00
8.900000000000000000e+01 1.048547485847084237e+00 1.048547485847084237e+00 1.048547485847084237e+00 1.048547485847084237e+00
9.000000000000000000e+01 3.768795930071056621e-01 3.768795930071056621e-01 3.768795930071056621e-01 3.768795930071056621e-01
9.100000000000000000e+01 3.872774588516148531e-01 3.872774588516148531e-01 3.872774588516148531e-01 3.872774588516148531e-01
9.200000000000000000e+01 6.117442821923039231e-01 6.117442821923039231e-01 6.117442821923039231e-01 6.117442821923039231e-01
9.300000000000000000e+01 2.410768721232540379e+00 2.410768721232540379e+00 2.410768721232540379e+00 2.410768721232540379e+00
9.400000000000000000e+01 1.286637413696447796e+00 1.286637413696447796e+00 1.286637413696447796e+00 1.286637413696447796e+00
9.500000000000000000e+01 9.883407543826085995e-01 9.883407543826085995e-01 9.883407543826085995e-01 9.883407543826085995e-01
9.600000000000000000e+01 -7.710485543493041938e-01 -7.710485543493041938e-01 -7.710485543493041938e-01 -7.710485543493041938e-01
9.700000000000000000e+01 -2.273899608790713067e+00 -2.273899608790713067e+00 -2.273899608790713067e+00 -2.273899608790713067e+00
9.800000000000000000e+01 -2.343066123733123174e+00 -2.343066123733123174e+00 -2.343066123733123174e+00 -2.343066123733123174e+00
