0.000000000000000000e+00 6.042831416003885181e+00 6.042831416003885181e+00 6.042831416003885181e+00 6.042831416003885181e+00
1.000000000000000000e+00 -3.837103460747878447e+00 -3.837103460747878447e+00 -3.837103460747878447e+00 -3.837103460747878447e+00
2.000000000000000000e+00 -3.335073974288063514e+00 -3.335073974288063514e+00 -3.335073974288063514e+00 -3.335073974288063514e+00
3.000000000000000000e+00 -2.764989054398746759e+00 -2.764989054398746759e+00 -2.764989054398746759e+00 -2.764989054398746759e+00
4.000000000000000000e+00 8.989817688573047860e+00 8.989817688573047860e+00 8.989817688573047860e+00 8.989817688573047860e+00
5.000000000000000000e+00 6.451663006137505540e+00 6.451663006137505540e+00 6.451663006137505540e+00 6.451663006137505540e+00
6.000000000000000000e+00 3.063716672000401875e+00 3.063716672000401875e+00 3.063716672000401875e+00 3.063716672000401875e+00
7.000000000000000000e+00 1.769316297875246580e+00 1.769316297875246580e+00 1.769316297875246580e+00 1.769316297875246580e+00
8.000000000000000000e+00 1.127750722880651368e+00 1.127750722880651368e+00 1.127750722880651368e+00 1.127750722880651368e+00
9.000000000000000000e+00 7.655669318835220949e-01 7.655669318835220949e-01 7.655669318835220949e-01 7.655669318835220949e-01
1.000000000000000000e+01 3.540539977061462729e+00 3.540539977061462729e+00 3.540539977061462729e+00 3.540539977061462729e+00
1.100000000000000000e+01 5.133626673543922436e+00 5.133626673543922436e+00 5.133626673543922436e+00 5.133626673543922436e+00
1.200000000000000000e+01 6.866182656810132734e+00 6.866182656810132734e+00 6.866182656810132734e+00 6.866182656810132734e+00
1.300000000000000000e+01 9.978815981940430291e+00 9.978815981940430291e+00 9.978815981940430291e+00 9.978815981940430291e+00
1.400000000000000000e+01 1.189668001677939202e+01 1.189668001677939202e+01 1.189668001677939202e+01 1.189668001677939202e+01
1.500000000000000000e+01 1.348947906728850654e+01 1.348947906728850654e+01 1.348947906728850654e+01 1.348947906728850654e+01
1.600000000000000000e+01 1.585401359940335020e+01 1.585401359940335020e+01 1.585401359940335020e+01 1.585401359940335020e+01
1.700000000000000000e+01 1.596339356102176232e+01 1.596339356102176232e+01 1.596339356102176232e+01 1.596339356102176232e+01
1.800000000000000000e+01 1.743837324717936355e+01 1.743837324717936355e+01 1.743837324717936355e+01 1.743837324717936355e+01
1.900000000000000000e+01 1.524816115725625565e+01 1.524816115725625565e+01 1.524816115725625565e+01 1.524816115725625565e+01
2.000000000000000000e+01 1.049798461658106419e+01 1.049798461658106419e+01 1.049798461658106419e+01 1.049798461658106419e+01
2.100000000000000000e+01 9.965104786545392557e+00 9.965104786545392557e+00 9.965104786545392557e+00 9.965104786545392557e+00
2.200000000000000000e+01 7.898666670275047430e+00 7.898666670275047430e+00 7.898666670275047430e+00 7.898666670275047430e+00
2.300000000000000000e+01 5.569746175267652255e+00 5.569746175267652255e+00 5.569746175267652255e+00 5.569746175267652255e+00
2.400000000000000000e+01 1.729614505920010004e+01 1.729614505920010004e+01 1.729614505920010004e+01 1.729614505920010004e+01
2.500000000000000000e+01 1.512269817903429647e+01 1.512269817903429647e+01 1.512269817903429647e+01 1.512269817903429647e+01
2.600000000000000000e+01 1.176839750402224283e+01 1.176839750402224283e+01 1.176839750402224283e+01 1.176839750402224283e+01
2.700000000000000000e+01 8.985864915210944659e+00 8.985864915210944659e+00 8.985864915210944659e+00 8.985864915210944659e+00
2.800000000000000000e+01 8.914478805000044304e+00 8.914478805000044304e+00 8.914478805000044304e+00 8.914478805000044304e+00
2.900000000000000000e+01 9.194243663684824597e+00 9.194243663684824597e+00 9.194243663684824597e+00 9.194243663684824597e+00
3.000000000000000000e+01 9.964526755845149353e+00 9.964526755845149353e+00 9.964526755845149353e+00 9.964526755845149353e+00
3.100000000000000000e+01 1.215953165776103262e+01 1.215953165776103262e+01 1.215953165776103262e+01 1.215953165776103262e+01
3.200000000000000000e+01 1.398784307429437135e+01 1.398784307429437135e+01 1.398784307429437135e+01 1.398784307429437135e+01
3.300000000000000000e+01 1.708032142493311056e+01 1.708032142493311056e+01 1.708032142493311056e+01 1.708032142493311056e+01
3.400000000000000000e+01 1.888952700154172604e+01 1.888952700154172604e+01 1.888952700154172604e+01 1.888952700154172604e+01
3.500000000000000000e+01 1.967913736774988820e+01 1.967913736774988820e+01 1.967913736774988820e+01 1.967913736774988820e+01
3.600000000000000000e+01 2.199238262463173754e+01 2.199238262463173754e+01 2.199238262463173754e+01 2.199238262463173754e+01
3.700000000000000000e+01 2.173561620948435902e+01 2.173561620948435902e+01 2.173561620948435902e+01 2.173561620948435902e+01
3.800000000000000000e+01 2.409821805535467476e+01 2.409821805535467476e+01 2.409821805535467476e+01 2.409821805535467476e+01
3.900000000000000000e+01 2.493112880084320793e+01 2.493112880084320793e+01 2.493112880084320793e+01 2.493112880084320793e+01
4.000000000000000000e+01 2.254145627005315333e+01 2.254145627005315333e+01 2.254145627005315333e+01 2.254145627005315333e+01
4.100000000000000000e+01 1.595577270122971214e+01 1.595577270122971214e+01 1.595577270122971214e+01 1.595577270122971214e+01
4.200000000000000000e+01 1.233866779581859774e+01 1.233866779581859774e+01 1.233866779581859774e+01 1.233866779581859774e+01
4.300000000000000000e+01 1.082805392261910704e+01 1.082805392261910704e+01 1.082805392261910704e+01 1.082805392261910704e+01
4.400000000000000000e+01 1.315111164585315429e+01 1.315111164585315429e+01 1.315111164585315429e+01 1.315111164585315429e+01
4.500000000000000000e+01 2.097721818234500191e+01 2.097721818234500191e+01 2.097721818234500191e+01 2.097721818234500191e+01
4.600000000000000000e+01 1.697858784674069810e+01 1.697858784674069810e+01 1.697858784674069810e+01 1.697858784674069810e+01
4.700000000000000000e+01 1.354201835733056392e+01 1.354201835733056392e+01 1.354201835733056392e+01 1.354201835733056392e+01
4.800000000000000000e+01 1.212673391074027229e+01 1.212673391074027229e+01 1.212673391074027229e+01 1.212673391074027229e+01
4.900000000000000000e+01 1.281409638920090543e+01 1.281409638920090543e+01 1.281409638920090543e+01 1.281409638920090543e+01
5.000000000000000000e+01 1.355874217522385372e+01 1.355874217522385372e+01 1.355874217522385372e+01 1.355874217522385372e+01
5.100000000000000000e+01 1.615426718763236380e+01 1.615426718763236380e+01 1.615426718763236380e+01 1.615426718763236380e+01
5.200000000000000000e+01 1.975757353225567314e+01 1.975757353225567314e+01 1.975757353225567314e+01 1.975757353225567314e+01
5.300000000000000000e+01 2.211490348232156578e+01 2.211490348232156578e+01 2.211490348232156578e+01 2.211490348232156578e+01
5.400000000000000000e+01 2.372512029176631287e+01 2.372512029176631287e+01 2.372512029176631287e+01 2.372512029176631287e+01
5.500000000000000000e+01 2.450161839454694146e+01 2.450161839454694146e+01 2.450161839454694146e+01 2.450161839454694146e+01
5.600000000000000000e+01 2.658798821745411800e+01 2.658798821745411800e+01 2.658798821745411800e+01 2.658798821745411800e+01
5.700000000000000000e+01 2.755707561347512780e+01 2.755707561347512780e+01 2.755707561347512780e+01 2.755707561347512780e+01
5.800000000000000000e+01 2.944210099225625044e+01 2.944210099225625044e+01 2.944210099225625044e+01 2.944210099225625044e+01
5.900000000000000000e+01 2.283668754132587253e+01 2.283668754132587253e+01 2.283668754132587253e+01 2.283668754132587253e+01
6.000000000000000000e+01 2.098254671588326303e+01 2.098254671588326303e+01 2.098254671588326303e+01 2.098254671588326303e+01
6.100000000000000000e+01 2.038958967374550468e+01 2.038958967374550468e+01 2.038958967374550468e+01 2.038958967374550468e+01
6.200000000000000000e+01 1.710577905734839277e+01 1.710577905734839277e+01 1.710577905734839277e+01 1.710577905734839277e+01
6.300000000000000000e+01 1.961291073962193110e+01 1.961291073962193110e+01 1.961291073962193110e+01 1.961291073962193110e+01
6.400000000000000000e+01 2.167151962186014558e+01 2.167151962186014558e+01 2.167151962186014558e+01 2.167151962186014558e+01
6.500000000000000000e+01 1.874687571480603054e+01 1.874687571480603054e+01 1.874687571480603054e+01 1.874687571480603054e+01
6.600000000000000000e+01 1.718069378249861856e+01 1.718069378249861856e+01 1.718069378249861856e+01 1.718069378249861856e+01
6.700000000000000000e+01 1.344782321347912912e+01 1.344782321347912912e+01 1.344782321347912912e+01 1.344782321347912912e+01
6.800000000000000000e+01 1.338780938522381803e+01 1.338780938522381803e+01 1.338780938522381803e+01 1.338780938522381803e+01
6.900000000000000000e+01 1.390162561097977267e+01 1.390162561097977267e+01 1.390162561097977267e+01 1.390162561097977267e+01
7.000000000000000000e+01 1.476459761095410173e+01 1.476459761095410173e+01 1.476459761095410173e+01 1.476459761095410173e+01
7.100000000000000000e+01 1.679249470413129686e+01 1.679249470413129686e+01 1.679249470413129686e+01 1.679249470413129686e+01
7.200000000000000000e+01 1.893406370520821724e+01 1.893406370520821724e+01 1.893406370520821724e+01 1.893406370520821724e+01
7.300000000000000000e+01 2.207084964184682363e+01 2.207084964184682363e+01 2.207084964184682363e+01 2.207084964184682363e+01
7.400000000000000000e+01 2.418688236654256229e+01 2.418688236654256229e+01 2.418688236654256229e+01 2.418688236654256229e+01
7.500000000000000000e+01 2.388533477683678896e+01 2.388533477683678896e+01 2.388533477683678896e+01 2.388533477683678896e+01
7.600000000000000000e+01 2.597994640706075842e+01 2.597994640706075842e+01 2.597994640706075842e+01 2.597994640706075842e+01
7.700000000000000000e+01 3.185911993048929958e+01 3.185911993048929958e+01 3.185911993048929958e+01 3.185911993048929958e+01
7.800000000000000000e+01 3.292590272174671640e+01 3.292590272174671640e+01 3.292590272174671640e+01 3.292590272174671640e+01
7.900000000000000000e+01 2.270826103678587415e+01 2.270826103678587415e+01 2.270826103678587415e+01 2.270826103678587415e+01
8.000000000000000000e+01 2.035887848759055530e+01 2.035887848759055530e+01 2.035887848759055530e+01 2.035887848759055530e+01
8.100000000000000000e+01 2.065244234310407734e+01 2.065244234310407734e+01 2.065244234310407734e+01 2.065244234310407734e+01
8.200000000000000000e+01 1.844924840951534151e+01 1.844924840951534151e+01 1.844924840951534151e+01 1.844924840951534151e+01
8.300000000000000000e+01 1.433708942614169857e+01 1.433708942614169857e+01 1.433708942614169857e+01 1.433708942614169857e+01
8.400000000000000000e+01 1.453104120235477481e+01 1.453104120235477481e+01 1.453104120235477481e+01 1.453104120235477481e+01
8.500000000000000000e+01 2.357149265900655877e+01 2.357149265900655877e+01 2.357149265900655877e+01 2.357149265900655877e+01
8.600000000000000000e+01 2.158868945809278728e+01 2.158868945809278728e+01 2.158868945809278728e+01 2.158868945809278728e+01
8.700000000000000000e+01 1.791020332826041539e+01 1.791020332826041539e+01 1.791020332826041539e+01 1.791020332826041539e+01
8.800000000000000000e+01 1.625712893786248614e+01 1.625712893786248614e+01 1.625712893786248614e+01 1.625712893786248614e+01
8.900000000000000000e+01 1.646888728010494773e+01 1.646888728010494773e+01 1.646888728010494773e+01 1.646888728010494773e+01
9.000000000000000000e+01 1.482804189209477208e+01 1.482804189209477208e+01 1.482804189209477208e+01 1.482804189209477208e+01
9.100000000000000000e+01 1.560688366225795498e+01 1.560688366225795498e+01 1.560688366225795498e+01 1.560688366225795498e+01
9.200000000000000000e+01 1.546365221124282385e+01 1.546365221124282385e+01 1.546365221124282385e+01 1.546365221124282385e+01
9.300000000000000000e+01 1.606399233705224106e+01 1.606399233705224106e+01 1.606399233705224106e+01 1.606399233705224106e+01
9.400000000000000000e+01 1.656725633790629715e+01 1.656725633790629715e+01 1.656725633790629715e+01 1.656725633790629715e+01
9.500000000000000000e+01 1.666304797575342178e+01 1.666304797575342178e+01 1.666304797575342178e+01 1.666304797575342178e+01
9.600000000000000000e+01 1.668409697061172636e+01 1.668409697061172636e+01 1.668409697061172636e+01 1.668409697061172636e+01
9.700000000000000000e+01 1.642824475865693401e+01 1.642824475865693401e+01 1.642824475865693401e+01 1.642824475865693401e+01
9.800000000000000000e+01 1.690339036112364113e+01 1.690339036112364113e+01 1.690339036112364113e+01 1.690339036112364113e+01
9.900000000000000000e+01 1.129832336242325219e+01 1.129832336242325219e+01 1.129832336242325219e+01 1.129832336242325219e+01
