Time-delay1
-5.102192823935125521e-01
-4.100273285100600740e-01
-1.974373201973786685e-01
-3.405365162733551831e-01
2.019835549613664683e-01
4.580988145843147286e-01
7.359673139591540458e-01
1.169959754582706735e+00
1.288376291342521629e+00
9.041405393347264896e-01
1.488205683479053132e+00
1.399691221337192371e+00
1.565104367881567926e+00
1.825639783208994116e+00
1.927430086509728024e+00
2.198823162360521888e+00
2.164918535844928105e+00
2.310080485959330687e+00
1.947260130639659303e+00
1.957013234510077471e+00
1.561329846507323760e+00
1.448832247646013816e+00
1.555738464583087399e+00
1.485246741130189063e+00
1.531148902400286227e+00
1.436995054029349905e+00
1.435657797988382223e+00
1.253859024650571197e+00
1.298002064216143170e+00
1.169314157368151585e+00
1.313513288465206541e+00
1.382045060970728212e+00
1.499712218447868617e+00
1.869557485303947608e+00
1.733616129835905850e+00
1.652490294498353274e+00
1.786433303717801069e+00
1.750838047224745120e+00
1.668765844975737211e+00
1.725267577035321409e+00
1.928786958212418412e+00
2.077112466328489226e+00
2.246363999188668803e+00
2.287291356605335224e+00
2.280862908199622119e+00
2.196688772447774607e+00
2.186540967799807333e+00
2.075054894265929484e+00
2.137894156586757077e+00
2.080312888002111560e+00
2.706701058014485017e+00
2.512485911359631174e+00
2.615277623275786389e+00
3.185387411862430795e+00
2.730144154382299959e+00
2.708028447470938183e+00
2.835185873276599988e+00
2.119569585949282242e+00
2.632382665321286286e+00
2.891880398363475102e+00
2.471673294774412000e+00
2.542417978350151042e+00
2.693535941053325278e+00
2.463603989700705377e+00
2.627108566439546600e+00
2.474417495910878895e+00
2.394530505965301703e+00
2.391893749335394226e+00
2.355103771978269034e+00
2.264227633564519504e+00
2.482765989605494550e+00
2.530138121539815099e+00
2.624325337757630106e+00
2.494373415164716778e+00
2.421416096294624065e+00
2.402620885245918991e+00
2.166396967888787994e+00
2.269375116711256357e+00
2.219616988474415908e+00
2.640129130237409250e+00
2.138203666319903107e+00
2.329286174560766476e+00
2.419293441971964054e+00
2.061475603677827895e+00
2.130115504815647043e+00
1.753725443733898492e+00
1.777779710554048931e+00
2.058614853289989277e+00
2.265416253062259244e+00
2.465791008698414721e+00
2.622745822829003259e+00
2.588472974161085016e+00
2.579973146297082742e+00
2.336362314607477675e+00
2.125497204955292929e+00
1.900357009296493649e+00
1.982498475352550749e+00
1.831876847996916524e+00
1.722938739326678625e+00
1.759515928394272954e+00
1.617256634223243728e+00
1.405981742154280845e+00
1.294324787087183459e+00
1.178079588980673220e+00
1.238596263503335404e+00
1.149403580606387809e+00
1.286270077992246019e+00
1.383581244264548538e+00
1.422067560665606800e+00
1.387390015448308755e+00
1.407524196901357438e+00
1.270212322465342547e+00
1.360320691971497409e+00
1.401742449695177584e+00
1.319646548546411946e+00
1.569202389570644396e+00
1.508235850677638989e+00
1.749883878035663809e+00
1.686690512219412019e+00
1.802385119665678825e+00
