0.000000000000000000e+00 5.508884671702949376e-01 5.508884671702949376e-01 5.508884671702949376e-01 5.508884671702949376e-01
1.000000000000000000e+00 3.923681171813080959e-01 3.923681171813080959e-01 3.923681171813080959e-01 3.923681171813080959e-01
2.000000000000000000e+00 5.548365448802299316e-01 5.548365448802299316e-01 5.548365448802299316e-01 5.548365448802299316e-01
3.000000000000000000e+00 5.572030057421077931e-01 5.572030057421077931e-01 5.572030057421077931e-01 5.572030057421077931e-01
4.000000000000000000e+00 5.487125887812424052e-01 5.487125887812424052e-01 5.487125887812424052e-01 5.487125887812424052e-01
5.000000000000000000e+00 6.942673415526896541e-01 6.942673415526896541e-01 6.942673415526896541e-01 6.942673415526896541e-01
6.000000000000000000e+00 7.374926926049092391e-01 7.374926926049092391e-01 7.374926926049092391e-01 7.374926926049092391e-01
7.000000000000000000e+00 8.747726710705648889e-01 8.747726710705648889e-01 8.747726710705648889e-01 8.747726710705648889e-01
8.000000000000000000e+00 1.013894599020413567e+00 1.013894599020413567e+00 1.013894599020413567e+00 1.013894599020413567e+00
9.000000000000000000e+00 1.048015533359072382e+00 1.048015533359072382e+00 1.048015533359072382e+00 1.048015533359072382e+00
1.000000000000000000e+01 1.114072325568703725e+00 1.114072325568703725e+00 1.114072325568703725e+00 1.114072325568703725e+00
1.100000000000000000e+01 1.176248686822534362e+00 1.176248686822534362e+00 1.176248686822534362e+00 1.176248686822534362e+00
1.200000000000000000e+01 1.299926360608828046e+00 1.299926360608828046e+00 1.299926360608828046e+00 1.299926360608828046e+00
1.300000000000000000e+01 1.337285414910690751e+00 1.337285414910690751e+00 1.337285414910690751e+00 1.337285414910690751e+00
1.400000000000000000e+01 1.446438783340648682e+00 1.446438783340648682e+00 1.446438783340648682e+00 1.446438783340648682e+00
1.500000000000000000e+01 1.499980030478169857e+00 1.499980030478169857e+00 1.499980030478169857e+00 1.499980030478169857e+00
1.600000000000000000e+01 1.489555185061711029e+00 1.489555185061711029e+00 1.489555185061711029e+00 1.489555185061711029e+00
1.700000000000000000e+01 1.533293986031791123e+00 1.533293986031791123e+00 1.533293986031791123e+00 1.533293986031791123e+00
1.800000000000000000e+01 1.559912146548164014e+00 1.559912146548164014e+00 1.559912146548164014e+00 1.559912146548164014e+00
1.900000000000000000e+01 1.614903865537578698e+00 1.614903865537578698e+00 1.614903865537578698e+00 1.614903865537578698e+00
2.000000000000000000e+01 1.573480272072256270e+00 1.573480272072256270e+00 1.573480272072256270e+00 1.573480272072256270e+00
2.100000000000000000e+01 1.647228917391170500e+00 1.647228917391170500e+00 1.647228917391170500e+00 1.647228917391170500e+00
2.200000000000000000e+01 1.667292907932518498e+00 1.667292907932518498e+00 1.667292907932518498e+00 1.667292907932518498e+00
2.300000000000000000e+01 1.876745453868283509e+00 1.876745453868283509e+00 1.876745453868283509e+00 1.876745453868283509e+00
2.400000000000000000e+01 1.815682018611164628e+00 1.815682018611164628e+00 1.815682018611164628e+00 1.815682018611164628e+00
2.500000000000000000e+01 1.939653856244565988e+00 1.939653856244565988e+00 1.939653856244565988e+00 1.939653856244565988e+00
2.600000000000000000e+01 2.085997987503791506e+00 2.085997987503791506e+00 2.085997987503791506e+00 2.085997987503791506e+00
2.700000000000000000e+01 2.269487737062717780e+00 2.269487737062717780e+00 2.269487737062717780e+00 2.269487737062717780e+00
2.800000000000000000e+01 2.498391111944556098e+00 2.498391111944556098e+00 2.498391111944556098e+00 2.498391111944556098e+00
2.900000000000000000e+01 2.511980573357727842e+00 2.511980573357727842e+00 2.511980573357727842e+00 2.511980573357727842e+00
3.000000000000000000e+01 2.536359950446159139e+00 2.536359950446159139e+00 2.536359950446159139e+00 2.536359950446159139e+00
3.100000000000000000e+01 2.686868506734199080e+00 2.686868506734199080e+00 2.686868506734199080e+00 2.686868506734199080e+00
3.200000000000000000e+01 2.628252725579669935e+00 2.628252725579669935e+00 2.628252725579669935e+00 2.628252725579669935e+00
3.300000000000000000e+01 2.575804483291282310e+00 2.575804483291282310e+00 2.575804483291282310e+00 2.575804483291282310e+00
3.400000000000000000e+01 2.728258269897718691e+00 2.728258269897718691e+00 2.728258269897718691e+00 2.728258269897718691e+00
3.500000000000000000e+01 2.636964236641601733e+00 2.636964236641601733e+00 2.636964236641601733e+00 2.636964236641601733e+00
3.600000000000000000e+01 2.676038372938771115e+00 2.676038372938771115e+00 2.676038372938771115e+00 2.676038372938771115e+00
3.700000000000000000e+01 2.648890345238821720e+00 2.648890345238821720e+00 2.648890345238821720e+00 2.648890345238821720e+00
3.800000000000000000e+01 2.601963229784602483e+00 2.601963229784602483e+00 2.601963229784602483e+00 2.601963229784602483e+00
3.900000000000000000e+01 2.557279668813998263e+00 2.557279668813998263e+00 2.557279668813998263e+00 2.557279668813998263e+00
4.000000000000000000e+01 2.713420348454439246e+00 2.713420348454439246e+00 2.713420348454439246e+00 2.713420348454439246e+00
4.100000000000000000e+01 2.684078621145041588e+00 2.684078621145041588e+00 2.684078621145041588e+00 2.684078621145041588e+00
4.200000000000000000e+01 2.821118853922215841e+00 2.821118853922215841e+00 2.821118853922215841e+00 2.821118853922215841e+00
4.300000000000000000e+01 2.804786309625844520e+00 2.804786309625844520e+00 2.804786309625844520e+00 2.804786309625844520e+00
4.400000000000000000e+01 2.855838471558766578e+00 2.855838471558766578e+00 2.855838471558766578e+00 2.855838471558766578e+00
4.500000000000000000e+01 3.017562949989744503e+00 3.017562949989744503e+00 3.017562949989744503e+00 3.017562949989744503e+00
4.600000000000000000e+01 3.046162816482196778e+00 3.046162816482196778e+00 3.046162816482196778e+00 3.046162816482196778e+00
4.700000000000000000e+01 3.128399240689543337e+00 3.128399240689543337e+00 3.128399240689543337e+00 3.128399240689543337e+00
4.800000000000000000e+01 3.147539617290140868e+00 3.147539617290140868e+00 3.147539617290140868e+00 3.147539617290140868e+00
4.900000000000000000e+01 3.103633204354105501e+00 3.103633204354105501e+00 3.103633204354105501e+00 3.103633204354105501e+00
5.000000000000000000e+01 3.356709487915671364e+00 3.356709487915671364e+00 3.356709487915671364e+00 3.356709487915671364e+00
5.100000000000000000e+01 3.254330284728018885e+00 3.254330284728018885e+00 3.254330284728018885e+00 3.254330284728018885e+00
5.200000000000000000e+01 3.541600709713033091e+00 3.541600709713033091e+00 3.541600709713033091e+00 3.541600709713033091e+00
5.300000000000000000e+01 3.606217630842883715e+00 3.606217630842883715e+00 3.606217630842883715e+00 3.606217630842883715e+00
5.400000000000000000e+01 3.658500548079793635e+00 3.658500548079793635e+00 3.658500548079793635e+00 3.658500548079793635e+00
5.500000000000000000e+01 3.442494443125363901e+00 3.442494443125363901e+00 3.442494443125363901e+00 3.442494443125363901e+00
5.600000000000000000e+01 3.338532767614141417e+00 3.338532767614141417e+00 3.338532767614141417e+00 3.338532767614141417e+00
5.700000000000000000e+01 3.114087588147497421e+00 3.114087588147497421e+00 3.114087588147497421e+00 3.114087588147497421e+00
5.800000000000000000e+01 2.999729880810372507e+00 2.999729880810372507e+00 2.999729880810372507e+00 2.999729880810372507e+00
5.900000000000000000e+01 3.068404925746507139e+00 3.068404925746507139e+00 3.068404925746507139e+00 3.068404925746507139e+00
6.000000000000000000e+01 3.026393348679051964e+00 3.026393348679051964e+00 3.026393348679051964e+00 3.026393348679051964e+00
6.100000000000000000e+01 3.290822270560311846e+00 3.290822270560311846e+00 3.290822270560311846e+00 3.290822270560311846e+00
6.200000000000000000e+01 3.329315627517052789e+00 3.329315627517052789e+00 3.329315627517052789e+00 3.329315627517052789e+00
6.300000000000000000e+01 3.688468201883154052e+00 3.688468201883154052e+00 3.688468201883154052e+00 3.688468201883154052e+00
6.400000000000000000e+01 3.531363472128576486e+00 3.531363472128576486e+00 3.531363472128576486e+00 3.531363472128576486e+00
6.500000000000000000e+01 3.740272369471710601e+00 3.740272369471710601e+00 3.740272369471710601e+00 3.740272369471710601e+00
6.600000000000000000e+01 3.741716854667554770e+00 3.741716854667554770e+00 3.741716854667554770e+00 3.741716854667554770e+00
6.700000000000000000e+01 3.727149087760349477e+00 3.727149087760349477e+00 3.727149087760349477e+00 3.727149087760349477e+00
6.800000000000000000e+01 3.581352676551686098e+00 3.581352676551686098e+00 3.581352676551686098e+00 3.581352676551686098e+00
6.900000000000000000e+01 3.664220427711978978e+00 3.664220427711978978e+00 3.664220427711978978e+00 3.664220427711978978e+00
7.000000000000000000e+01 3.684293193693985113e+00 3.684293193693985113e+00 3.684293193693985113e+00 3.684293193693985113e+00
7.100000000000000000e+01 3.743779287390767596e+00 3.743779287390767596e+00 3.743779287390767596e+00 3.743779287390767596e+00
7.200000000000000000e+01 3.704682276605350211e+00 3.704682276605350211e+00 3.704682276605350211e+00 3.704682276605350211e+00
7.300000000000000000e+01 3.747228773899185850e+00 3.747228773899185850e+00 3.747228773899185850e+00 3.747228773899185850e+00
7.400000000000000000e+01 3.562419244923088257e+00 3.562419244923088257e+00 3.562419244923088257e+00 3.562419244923088257e+00
7.500000000000000000e+01 3.605825359262936125e+00 3.605825359262936125e+00 3.605825359262936125e+00 3.605825359262936125e+00
7.600000000000000000e+01 3.383525524499917836e+00 3.383525524499917836e+00 3.383525524499917836e+00 3.383525524499917836e+00
7.700000000000000000e+01 3.364702975358636827e+00 3.364702975358636827e+00 3.364702975358636827e+00 3.364702975358636827e+00
7.800000000000000000e+01 3.122371438423686474e+00 3.122371438423686474e+00 3.122371438423686474e+00 3.122371438423686474e+00
7.900000000000000000e+01 3.005079259153481175e+00 3.005079259153481175e+00 3.005079259153481175e+00 3.005079259153481175e+00
8.000000000000000000e+01 2.943769572914621158e+00 2.943769572914621158e+00 2.943769572914621158e+00 2.943769572914621158e+00
8.100000000000000000e+01 2.891626382996412836e+00 2.891626382996412836e+00 2.891626382996412836e+00 2.891626382996412836e+00
8.200000000000000000e+01 2.867721270309476544e+00 2.867721270309476544e+00 2.867721270309476544e+00 2.867721270309476544e+00
8.300000000000000000e+01 2.831967828942335341e+00 2.831967828942335341e+00 2.831967828942335341e+00 2.831967828942335341e+00
8.400000000000000000e+01 2.769363715431218953e+00 2.769363715431218953e+00 2.769363715431218953e+00 2.769363715431218953e+00
8.500000000000000000e+01 2.879906315003880835e+00 2.879906315003880835e+00 2.879906315003880835e+00 2.879906315003880835e+00
8.600000000000000000e+01 2.514444130140525591e+00 2.514444130140525591e+00 2.514444130140525591e+00 2.514444130140525591e+00
8.700000000000000000e+01 2.613190910030380287e+00 2.613190910030380287e+00 2.613190910030380287e+00 2.613190910030380287e+00
8.800000000000000000e+01 2.427389033310132671e+00 2.427389033310132671e+00 2.427389033310132671e+00 2.427389033310132671e+00
8.900000000000000000e+01 2.458426860618872389e+00 2.458426860618872389e+00 2.458426860618872389e+00 2.458426860618872389e+00
9.000000000000000000e+01 2.532854005551822496e+00 2.532854005551822496e+00 2.532854005551822496e+00 2.532854005551822496e+00
9.100000000000000000e+01 2.597391893108447647e+00 2.597391893108447647e+00 2.597391893108447647e+00 2.597391893108447647e+00
9.200000000000000000e+01 2.732078745423727195e+00 2.732078745423727195e+00 2.732078745423727195e+00 2.732078745423727195e+00
9.300000000000000000e+01 2.864118388228268142e+00 2.864118388228268142e+00 2.864118388228268142e+00 2.864118388228268142e+00
9.400000000000000000e+01 2.627344214175810766e+00 2.627344214175810766e+00 2.627344214175810766e+00 2.627344214175810766e+00
9.500000000000000000e+01 2.669971134785381395e+00 2.669971134785381395e+00 2.669971134785381395e+00 2.669971134785381395e+00
9.600000000000000000e+01 2.366569511658147551e+00 2.366569511658147551e+00 2.366569511658147551e+00 2.366569511658147551e+00
9.700000000000000000e+01 2.133378054762065101e+00 2.133378054762065101e+00 2.133378054762065101e+00 2.133378054762065101e+00
9.800000000000000000e+01 2.014227687883594520e+00 2.014227687883594520e+00 2.014227687883594520e+00 2.014227687883594520e+00
9.900000000000000000e+01 1.855655474384786618e+00 1.855655474384786618e+00 1.855655474384786618e+00 1.855655474384786618e+00
