0.000000000000000000e+00 -7.064527089422144357e+00 -7.064527089422144357e+00 -7.064527089422144357e+00 -7.064527089422144357e+00
1.000000000000000000e+00 6.175424866331521656e+00 6.175424866331521656e+00 6.175424866331521656e+00 6.175424866331521656e+00
2.000000000000000000e+00 -7.777706933472886774e+00 -7.777706933472886774e+00 -7.777706933472886774e+00 -7.777706933472886774e+00
3.000000000000000000e+00 9.878690496257364728e+00 9.878690496257364728e+00 9.878690496257364728e+00 9.878690496257364728e+00
4.000000000000000000e+00 -1.245167781377640059e+00 -1.245167781377640059e+00 -1.245167781377640059e+00 -1.245167781377640059e+00
5.000000000000000000e+00 4.890947718112197862e+00 4.890947718112197862e+00 4.890947718112197862e+00 4.890947718112197862e+00
6.000000000000000000e+00 -1.411753539507249577e+01 -1.411753539507249577e+01 -1.411753539507249577e+01 -1.411753539507249577e+01
7.000000000000000000e+00 -3.460957510960422923e+01 -3.460957510960422923e+01 -3.460957510960422923e+01 -3.460957510960422923e+01
8.000000000000000000e+00 2.217749631920447939e+00 2.217749631920447939e+00 2.217749631920447939e+00 2.217749631920447939e+00
9.000000000000000000e+00 6.607541875749941340e+00 6.607541875749941340e+00 6.607541875749941340e+00 6.607541875749941340e+00
1.000000000000000000e+01 -5.087494977983356037e+00 -5.087494977983356037e+00 -5.087494977983356037e+00 -5.087494977983356037e+00
1.100000000000000000e+01 -4.254692390429623217e+00 -4.254692390429623217e+00 -4.254692390429623217e+00 -4.254692390429623217e+00
1.200000000000000000e+01 1.739153885350387441e+01 1.739153885350387441e+01 1.739153885350387441e+01 1.739153885350387441e+01
1.300000000000000000e+01 -8.127303214222111549e+00 -8.127303214222111549e+00 -8.127303214222111549e+00 -8.127303214222111549e+00
1.400000000000000000e+01 -1.275636580361467587e+01 -1.275636580361467587e+01 -1.275636580361467587e+01 -1.275636580361467587e+01
1.500000000000000000e+01 9.463196453041291534e+00 9.463196453041291534e+00 9.463196453041291534e+00 9.463196453041291534e+00
1.600000000000000000e+01 8.355215299778929960e+00 8.355215299778929960e+00 8.355215299778929960e+00 8.355215299778929960e+00
1.700000000000000000e+01 2.447830919644549752e+01 2.447830919644549752e+01 2.447830919644549752e+01 2.447830919644549752e+01
1.800000000000000000e+01 3.115616387830474565e+00 3.115616387830474565e+00 3.115616387830474565e+00 3.115616387830474565e+00
1.900000000000000000e+01 -5.620334418762640283e+00 -5.620334418762640283e+00 -5.620334418762640283e+00 -5.620334418762640283e+00
2.000000000000000000e+01 -1.051580416699845894e-01 -1.051580416699845894e-01 -1.051580416699845894e-01 -1.051580416699845894e-01
2.100000000000000000e+01 3.185719012891398094e+01 3.185719012891398094e+01 3.185719012891398094e+01 3.185719012891398094e+01
2.200000000000000000e+01 -9.348676514664148840e+00 -9.348676514664148840e+00 -9.348676514664148840e+00 -9.348676514664148840e+00
2.300000000000000000e+01 -5.410550192998503150e+00 -5.410550192998503150e+00 -5.410550192998503150e+00 -5.410550192998503150e+00
2.400000000000000000e+01 -4.826847095391586073e+00 -4.826847095391586073e+00 -4.826847095391586073e+00 -4.826847095391586073e+00
2.500000000000000000e+01 1.711756037898914684e+01 1.711756037898914684e+01 1.711756037898914684e+01 1.711756037898914684e+01
2.600000000000000000e+01 2.130330279260267634e+00 2.130330279260267634e+00 2.130330279260267634e+00 2.130330279260267634e+00
2.700000000000000000e+01 1.944021610872864159e+01 1.944021610872864159e+01 1.944021610872864159e+01 1.944021610872864159e+01
2.800000000000000000e+01 1.937090621773075227e+01 1.937090621773075227e+01 1.937090621773075227e+01 1.937090621773075227e+01
2.900000000000000000e+01 1.847435174099469535e+01 1.847435174099469535e+01 1.847435174099469535e+01 1.847435174099469535e+01
3.000000000000000000e+01 -4.947419527547960882e+00 -4.947419527547960882e+00 -4.947419527547960882e+00 -4.947419527547960882e+00
3.100000000000000000e+01 1.760922033642625806e+01 1.760922033642625806e+01 1.760922033642625806e+01 1.760922033642625806e+01
3.200000000000000000e+01 1.854344970619503385e+01 1.854344970619503385e+01 1.854344970619503385e+01 1.854344970619503385e+01
3.300000000000000000e+01 7.630189146943448186e+00 7.630189146943448186e+00 7.630189146943448186e+00 7.630189146943448186e+00
3.400000000000000000e+01 -1.040434454967368794e+01 -1.040434454967368794e+01 -1.040434454967368794e+01 -1.040434454967368794e+01
3.500000000000000000e+01 -1.650389104720356315e+01 -1.650389104720356315e+01 -1.650389104720356315e+01 -1.650389104720356315e+01
3.600000000000000000e+01 1.163810028260440177e+01 1.163810028260440177e+01 1.163810028260440177e+01 1.163810028260440177e+01
3.700000000000000000e+01 -1.690364197082051234e+01 -1.690364197082051234e+01 -1.690364197082051234e+01 -1.690364197082051234e+01
3.800000000000000000e+01 9.358686417452480200e+00 9.358686417452480200e+00 9.358686417452480200e+00 9.358686417452480200e+00
3.900000000000000000e+01 1.472013373755307519e+01 1.472013373755307519e+01 1.472013373755307519e+01 1.472013373755307519e+01
4.000000000000000000e+01 1.823789505308775105e+01 1.823789505308775105e+01 1.823789505308775105e+01 1.823789505308775105e+01
4.100000000000000000e+01 -4.491142368799980744e+00 -4.491142368799980744e+00 -4.491142368799980744e+00 -4.491142368799980744e+00
4.200000000000000000e+01 -1.634980398698174042e+01 -1.634980398698174042e+01 -1.634980398698174042e+01 -1.634980398698174042e+01
4.300000000000000000e+01 -1.833064578414190393e+01 -1.833064578414190393e+01 -1.833064578414190393e+01 -1.833064578414190393e+01
4.400000000000000000e+01 1.512823509345761863e+01 1.512823509345761863e+01 1.512823509345761863e+01 1.512823509345761863e+01
4.500000000000000000e+01 1.371906905284084921e+01 1.371906905284084921e+01 1.371906905284084921e+01 1.371906905284084921e+01
4.600000000000000000e+01 1.070641924431655068e-01 1.070641924431655068e-01 1.070641924431655068e-01 1.070641924431655068e-01
4.700000000000000000e+01 1.069419571411812697e+01 1.069419571411812697e+01 1.069419571411812697e+01 1.069419571411812697e+01
4.800000000000000000e+01 1.034143118064158884e+01 1.034143118064158884e+01 1.034143118064158884e+01 1.034143118064158884e+01
4.900000000000000000e+01 8.468990908647070270e+00 8.468990908647070270e+00 8.468990908647070270e+00 8.468990908647070270e+00
5.000000000000000000e+01 1.479012222680646360e+00 1.479012222680646360e+00 1.479012222680646360e+00 1.479012222680646360e+00
5.100000000000000000e+01 1.167093071168909546e+01 1.167093071168909546e+01 1.167093071168909546e+01 1.167093071168909546e+01
5.200000000000000000e+01 2.383390308428891657e+01 2.383390308428891657e+01 2.383390308428891657e+01 2.383390308428891657e+01
5.300000000000000000e+01 3.269776725940977258e+01 3.269776725940977258e+01 3.269776725940977258e+01 3.269776725940977258e+01
5.400000000000000000e+01 3.930794139942124232e+00 3.930794139942124232e+00 3.930794139942124232e+00 3.930794139942124232e+00
5.500000000000000000e+01 1.126041395908374554e+01 1.126041395908374554e+01 1.126041395908374554e+01 1.126041395908374554e+01
5.600000000000000000e+01 -4.090422384010625190e-01 -4.090422384010625190e-01 -4.090422384010625190e-01 -4.090422384010625190e-01
5.700000000000000000e+01 2.511257870343498766e+01 2.511257870343498766e+01 2.511257870343498766e+01 2.511257870343498766e+01
5.800000000000000000e+01 -4.341920368003130193e+00 -4.341920368003130193e+00 -4.341920368003130193e+00 -4.341920368003130193e+00
5.900000000000000000e+01 1.687326058535107265e+01 1.687326058535107265e+01 1.687326058535107265e+01 1.687326058535107265e+01
6.000000000000000000e+01 5.916792526458074519e+00 5.916792526458074519e+00 5.916792526458074519e+00 5.916792526458074519e+00
6.100000000000000000e+01 -1.751937368170839804e+01 -1.751937368170839804e+01 -1.751937368170839804e+01 -1.751937368170839804e+01
6.200000000000000000e+01 -1.004247997547995475e+01 -1.004247997547995475e+01 -1.004247997547995475e+01 -1.004247997547995475e+01
6.300000000000000000e+01 -8.355568892811795934e+00 -8.355568892811795934e+00 -8.355568892811795934e+00 -8.355568892811795934e+00
6.400000000000000000e+01 -1.883932852258707769e+00 -1.883932852258707769e+00 -1.883932852258707769e+00 -1.883932852258707769e+00
6.500000000000000000e+01 1.345162227558513912e+01 1.345162227558513912e+01 1.345162227558513912e+01 1.345162227558513912e+01
6.600000000000000000e+01 3.469855554083859062e+01 3.469855554083859062e+01 3.469855554083859062e+01 3.469855554083859062e+01
6.700000000000000000e+01 1.450602590862569130e+01 1.450602590862569130e+01 1.450602590862569130e+01 1.450602590862569130e+01
6.800000000000000000e+01 -5.030371725914878311e+01 -5.030371725914878311e+01 -5.030371725914878311e+01 -5.030371725914878311e+01
6.900000000000000000e+01 -3.674181827474206852e+00 -3.674181827474206852e+00 -3.674181827474206852e+00 -3.674181827474206852e+00
7.000000000000000000e+01 1.036239544810882407e+01 1.036239544810882407e+01 1.036239544810882407e+01 1.036239544810882407e+01
7.100000000000000000e+01 -5.297755655611385173e+00 -5.297755655611385173e+00 -5.297755655611385173e+00 -5.297755655611385173e+00
7.200000000000000000e+01 4.660486313179652740e+01 4.660486313179652740e+01 4.660486313179652740e+01 4.660486313179652740e+01
7.300000000000000000e+01 7.807512011096223148e+01 7.807512011096223148e+01 7.807512011096223148e+01 7.807512011096223148e+01
7.400000000000000000e+01 -2.388657729841324961e+00 -2.388657729841324961e+00 -2.388657729841324961e+00 -2.388657729841324961e+00
7.500000000000000000e+01 6.643794197791208056e+00 6.643794197791208056e+00 6.643794197791208056e+00 6.643794197791208056e+00
7.600000000000000000e+01 3.071712874282576422e+01 3.071712874282576422e+01 3.071712874282576422e+01 3.071712874282576422e+01
7.700000000000000000e+01 1.064918921123939910e+01 1.064918921123939910e+01 1.064918921123939910e+01 1.064918921123939910e+01
7.800000000000000000e+01 -1.142872240193505107e+01 -1.142872240193505107e+01 -1.142872240193505107e+01 -1.142872240193505107e+01
7.900000000000000000e+01 4.807391559461311914e+01 4.807391559461311914e+01 4.807391559461311914e+01 4.807391559461311914e+01
8.000000000000000000e+01 3.683158435869012237e+01 3.683158435869012237e+01 3.683158435869012237e+01 3.683158435869012237e+01
8.100000000000000000e+01 3.623279112702500271e+01 3.623279112702500271e+01 3.623279112702500271e+01 3.623279112702500271e+01
8.200000000000000000e+01 -2.419839149499072306e+01 -2.419839149499072306e+01 -2.419839149499072306e+01 -2.419839149499072306e+01
8.300000000000000000e+01 1.070910787063376546e+01 1.070910787063376546e+01 1.070910787063376546e+01 1.070910787063376546e+01
8.400000000000000000e+01 4.618438859104647776e+01 4.618438859104647776e+01 4.618438859104647776e+01 4.618438859104647776e+01
8.500000000000000000e+01 1.348512754765883415e+01 1.348512754765883415e+01 1.348512754765883415e+01 1.348512754765883415e+01
8.600000000000000000e+01 1.978535358734283633e+01 1.978535358734283633e+01 1.978535358734283633e+01 1.978535358734283633e+01
8.700000000000000000e+01 5.924095824651359976e+01 5.924095824651359976e+01 5.924095824651359976e+01 5.924095824651359976e+01
8.800000000000000000e+01 7.993211385830522886e+01 7.993211385830522886e+01 7.993211385830522886e+01 7.993211385830522886e+01
8.900000000000000000e+01 6.771901259353280977e+01 6.771901259353280977e+01 6.771901259353280977e+01 6.771901259353280977e+01
9.000000000000000000e+01 3.496929635835662253e+01 3.496929635835662253e+01 3.496929635835662253e+01 3.496929635835662253e+01
9.100000000000000000e+01 -5.584459264750002205e+01 -5.584459264750002205e+01 -5.584459264750002205e+01 -5.584459264750002205e+01
9.200000000000000000e+01 5.011788212342133875e+01 5.011788212342133875e+01 5.011788212342133875e+01 5.011788212342133875e+01
9.300000000000000000e+01 2.190396771622005190e+01 2.190396771622005190e+01 2.190396771622005190e+01 2.190396771622005190e+01
9.400000000000000000e+01 -7.145581110040816952e+01 -7.145581110040816952e+01 -7.145581110040816952e+01 -7.145581110040816952e+01
9.500000000000000000e+01 3.768432416486383119e+01 3.768432416486383119e+01 3.768432416486383119e+01 3.768432416486383119e+01
9.600000000000000000e+01 3.289476751197820192e+01 3.289476751197820192e+01 3.289476751197820192e+01 3.289476751197820192e+01
9.700000000000000000e+01 -4.571882678901845765e+01 -4.571882678901845765e+01 -4.571882678901845765e+01 -4.571882678901845765e+01
9.800000000000000000e+01 7.840124909025218081e+00 7.840124909025218081e+00 7.840124909025218081e+00 7.840124909025218081e+00
9.900000000000000000e+01 -5.734879091767580483e+00 -5.734879091767580483e+00 -5.734879091767580483e+00 -5.734879091767580483e+00
