Delays Time-delay1 Time-delay2 Time-delay3 Time-delay4
0.000000000000000000e+00 -3.559432083142453962e+00 -3.559432083142453962e+00 -3.559432083142453962e+00 -3.559432083142453962e+00
1.000000000000000000e+00 -1.760248722556128742e+00 -1.760248722556128742e+00 -1.760248722556128742e+00 -1.760248722556128742e+00
2.000000000000000000e+00 -4.387639990383788713e-01 -4.387639990383788713e-01 -4.387639990383788713e-01 -4.387639990383788713e-01
3.000000000000000000e+00 -2.857084062402416080e+00 -2.857084062402416080e+00 -2.857084062402416080e+00 -2.857084062402416080e+00
4.000000000000000000e+00 -1.423219544592689401e+00 -1.423219544592689401e+00 -1.423219544592689401e+00 -1.423219544592689401e+00
5.000000000000000000e+00 -8.623400031625953588e+00 -8.623400031625953588e+00 -8.623400031625953588e+00 -8.623400031625953588e+00
6.000000000000000000e+00 -4.708461836386375943e+00 -4.708461836386375943e+00 -4.708461836386375943e+00 -4.708461836386375943e+00
7.000000000000000000e+00 -9.678458290571022360e+00 -9.678458290571022360e+00 -9.678458290571022360e+00 -9.678458290571022360e+00
8.000000000000000000e+00 -1.060334351447650647e+00 -1.060334351447650647e+00 -1.060334351447650647e+00 -1.060334351447650647e+00
9.000000000000000000e+00 8.217712338670251082e-01 8.217712338670251082e-01 8.217712338670251082e-01 8.217712338670251082e-01
1.000000000000000000e+01 5.373938032989610925e+00 5.373938032989610925e+00 5.373938032989610925e+00 5.373938032989610925e+00
1.100000000000000000e+01 -4.918745101634327099e+00 -4.918745101634327099e+00 -4.918745101634327099e+00 -4.918745101634327099e+00
1.200000000000000000e+01 -1.126968907087102734e+00 -1.126968907087102734e+00 -1.126968907087102734e+00 -1.126968907087102734e+00
1.300000000000000000e+01 -2.129032841312667734e-01 -2.129032841312667734e-01 -2.129032841312667734e-01 -2.129032841312667734e-01
1.400000000000000000e+01 -1.478827423250303141e+00 -1.478827423250303141e+00 -1.478827423250303141e+00 -1.478827423250303141e+00
1.500000000000000000e+01 -1.485323366970386694e+00 -1.485323366970386694e+00 -1.485323366970386694e+00 -1.485323366970386694e+00
1.600000000000000000e+01 -1.318211097794690811e+00 -1.318211097794690811e+00 -1.318211097794690811e+00 -1.318211097794690811e+00
1.700000000000000000e+01 1.750727576783025263e+00 1.750727576783025263e+00 1.750727576783025263e+00 1.750727576783025263e+00
1.800000000000000000e+01 8.164277043803153111e-01 8.164277043803153111e-01 8.164277043803153111e-01 8.164277043803153111e-01
1.900000000000000000e+01 3.214714437453468077e-01 3.214714437453468077e-01 3.214714437453468077e-01 3.214714437453468077e-01
2.000000000000000000e+01 -9.928263632195324373e-01 -9.928263632195324373e-01 -9.928263632195324373e-01 -9.928263632195324373e-01
2.100000000000000000e+01 -1.120170221669241295e+00 -1.120170221669241295e+00 -1.120170221669241295e+00 -1.120170221669241295e+00
2.200000000000000000e+01 -9.468477335330069966e-01 -9.468477335330069966e-01 -9.468477335330069966e-01 -9.468477335330069966e-01
2.300000000000000000e+01 -2.568633410356720326e+00 -2.568633410356720326e+00 -2.568633410356720326e+00 -2.568633410356720326e+00
2.400000000000000000e+01 7.847443004882983519e-01 7.847443004882983519e-01 7.847443004882983519e-01 7.847443004882983519e-01
2.500000000000000000e+01 -2.069309817687084330e+00 -2.069309817687084330e+00 -2.069309817687084330e+00 -2.069309817687084330e+00
2.600000000000000000e+01 3.878333276167474253e+00 3.878333276167474253e+00 3.878333276167474253e+00 3.878333276167474253e+00
2.700000000000000000e+01 7.786842706985945828e-01 7.786842706985945828e-01 7.786842706985945828e-01 7.786842706985945828e-01
2.800000000000000000e+01 5.938651693474487209e-02 5.938651693474487209e-02 5.938651693474487209e-02 5.938651693474487209e-02
2.900000000000000000e+01 -2.164837938123614247e+00 -2.164837938123614247e+00 -2.164837938123614247e+00 -2.164837938123614247e+00
3.000000000000000000e+01 6.271466057393824955e-02 6.271466057393824955e-02 6.271466057393824955e-02 6.271466057393824955e-02
3.100000000000000000e+01 -7.577461696565783722e-01 -7.577461696565783722e-01 -7.577461696565783722e-01 -7.577461696565783722e-01
3.200000000000000000e+01 -1.769101052847693034e-01 -1.769101052847693034e-01 -1.769101052847693034e-01 -1.769101052847693034e-01
3.300000000000000000e+01 5.185707685974700887e-01 5.185707685974700887e-01 5.185707685974700887e-01 5.185707685974700887e-01
3.400000000000000000e+01 -1.071654258516327785e+00 -1.071654258516327785e+00 -1.071654258516327785e+00 -1.071654258516327785e+00
3.500000000000000000e+01 5.809168435669573860e-01 5.809168435669573860e-01 5.809168435669573860e-01 5.809168435669573860e-01
3.600000000000000000e+01 -2.698741862954084358e-01 -2.698741862954084358e-01 -2.698741862954084358e-01 -2.698741862954084358e-01
3.700000000000000000e+01 6.016439288054301615e-01 6.016439288054301615e-01 6.016439288054301615e-01 6.016439288054301615e-01
3.800000000000000000e+01 -1.613337523050743183e+00 -1.613337523050743183e+00 -1.613337523050743183e+00 -1.613337523050743183e+00
3.900000000000000000e+01 -2.487672068263336866e-01 -2.487672068263336866e-01 -2.487672068263336866e-01 -2.487672068263336866e-01
4.000000000000000000e+01 -1.806521570621095751e-01 -1.806521570621095751e-01 -1.806521570621095751e-01 -1.806521570621095751e-01
4.100000000000000000e+01 1.662002700240070852e-01 1.662002700240070852e-01 1.662002700240070852e-01 1.662002700240070852e-01
4.200000000000000000e+01 1.407222698409183459e-01 1.407222698409183459e-01 1.407222698409183459e-01 1.407222698409183459e-01
4.300000000000000000e+01 2.640489651600116394e-01 2.640489651600116394e-01 2.640489651600116394e-01 2.640489651600116394e-01
4.400000000000000000e+01 3.784973201936222414e-02 3.784973201936222414e-02 3.784973201936222414e-02 3.784973201936222414e-02
4.500000000000000000e+01 -4.966945386887002684e-02 -4.966945386887002684e-02 -4.966945386887002684e-02 -4.966945386887002684e-02
4.600000000000000000e+01 -8.460438992726898588e-02 -8.460438992726898588e-02 -8.460438992726898588e-02 -8.460438992726898588e-02
4.700000000000000000e+01 -2.639128922280715717e-01 -2.639128922280715717e-01 -2.639128922280715717e-01 -2.639128922280715717e-01
4.800000000000000000e+01 8.497999743406220441e-01 8.497999743406220441e-01 8.497999743406220441e-01 8.497999743406220441e-01
4.900000000000000000e+01 1.620187875695366583e-02 1.620187875695366583e-02 1.620187875695366583e-02 1.620187875695366583e-02
5.000000000000000000e+01 -1.438683999562323512e-01 -1.438683999562323512e-01 -1.438683999562323512e-01 -1.438683999562323512e-01
5.100000000000000000e+01 -1.167526211128229879e-01 -1.167526211128229879e-01 -1.167526211128229879e-01 -1.167526211128229879e-01
5.200000000000000000e+01 2.185360919383252942e-02 2.185360919383252942e-02 2.185360919383252942e-02 2.185360919383252942e-02
5.300000000000000000e+01 4.194645002620229768e-01 4.194645002620229768e-01 4.194645002620229768e-01 4.194645002620229768e-01
5.400000000000000000e+01 7.176383577948142189e-02 7.176383577948142189e-02 7.176383577948142189e-02 7.176383577948142189e-02
5.500000000000000000e+01 9.207499997436781047e-01 9.207499997436781047e-01 9.207499997436781047e-01 9.207499997436781047e-01
5.600000000000000000e+01 2.344249991846600878e+00 2.344249991846600878e+00 2.344249991846600878e+00 2.344249991846600878e+00
5.700000000000000000e+01 2.945542730862797387e-01 2.945542730862797387e-01 2.945542730862797387e-01 2.945542730862797387e-01
5.800000000000000000e+01 2.455567306416541196e-01 2.455567306416541196e-01 2.455567306416541196e-01 2.455567306416541196e-01
5.900000000000000000e+01 1.914653523320002382e+00 1.914653523320002382e+00 1.914653523320002382e+00 1.914653523320002382e+00
6.000000000000000000e+01 -2.895028079773916962e-01 -2.895028079773916962e-01 -2.895028079773916962e-01 -2.895028079773916962e-01
6.100000000000000000e+01 3.869184150291345770e+00 3.869184150291345770e+00 3.869184150291345770e+00 3.869184150291345770e+00
6.200000000000000000e+01 5.631089740923975739e-01 5.631089740923975739e-01 5.631089740923975739e-01 5.631089740923975739e-01
6.300000000000000000e+01 -2.237238170284789815e-02 -2.237238170284789815e-02 -2.237238170284789815e-02 -2.237238170284789815e-02
6.400000000000000000e+01 -1.015269153812755065e-01 -1.015269153812755065e-01 -1.015269153812755065e-01 -1.015269153812755065e-01
6.500000000000000000e+01 3.220424244138169190e-01 3.220424244138169190e-01 3.220424244138169190e-01 3.220424244138169190e-01
6.600000000000000000e+01 5.792452805283014594e-02 5.792452805283014594e-02 5.792452805283014594e-02 5.792452805283014594e-02
6.700000000000000000e+01 1.134227764767684388e+00 1.134227764767684388e+00 1.134227764767684388e+00 1.134227764767684388e+00
6.800000000000000000e+01 -1.469420886733874942e+00 -1.469420886733874942e+00 -1.469420886733874942e+00 -1.469420886733874942e+00
6.900000000000000000e+01 1.725541790339077675e-01 1.725541790339077675e-01 1.725541790339077675e-01 1.725541790339077675e-01
7.000000000000000000e+01 1.934839489414910352e+00 1.934839489414910352e+00 1.934839489414910352e+00 1.934839489414910352e+00
7.100000000000000000e+01 3.826124127219262760e+00 3.826124127219262760e+00 3.826124127219262760e+00 3.826124127219262760e+00
7.200000000000000000e+01 9.781245860616131216e-01 9.781245860616131216e-01 9.781245860616131216e-01 9.781245860616131216e-01
7.300000000000000000e+01 -2.394691717016272925e+00 -2.394691717016272925e+00 -2.394691717016272925e+00 -2.394691717016272925e+00
7.400000000000000000e+01 1.186042253222147735e+00 1.186042253222147735e+00 1.186042253222147735e+00 1.186042253222147735e+00
7.500000000000000000e+01 -6.145839984261924904e-01 -6.145839984261924904e-01 -6.145839984261924904e-01 -6.145839984261924904e-01
7.600000000000000000e+01 2.805307719423607016e-01 2.805307719423607016e-01 2.805307719423607016e-01 2.805307719423607016e-01
7.700000000000000000e+01 1.473448076188427214e+00 1.473448076188427214e+00 1.473448076188427214e+00 1.473448076188427214e+00
7.800000000000000000e+01 9.424468615308595476e-01 9.424468615308595476e-01 9.424468615308595476e-01 9.424468615308595476e-01
7.900000000000000000e+01 -1.906957235665624362e+00 -1.906957235665624362e+00 -1.906957235665624362e+00 -1.906957235665624362e+00
8.000000000000000000e+01 4.239358772888896509e-01 4.239358772888896509e-01 4.239358772888896509e-01 4.239358772888896509e-01
8.100000000000000000e+01 7.644130045861043943e-01 7.644130045861043943e-01 7.644130045861043943e-01 7.644130045861043943e-01
8.200000000000000000e+01 -3.368499179908415742e-01 -3.368499179908415742e-01 -3.368499179908415742e-01 -3.368499179908415742e-01
8.300000000000000000e+01 -4.210691368742261464e-03 -4.210691368742261464e-03 -4.210691368742261464e-03 -4.210691368742261464e-03
8.400000000000000000e+01 3.951101982841041804e-02 3.951101982841041804e-02 3.951101982841041804e-02 3.951101982841041804e-02
8.500000000000000000e+01 1.022143447039011610e+00 1.022143447039011610e+00 1.022143447039011610e+00 1.022143447039011610e+00
8.600000000000000000e+01 7.565443874426221182e-02 7.565443874426221182e-02 7.565443874426221182e-02 7.565443874426221182e-02
8.700000000000000000e+01 2.762063624533925288e-01 2.762063624533925288e-01 2.762063624533925288e-01 2.762063624533925288e-01
8.800000000000000000e+01 2.835905595119746492e-01 2.835905595119746492e-01 2.835905595119746492e-01 2.835905595119746492e-01
8.900000000000000000e+01 -5.298611809683578810e-01 -5.298611809683578810e-01 -5.298611809683578810e-01 -5.298611809683578810e-01
9.000000000000000000e+01 4.973693933013038637e-01 4.973693933013038637e-01 4.973693933013038637e-01 4.973693933013038637e-01
9.100000000000000000e+01 6.431777571715899811e-01 6.431777571715899811e-01 6.431777571715899811e-01 6.431777571715899811e-01
9.200000000000000000e+01 4.061548103408129662e-01 4.061548103408129662e-01 4.061548103408129662e-01 4.061548103408129662e-01
9.300000000000000000e+01 2.516843370996972307e-01 2.516843370996972307e-01 2.516843370996972307e-01 2.516843370996972307e-01
9.400000000000000000e+01 5.712772176610987351e-01 5.712772176610987351e-01 5.712772176610987351e-01 5.712772176610987351e-01
9.500000000000000000e+01 -2.550227953219414978e-01 -2.550227953219414978e-01 -2.550227953219414978e-01 -2.550227953219414978e-01
9.600000000000000000e+01 4.740663016645678685e-01 4.740663016645678685e-01 4.740663016645678685e-01 4.740663016645678685e-01
9.700000000000000000e+01 8.838460456745219629e-01 8.838460456745219629e-01 8.838460456745219629e-01 8.838460456745219629e-01
9.800000000000000000e+01 2.813820881302484325e-02 2.813820881302484325e-02 2.813820881302484325e-02 2.813820881302484325e-02
