Delays Time-delay1 Time-delay2 Time-delay3 Time-delay4
0.000000000000000000e+00 4.663288542804144288e-01 4.663288542804144288e-01 4.663288542804144288e-01 4.663288542804144288e-01
1.000000000000000000e+00 6.262055857643267220e-02 6.262055857643267220e-02 6.262055857643267220e-02 6.262055857643267220e-02
2.000000000000000000e+00 4.138435739384091483e-02 4.138435739384091483e-02 4.138435739384091483e-02 4.138435739384091483e-02
3.000000000000000000e+00 -7.773756960581730546e-02 -7.773756960581730546e-02 -7.773756960581730546e-02 -7.773756960581730546e-02
4.000000000000000000e+00 3.697434840788083044e-02 3.697434840788083044e-02 3.697434840788083044e-02 3.697434840788083044e-02
5.000000000000000000e+00 5.019391441995331160e-01 5.019391441995331160e-01 5.019391441995331160e-01 5.019391441995331160e-01
6.000000000000000000e+00 -9.698005031722473079e-02 -9.698005031722473079e-02 -9.698005031722473079e-02 -9.698005031722473079e-02
7.000000000000000000e+00 -4.753748328202319837e-03 -4.753748328202319837e-03 -4.753748328202319837e-03 -4.753748328202319837e-03
8.000000000000000000e+00 3.280817606158253907e-01 3.280817606158253907e-01 3.280817606158253907e-01 3.280817606158253907e-01
9.000000000000000000e+00 8.464390628320242471e-02 8.464390628320242471e-02 8.464390628320242471e-02 8.464390628320242471e-02
1.000000000000000000e+01 4.897276690629576712e-01 4.897276690629576712e-01 4.897276690629576712e-01 4.897276690629576712e-01
1.100000000000000000e+01 3.021260101496818160e-02 3.021260101496818160e-02 3.021260101496818160e-02 3.021260101496818160e-02
1.200000000000000000e+01 2.807658854570999063e-01 2.807658854570999063e-01 2.807658854570999063e-01 2.807658854570999063e-01
1.300000000000000000e+01 6.925354820234488340e-01 6.925354820234488340e-01 6.925354820234488340e-01 6.925354820234488340e-01
1.400000000000000000e+01 5.997574556753811903e-01 5.997574556753811903e-01 5.997574556753811903e-01 5.997574556753811903e-01
1.500000000000000000e+01 3.061535200231227938e-01 3.061535200231227938e-01 3.061535200231227938e-01 3.061535200231227938e-01
1.600000000000000000e+01 7.638020669908118787e-02 7.638020669908118787e-02 7.638020669908118787e-02 7.638020669908118787e-02
1.700000000000000000e+01 3.950509463538884325e-01 3.950509463538884325e-01 3.950509463538884325e-01 3.950509463538884325e-01
1.800000000000000000e+01 4.161728988374815419e-01 4.161728988374815419e-01 4.161728988374815419e-01 4.161728988374815419e-01
1.900000000000000000e+01 3.821594287862604133e-01 3.821594287862604133e-01 3.821594287862604133e-01 3.821594287862604133e-01
2.000000000000000000e+01 1.820294238353586114e-01 1.820294238353586114e-01 1.820294238353586114e-01 1.820294238353586114e-01
2.100000000000000000e+01 2.496557524417334917e-01 2.496557524417334917e-01 2.496557524417334917e-01 2.496557524417334917e-01
2.200000000000000000e+01 8.531244129947495036e-01 8.531244129947495036e-01 8.531244129947495036e-01 8.531244129947495036e-01
2.300000000000000000e+01 1.983402530581268863e-01 1.983402530581268863e-01 1.983402530581268863e-01 1.983402530581268863e-01
2.400000000000000000e+01 4.556144634194397303e-01 4.556144634194397303e-01 4.556144634194397303e-01 4.556144634194397303e-01
2.500000000000000000e+01 5.173852034153959556e-01 5.173852034153959556e-01 5.173852034153959556e-01 5.173852034153959556e-01
2.600000000000000000e+01 3.928509142396652831e-01 3.928509142396652831e-01 3.928509142396652831e-01 3.928509142396652831e-01
2.700000000000000000e+01 7.964223922368529607e-01 7.964223922368529607e-01 7.964223922368529607e-01 7.964223922368529607e-01
2.800000000000000000e+01 3.628989586265233824e-01 3.628989586265233824e-01 3.628989586265233824e-01 3.628989586265233824e-01
2.900000000000000000e+01 8.204501175342254760e-02 8.204501175342254760e-02 8.204501175342254760e-02 8.204501175342254760e-02
3.000000000000000000e+01 8.321118275188430502e-01 8.321118275188430502e-01 8.321118275188430502e-01 8.321118275188430502e-01
3.100000000000000000e+01 8.178318814408826187e-02 8.178318814408826187e-02 8.178318814408826187e-02 8.178318814408826187e-02
3.200000000000000000e+01 1.072708148597116606e+00 1.072708148597116606e+00 1.072708148597116606e+00 1.072708148597116606e+00
3.300000000000000000e+01 7.055806791622456497e-01 7.055806791622456497e-01 7.055806791622456497e-01 7.055806791622456497e-01
3.400000000000000000e+01 1.206814559234615225e-01 1.206814559234615225e-01 1.206814559234615225e-01 1.206814559234615225e-01
3.500000000000000000e+01 2.552451085405318953e-01 2.552451085405318953e-01 2.552451085405318953e-01 2.552451085405318953e-01
3.600000000000000000e+01 5.670116363635138157e-01 5.670116363635138157e-01 5.670116363635138157e-01 5.670116363635138157e-01
3.700000000000000000e+01 6.449283825434110051e-01 6.449283825434110051e-01 6.449283825434110051e-01 6.449283825434110051e-01
3.800000000000000000e+01 4.027755256267274153e-01 4.027755256267274153e-01 4.027755256267274153e-01 4.027755256267274153e-01
3.900000000000000000e+01 3.989827873801896629e-01 3.989827873801896629e-01 3.989827873801896629e-01 3.989827873801896629e-01
4.000000000000000000e+01 1.911774696479175972e-01 1.911774696479175972e-01 1.911774696479175972e-01 1.911774696479175972e-01
4.100000000000000000e+01 2.181563583990537014e-01 2.181563583990537014e-01 2.181563583990537014e-01 2.181563583990537014e-01
4.200000000000000000e+01 6.548866947167547581e-01 6.548866947167547581e-01 6.548866947167547581e-01 6.548866947167547581e-01
4.300000000000000000e+01 2.880709007978714542e-01 2.880709007978714542e-01 2.880709007978714542e-01 2.880709007978714542e-01
4.400000000000000000e+01 5.410496619668122564e-01 5.410496619668122564e-01 5.410496619668122564e-01 5.410496619668122564e-01
4.500000000000000000e+01 4.897363885483347890e-01 4.897363885483347890e-01 4.897363885483347890e-01 4.897363885483347890e-01
4.600000000000000000e+01 -1.912171889485801343e-02 -1.912171889485801343e-02 -1.912171889485801343e-02 -1.912171889485801343e-02
4.700000000000000000e+01 5.789553984315697344e-01 5.789553984315697344e-01 5.789553984315697344e-01 5.789553984315697344e-01
4.800000000000000000e+01 8.059603494846137028e-01 8.059603494846137028e-01 8.059603494846137028e-01 8.059603494846137028e-01
4.900000000000000000e+01 9.650201554856522312e-01 9.650201554856522312e-01 9.650201554856522312e-01 9.650201554856522312e-01
5.000000000000000000e+01 2.565015236568966017e-01 2.565015236568966017e-01 2.565015236568966017e-01 2.565015236568966017e-01
5.100000000000000000e+01 4.990460708458869243e-01 4.990460708458869243e-01 4.990460708458869243e-01 4.990460708458869243e-01
5.200000000000000000e+01 4.219191718308947237e-01 4.219191718308947237e-01 4.219191718308947237e-01 4.219191718308947237e-01
5.300000000000000000e+01 8.226325707013436572e-01 8.226325707013436572e-01 8.226325707013436572e-01 8.226325707013436572e-01
5.400000000000000000e+01 5.215313879673345587e-01 5.215313879673345587e-01 5.215313879673345587e-01 5.215313879673345587e-01
5.500000000000000000e+01 1.060705217027760439e+00 1.060705217027760439e+00 1.060705217027760439e+00 1.060705217027760439e+00
5.600000000000000000e+01 4.266102791415805617e-01 4.266102791415805617e-01 4.266102791415805617e-01 4.266102791415805617e-01
5.700000000000000000e+01 3.113005569652225746e-01 3.113005569652225746e-01 3.113005569652225746e-01 3.113005569652225746e-01
5.800000000000000000e+01 6.890367333407881878e-01 6.890367333407881878e-01 6.890367333407881878e-01 6.890367333407881878e-01
5.900000000000000000e+01 3.367601303093165632e-01 3.367601303093165632e-01 3.367601303093165632e-01 3.367601303093165632e-01
6.000000000000000000e+01 3.423514003280218598e-01 3.423514003280218598e-01 3.423514003280218598e-01 3.423514003280218598e-01
6.100000000000000000e+01 7.849123580841640413e-01 7.849123580841640413e-01 7.849123580841640413e-01 7.849123580841640413e-01
6.200000000000000000e+01 4.016030467319099961e-01 4.016030467319099961e-01 4.016030467319099961e-01 4.016030467319099961e-01
6.300000000000000000e+01 5.080482059932784900e-01 5.080482059932784900e-01 5.080482059932784900e-01 5.080482059932784900e-01
6.400000000000000000e+01 3.929831507092809151e-01 3.929831507092809151e-01 3.929831507092809151e-01 3.929831507092809151e-01
6.500000000000000000e+01 4.363381058636188192e-01 4.363381058636188192e-01 4.363381058636188192e-01 4.363381058636188192e-01
6.600000000000000000e+01 7.690009187974127247e-01 7.690009187974127247e-01 7.690009187974127247e-01 7.690009187974127247e-01
6.700000000000000000e+01 5.681981792380271790e-01 5.681981792380271790e-01 5.681981792380271790e-01 5.681981792380271790e-01
6.800000000000000000e+01 5.576213612227136629e-01 5.576213612227136629e-01 5.576213612227136629e-01 5.576213612227136629e-01
6.900000000000000000e+01 7.990026148786646409e-01 7.990026148786646409e-01 7.990026148786646409e-01 7.990026148786646409e-01
7.000000000000000000e+01 2.204404330387094157e-02 2.204404330387094157e-02 2.204404330387094157e-02 2.204404330387094157e-02
7.100000000000000000e+01 6.938702397790276200e-01 6.938702397790276200e-01 6.938702397790276200e-01 6.938702397790276200e-01
7.200000000000000000e+01 1.114157901811846596e+00 1.114157901811846596e+00 1.114157901811846596e+00 1.114157901811846596e+00
7.300000000000000000e+01 1.692814948300419009e-01 1.692814948300419009e-01 1.692814948300419009e-01 1.692814948300419009e-01
7.400000000000000000e+01 1.435127946313670799e+00 1.435127946313670799e+00 1.435127946313670799e+00 1.435127946313670799e+00
7.500000000000000000e+01 1.918107822103520821e-01 1.918107822103520821e-01 1.918107822103520821e-01 1.918107822103520821e-01
7.600000000000000000e+01 6.251801240321644970e-01 6.251801240321644970e-01 6.251801240321644970e-01 6.251801240321644970e-01
7.700000000000000000e+01 5.375805792759037471e-01 5.375805792759037471e-01 5.375805792759037471e-01 5.375805792759037471e-01
7.800000000000000000e+01 1.048399953603249557e+00 1.048399953603249557e+00 1.048399953603249557e+00 1.048399953603249557e+00
7.900000000000000000e+01 4.043318836720697917e-01 4.043318836720697917e-01 4.043318836720697917e-01 4.043318836720697917e-01
8.000000000000000000e+01 1.071362138952562271e+00 1.071362138952562271e+00 1.071362138952562271e+00 1.071362138952562271e+00
8.100000000000000000e+01 9.425273251735811764e-01 9.425273251735811764e-01 9.425273251735811764e-01 9.425273251735811764e-01
8.200000000000000000e+01 -2.291237852096392191e-01 -2.291237852096392191e-01 -2.291237852096392191e-01 -2.291237852096392191e-01
8.300000000000000000e+01 5.928379231909294278e-01 5.928379231909294278e-01 5.928379231909294278e-01 5.928379231909294278e-01
8.400000000000000000e+01 9.129567558164583541e-02 9.129567558164583541e-02 9.129567558164583541e-02 9.129567558164583541e-02
8.500000000000000000e+01 1.421239873778239904e+00 1.421239873778239904e+00 1.421239873778239904e+00 1.421239873778239904e+00
8.600000000000000000e+01 6.978151654533104598e-01 6.978151654533104598e-01 6.978151654533104598e-01 6.978151654533104598e-01
8.700000000000000000e+01 4.279397825112741249e-01 4.279397825112741249e-01 4.279397825112741249e-01 4.279397825112741249e-01
8.800000000000000000e+01 4.971240314619845280e-01 4.971240314619845280e-01 4.971240314619845280e-01 4.971240314619845280e-01
8.900000000000000000e+01 -6.499401658521476721e-02 -6.499401658521476721e-02 -6.499401658521476721e-02 -6.499401658521476721e-02
9.000000000000000000e+01 5.952427607401644671e-01 5.952427607401644671e-01 5.952427607401644671e-01 5.952427607401644671e-01
9.100000000000000000e+01 9.416381731067466898e-01 9.416381731067466898e-01 9.416381731067466898e-01 9.416381731067466898e-01
9.200000000000000000e+01 1.156091655186032963e+00 1.156091655186032963e+00 1.156091655186032963e+00 1.156091655186032963e+00
9.300000000000000000e+01 1.952141909728213887e-01 1.952141909728213887e-01 1.952141909728213887e-01 1.952141909728213887e-01
9.400000000000000000e+01 6.970619512358395831e-01 6.970619512358395831e-01 6.970619512358395831e-01 6.970619512358395831e-01
9.500000000000000000e+01 -7.116420889650454384e-02 -7.116420889650454384e-02 -7.116420889650454384e-02 -7.116420889650454384e-02
9.600000000000000000e+01 4.805969694365156974e-01 4.805969694365156974e-01 4.805969694365156974e-01 4.805969694365156974e-01
9.700000000000000000e+01 1.074769233170420613e+00 1.074769233170420613e+00 1.074769233170420613e+00 1.074769233170420613e+00
9.800000000000000000e+01 3.316476150244150878e-01 3.316476150244150878e-01 3.316476150244150878e-01 3.316476150244150878e-01
