0.000000000000000000e+00 -2.799981449895260210e-01 -2.799981449895260210e-01 -2.799981449895260210e-01 -2.799981449895260210e-01
1.000000000000000000e+00 -9.902212744106031472e-02 -9.902212744106031472e-02 -9.902212744106031472e-02 -9.902212744106031472e-02
2.000000000000000000e+00 -3.530486821286633048e-01 -3.530486821286633048e-01 -3.530486821286633048e-01 -3.530486821286633048e-01
3.000000000000000000e+00 1.602885707610041954e-01 1.602885707610041954e-01 1.602885707610041954e-01 1.602885707610041954e-01
4.000000000000000000e+00 -1.510578435871889058e-01 -1.510578435871889058e-01 -1.510578435871889058e-01 -1.510578435871889058e-01
5.000000000000000000e+00 -1.337021905862171012e-01 -1.337021905862171012e-01 -1.337021905862171012e-01 -1.337021905862171012e-01
6.000000000000000000e+00 -1.137068543109370916e-01 -1.137068543109370916e-01 -1.137068543109370916e-01 -1.137068543109370916e-01
7.000000000000000000e+00 -7.696874946461762512e-02 -7.696874946461762512e-02 -7.696874946461762512e-02 -7.696874946461762512e-02
8.000000000000000000e+00 -1.784317138582425522e-01 -1.784317138582425522e-01 -1.784317138582425522e-01 -1.784317138582425522e-01
9.000000000000000000e+00 -3.375922484771290977e-01 -3.375922484771290977e-01 -3.375922484771290977e-01 -3.375922484771290977e-01
1.000000000000000000e+01 -3.793151345304364153e-01 -3.793151345304364153e-01 -3.793151345304364153e-01 -3.793151345304364153e-01
1.100000000000000000e+01 1.734746859449630071e-02 1.734746859449630071e-02 1.734746859449630071e-02 1.734746859449630071e-02
1.200000000000000000e+01 -2.702345952692917774e-01 -2.702345952692917774e-01 -2.702345952692917774e-01 -2.702345952692917774e-01
1.300000000000000000e+01 -2.006945607610996496e-01 -2.006945607610996496e-01 -2.006945607610996496e-01 -2.006945607610996496e-01
1.400000000000000000e+01 -1.926600043831296905e-01 -1.926600043831296905e-01 -1.926600043831296905e-01 -1.926600043831296905e-01
1.500000000000000000e+01 -2.444262523727691871e-01 -2.444262523727691871e-01 -2.444262523727691871e-01 -2.444262523727691871e-01
1.600000000000000000e+01 -1.847952506897887481e-01 -1.847952506897887481e-01 -1.847952506897887481e-01 -1.847952506897887481e-01
1.700000000000000000e+01 -2.656281103269839683e-01 -2.656281103269839683e-01 -2.656281103269839683e-01 -2.656281103269839683e-01
1.800000000000000000e+01 -2.519534137664253826e-01 -2.519534137664253826e-01 -2.519534137664253826e-01 -2.519534137664253826e-01
1.900000000000000000e+01 -9.157483891069180537e-02 -9.157483891069180537e-02 -9.157483891069180537e-02 -9.157483891069180537e-02
2.000000000000000000e+01 -2.660368514318047217e-01 -2.660368514318047217e-01 -2.660368514318047217e-01 -2.660368514318047217e-01
2.100000000000000000e+01 -9.919035088964689439e-02 -9.919035088964689439e-02 -9.919035088964689439e-02 -9.919035088964689439e-02
2.200000000000000000e+01 7.821324432719062303e-02 7.821324432719062303e-02 7.821324432719062303e-02 7.821324432719062303e-02
2.300000000000000000e+01 -6.696997515762002917e-02 -6.696997515762002917e-02 -6.696997515762002917e-02 -6.696997515762002917e-02
2.400000000000000000e+01 -5.822287108942409556e-02 -5.822287108942409556e-02 -5.822287108942409556e-02 -5.822287108942409556e-02
2.500000000000000000e+01 -7.640923244278674531e-02 -7.640923244278674531e-02 -7.640923244278674531e-02 -7.640923244278674531e-02
2.600000000000000000e+01 -6.267856954497365296e-02 -6.267856954497365296e-02 -6.267856954497365296e-02 -6.267856954497365296e-02
2.700000000000000000e+01 -3.117239956274002119e-02 -3.117239956274002119e-02 -3.117239956274002119e-02 -3.117239956274002119e-02
2.800000000000000000e+01 -1.022255074616204851e-01 -1.022255074616204851e-01 -1.022255074616204851e-01 -1.022255074616204851e-01
2.900000000000000000e+01 -2.745695119977080156e-01 -2.745695119977080156e-01 -2.745695119977080156e-01 -2.745695119977080156e-01
3.000000000000000000e+01 -2.721191980755393591e-01 -2.721191980755393591e-01 -2.721191980755393591e-01 -2.721191980755393591e-01
3.100000000000000000e+01 7.329385558057997796e-02 7.329385558057997796e-02 7.329385558057997796e-02 7.329385558057997796e-02
3.200000000000000000e+01 -3.262005697368948187e-01 -3.262005697368948187e-01 -3.262005697368948187e-01 -3.262005697368948187e-01
3.300000000000000000e+01 -1.316316081052443243e-01 -1.316316081052443243e-01 -1.316316081052443243e-01 -1.316316081052443243e-01
3.400000000000000000e+01 -2.419813330219088565e-01 -2.419813330219088565e-01 -2.419813330219088565e-01 -2.419813330219088565e-01
3.500000000000000000e+01 -1.477322851352529387e-01 -1.477322851352529387e-01 -1.477322851352529387e-01 -1.477322851352529387e-01
3.600000000000000000e+01 -1.557551925521475644e-01 -1.557551925521475644e-01 -1.557551925521475644e-01 -1.557551925521475644e-01
3.700000000000000000e+01 -2.428390064526469994e-01 -2.428390064526469994e-01 -2.428390064526469994e-01 -2.428390064526469994e-01
3.800000000000000000e+01 -2.007256969749862952e-01 -2.007256969749862952e-01 -2.007256969749862952e-01 -2.007256969749862952e-01
3.900000000000000000e+01 -2.862373935404500247e-01 -2.862373935404500247e-01 -2.862373935404500247e-01 -2.862373935404500247e-01
4.000000000000000000e+01 -4.809803899844160291e-02 -4.809803899844160291e-02 -4.809803899844160291e-02 -4.809803899844160291e-02
4.100000000000000000e+01 -2.728051700782560540e-01 -2.728051700782560540e-01 -2.728051700782560540e-01 -2.728051700782560540e-01
4.200000000000000000e+01 -6.929516215143126379e-02 -6.929516215143126379e-02 -6.929516215143126379e-02 -6.929516215143126379e-02
4.300000000000000000e+01 4.567619845394048361e-02 4.567619845394048361e-02 4.567619845394048361e-02 4.567619845394048361e-02
4.400000000000000000e+01 -1.340695873012497930e-01 -1.340695873012497930e-01 -1.340695873012497930e-01 -1.340695873012497930e-01
4.500000000000000000e+01 -1.127193491655232027e-01 -1.127193491655232027e-01 -1.127193491655232027e-01 -1.127193491655232027e-01
4.600000000000000000e+01 -9.807735162208441881e-02 -9.807735162208441881e-02 -9.807735162208441881e-02 -9.807735162208441881e-02
4.700000000000000000e+01 -6.809589557476268540e-02 -6.809589557476268540e-02 -6.809589557476268540e-02 -6.809589557476268540e-02
4.800000000000000000e+01 -1.484589662314471092e-01 -1.484589662314471092e-01 -1.484589662314471092e-01 -1.484589662314471092e-01
4.900000000000000000e+01 -1.072441636259376108e-01 -1.072441636259376108e-01 -1.072441636259376108e-01 -1.072441636259376108e-01
5.000000000000000000e+01 -2.623004555604818155e-01 -2.623004555604818155e-01 -2.623004555604818155e-01 -2.623004555604818155e-01
5.100000000000000000e+01 -2.519117569832054482e-01 -2.519117569832054482e-01 -2.519117569832054482e-01 -2.519117569832054482e-01
5.200000000000000000e+01 -2.546774027257893147e-01 -2.546774027257893147e-01 -2.546774027257893147e-01 -2.546774027257893147e-01
5.300000000000000000e+01 -2.350651744374887553e-01 -2.350651744374887553e-01 -2.350651744374887553e-01 -2.350651744374887553e-01
5.400000000000000000e+01 -2.444114964088897612e-01 -2.444114964088897612e-01 -2.444114964088897612e-01 -2.444114964088897612e-01
5.500000000000000000e+01 -1.997426557046523554e-01 -1.997426557046523554e-01 -1.997426557046523554e-01 -1.997426557046523554e-01
5.600000000000000000e+01 -1.924335053524473538e-01 -1.924335053524473538e-01 -1.924335053524473538e-01 -1.924335053524473538e-01
5.700000000000000000e+01 -4.647075445519879139e-02 -4.647075445519879139e-02 -4.647075445519879139e-02 -4.647075445519879139e-02
5.800000000000000000e+01 -2.517104168673029996e-01 -2.517104168673029996e-01 -2.517104168673029996e-01 -2.517104168673029996e-01
5.900000000000000000e+01 -1.044878015311748592e-01 -1.044878015311748592e-01 -1.044878015311748592e-01 -1.044878015311748592e-01
6.000000000000000000e+01 -1.821692197992339501e-01 -1.821692197992339501e-01 -1.821692197992339501e-01 -1.821692197992339501e-01
6.100000000000000000e+01 -2.243881016170816423e-01 -2.243881016170816423e-01 -2.243881016170816423e-01 -2.243881016170816423e-01
6.200000000000000000e+01 -1.738022726786710714e-01 -1.738022726786710714e-01 -1.738022726786710714e-01 -1.738022726786710714e-01
6.300000000000000000e+01 -1.808780531555748694e-01 -1.808780531555748694e-01 -1.808780531555748694e-01 -1.808780531555748694e-01
6.400000000000000000e+01 -1.802705655703539522e-01 -1.802705655703539522e-01 -1.802705655703539522e-01 -1.802705655703539522e-01
6.500000000000000000e+01 -2.041675514366779465e-01 -2.041675514366779465e-01 -2.041675514366779465e-01 -2.041675514366779465e-01
6.600000000000000000e+01 -2.480562912519121976e-01 -2.480562912519121976e-01 -2.480562912519121976e-01 -2.480562912519121976e-01
6.700000000000000000e+01 -2.111217715818015928e-01 -2.111217715818015928e-01 -2.111217715818015928e-01 -2.111217715818015928e-01
6.800000000000000000e+01 -1.646002858737885266e-01 -1.646002858737885266e-01 -1.646002858737885266e-01 -1.646002858737885266e-01
6.900000000000000000e+01 -1.438236934315902937e-01 -1.438236934315902937e-01 -1.438236934315902937e-01 -1.438236934315902937e-01
7.000000000000000000e+01 -2.209507203646256801e-01 -2.209507203646256801e-01 -2.209507203646256801e-01 -2.209507203646256801e-01
7.100000000000000000e+01 -1.457869471244509219e-01 -1.457869471244509219e-01 -1.457869471244509219e-01 -1.457869471244509219e-01
7.200000000000000000e+01 -1.297172605588104988e-01 -1.297172605588104988e-01 -1.297172605588104988e-01 -1.297172605588104988e-01
7.300000000000000000e+01 -1.716315458480702216e-01 -1.716315458480702216e-01 -1.716315458480702216e-01 -1.716315458480702216e-01
7.400000000000000000e+01 -1.254199834814790360e-01 -1.254199834814790360e-01 -1.254199834814790360e-01 -1.254199834814790360e-01
7.500000000000000000e+01 -6.374426706238479901e-02 -6.374426706238479901e-02 -6.374426706238479901e-02 -6.374426706238479901e-02
7.600000000000000000e+01 -1.551090632087613053e-01 -1.551090632087613053e-01 -1.551090632087613053e-01 -1.551090632087613053e-01
7.700000000000000000e+01 -3.293234362091191358e-01 -3.293234362091191358e-01 -3.293234362091191358e-01 -3.293234362091191358e-01
7.800000000000000000e+01 -1.361960184441788069e-01 -1.361960184441788069e-01 -1.361960184441788069e-01 -1.361960184441788069e-01
7.900000000000000000e+01 -1.329199727786538610e-01 -1.329199727786538610e-01 -1.329199727786538610e-01 -1.329199727786538610e-01
8.000000000000000000e+01 -9.670498922472053893e-02 -9.670498922472053893e-02 -9.670498922472053893e-02 -9.670498922472053893e-02
8.100000000000000000e+01 -1.297551678367719896e-01 -1.297551678367719896e-01 -1.297551678367719896e-01 -1.297551678367719896e-01
8.200000000000000000e+01 -1.488556272938946767e-01 -1.488556272938946767e-01 -1.488556272938946767e-01 -1.488556272938946767e-01
8.300000000000000000e+01 -9.920012944733817839e-02 -9.920012944733817839e-02 -9.920012944733817839e-02 -9.920012944733817839e-02
8.400000000000000000e+01 -1.169913622444813395e-01 -1.169913622444813395e-01 -1.169913622444813395e-01 -1.169913622444813395e-01
8.500000000000000000e+01 -1.801753126769327640e-01 -1.801753126769327640e-01 -1.801753126769327640e-01 -1.801753126769327640e-01
8.600000000000000000e+01 -1.411044465387188973e-01 -1.411044465387188973e-01 -1.411044465387188973e-01 -1.411044465387188973e-01
8.700000000000000000e+01 -1.481736805054058859e-01 -1.481736805054058859e-01 -1.481736805054058859e-01 -1.481736805054058859e-01
8.800000000000000000e+01 -1.470428376764117417e-01 -1.470428376764117417e-01 -1.470428376764117417e-01 -1.470428376764117417e-01
8.900000000000000000e+01 -1.863195675867690970e-01 -1.863195675867690970e-01 -1.863195675867690970e-01 -1.863195675867690970e-01
9.000000000000000000e+01 -1.977196216976083165e-01 -1.977196216976083165e-01 -1.977196216976083165e-01 -1.977196216976083165e-01
9.100000000000000000e+01 -1.754439121591767348e-01 -1.754439121591767348e-01 -1.754439121591767348e-01 -1.754439121591767348e-01
9.200000000000000000e+01 -1.717264214523465393e-01 -1.717264214523465393e-01 -1.717264214523465393e-01 -1.717264214523465393e-01
9.300000000000000000e+01 -2.012728919583235132e-01 -2.012728919583235132e-01 -2.012728919583235132e-01 -2.012728919583235132e-01
9.400000000000000000e+01 -1.420279913186852372e-01 -1.420279913186852372e-01 -1.420279913186852372e-01 -1.420279913186852372e-01
9.500000000000000000e+01 -2.260612375383276029e-01 -2.260612375383276029e-01 -2.260612375383276029e-01 -2.260612375383276029e-01
9.600000000000000000e+01 -2.043250680775235417e-01 -2.043250680775235417e-01 -2.043250680775235417e-01 -2.043250680775235417e-01
9.700000000000000000e+01 -1.060858436676363620e-01 -1.060858436676363620e-01 -1.060858436676363620e-01 -1.060858436676363620e-01
9.800000000000000000e+01 -2.201089189958934933e-01 -2.201089189958934933e-01 -2.201089189958934933e-01 -2.201089189958934933e-01
9.900000000000000000e+01 -1.611135692692915178e-01 -1.611135692692915178e-01 -1.611135692692915178e-01 -1.611135692692915178e-01
1.000000000000000000e+02 -1.355468616421786343e-01 -1.355468616421786343e-01 -1.355468616421786343e-01 -1.355468616421786343e-01
1.010000000000000000e+02 -1.812202385501654467e-01 -1.812202385501654467e-01 -1.812202385501654467e-01 -1.812202385501654467e-01
1.020000000000000000e+02 -1.505365318951036313e-01 -1.505365318951036313e-01 -1.505365318951036313e-01 -1.505365318951036313e-01
1.030000000000000000e+02 -1.691830397928002494e-01 -1.691830397928002494e-01 -1.691830397928002494e-01 -1.691830397928002494e-01
1.040000000000000000e+02 -5.285638116248408958e-02 -5.285638116248408958e-02 -5.285638116248408958e-02 -5.285638116248408958e-02
1.050000000000000000e+02 -2.324680815377298537e-01 -2.324680815377298537e-01 -2.324680815377298537e-01 -2.324680815377298537e-01
1.060000000000000000e+02 -9.397512161846355294e-02 -9.397512161846355294e-02 -9.397512161846355294e-02 -9.397512161846355294e-02
1.070000000000000000e+02 -2.126253603895971456e-01 -2.126253603895971456e-01 -2.126253603895971456e-01 -2.126253603895971456e-01
1.080000000000000000e+02 -1.741920531881883671e-01 -1.741920531881883671e-01 -1.741920531881883671e-01 -1.741920531881883671e-01
1.090000000000000000e+02 -1.431133117539429289e-01 -1.431133117539429289e-01 -1.431133117539429289e-01 -1.431133117539429289e-01
1.100000000000000000e+02 -1.878545781968300465e-01 -1.878545781968300465e-01 -1.878545781968300465e-01 -1.878545781968300465e-01
1.110000000000000000e+02 -1.849589504931830608e-01 -1.849589504931830608e-01 -1.849589504931830608e-01 -1.849589504931830608e-01
1.120000000000000000e+02 -1.751335980188897246e-01 -1.751335980188897246e-01 -1.751335980188897246e-01 -1.751335980188897246e-01
1.130000000000000000e+02 -2.026226579429842301e-01 -2.026226579429842301e-01 -2.026226579429842301e-01 -2.026226579429842301e-01
1.140000000000000000e+02 -1.747864630938266994e-01 -1.747864630938266994e-01 -1.747864630938266994e-01 -1.747864630938266994e-01
1.150000000000000000e+02 -1.781114341624043251e-01 -1.781114341624043251e-01 -1.781114341624043251e-01 -1.781114341624043251e-01
1.160000000000000000e+02 -2.497074128714562580e-01 -2.497074128714562580e-01 -2.497074128714562580e-01 -2.497074128714562580e-01
1.170000000000000000e+02 -2.299991370406208047e-01 -2.299991370406208047e-01 -2.299991370406208047e-01 -2.299991370406208047e-01
1.180000000000000000e+02 -1.322272932544648616e-01 -1.322272932544648616e-01 -1.322272932544648616e-01 -1.322272932544648616e-01
