0.000000000000000000e+00 -3.267008593665843730e+00 -3.267008593665843730e+00 -3.267008593665843730e+00 -3.267008593665843730e+00
1.000000000000000000e+00 -2.041072517810628373e+00 -2.041072517810628373e+00 -2.041072517810628373e+00 -2.041072517810628373e+00
2.000000000000000000e+00 -2.354246554362005472e+00 -2.354246554362005472e+00 -2.354246554362005472e+00 -2.354246554362005472e+00
3.000000000000000000e+00 -2.443920719863162283e+00 -2.443920719863162283e+00 -2.443920719863162283e+00 -2.443920719863162283e+00
4.000000000000000000e+00 -2.009199719285124086e+00 -2.009199719285124086e+00 -2.009199719285124086e+00 -2.009199719285124086e+00
5.000000000000000000e+00 -2.393465152967380494e+00 -2.393465152967380494e+00 -2.393465152967380494e+00 -2.393465152967380494e+00
6.000000000000000000e+00 -1.326832312695684246e+00 -1.326832312695684246e+00 -1.326832312695684246e+00 -1.326832312695684246e+00
7.000000000000000000e+00 -1.261633875966854390e+00 -1.261633875966854390e+00 -1.261633875966854390e+00 -1.261633875966854390e+00
8.000000000000000000e+00 -1.127342535895971221e+00 -1.127342535895971221e+00 -1.127342535895971221e+00 -1.127342535895971221e+00
9.000000000000000000e+00 -6.794831088885986414e-01 -6.794831088885986414e-01 -6.794831088885986414e-01 -6.794831088885986414e-01
1.000000000000000000e+01 -1.446125605105910150e+00 -1.446125605105910150e+00 -1.446125605105910150e+00 -1.446125605105910150e+00
1.100000000000000000e+01 -1.199981143334438505e+00 -1.199981143334438505e+00 -1.199981143334438505e+00 -1.199981143334438505e+00
1.200000000000000000e+01 -1.487793343762995324e+00 -1.487793343762995324e+00 -1.487793343762995324e+00 -1.487793343762995324e+00
1.300000000000000000e+01 -1.320374880043710952e+00 -1.320374880043710952e+00 -1.320374880043710952e+00 -1.320374880043710952e+00
1.400000000000000000e+01 -1.557993101596841345e+00 -1.557993101596841345e+00 -1.557993101596841345e+00 -1.557993101596841345e+00
1.500000000000000000e+01 -1.474051508138718880e+00 -1.474051508138718880e+00 -1.474051508138718880e+00 -1.474051508138718880e+00
1.600000000000000000e+01 -1.892601085447209064e+00 -1.892601085447209064e+00 -1.892601085447209064e+00 -1.892601085447209064e+00
1.700000000000000000e+01 -1.073198350665496958e+00 -1.073198350665496958e+00 -1.073198350665496958e+00 -1.073198350665496958e+00
1.800000000000000000e+01 -1.834878494122415438e+00 -1.834878494122415438e+00 -1.834878494122415438e+00 -1.834878494122415438e+00
1.900000000000000000e+01 -1.657688057956344663e+00 -1.657688057956344663e+00 -1.657688057956344663e+00 -1.657688057956344663e+00
2.000000000000000000e+01 -1.089224007963619290e+00 -1.089224007963619290e+00 -1.089224007963619290e+00 -1.089224007963619290e+00
2.100000000000000000e+01 -1.342134626002594811e+00 -1.342134626002594811e+00 -1.342134626002594811e+00 -1.342134626002594811e+00
2.200000000000000000e+01 -4.321247276644543667e-01 -4.321247276644543667e-01 -4.321247276644543667e-01 -4.321247276644543667e-01
2.300000000000000000e+01 -1.415409622524601119e+00 -1.415409622524601119e+00 -1.415409622524601119e+00 -1.415409622524601119e+00
2.400000000000000000e+01 -2.616184640852790011e-01 -2.616184640852790011e-01 -2.616184640852790011e-01 -2.616184640852790011e-01
2.500000000000000000e+01 -5.071956561028330146e-01 -5.071956561028330146e-01 -5.071956561028330146e-01 -5.071956561028330146e-01
2.600000000000000000e+01 -8.455622794679055199e-01 -8.455622794679055199e-01 -8.455622794679055199e-01 -8.455622794679055199e-01
2.700000000000000000e+01 1.244560445193959586e-01 1.244560445193959586e-01 1.244560445193959586e-01 1.244560445193959586e-01
2.800000000000000000e+01 -5.529403068393943244e-01 -5.529403068393943244e-01 -5.529403068393943244e-01 -5.529403068393943244e-01
2.900000000000000000e+01 -4.252049971561744357e-01 -4.252049971561744357e-01 -4.252049971561744357e-01 -4.252049971561744357e-01
3.000000000000000000e+01 -3.015644646841326160e-01 -3.015644646841326160e-01 -3.015644646841326160e-01 -3.015644646841326160e-01
3.100000000000000000e+01 -4.528056958063125248e-01 -4.528056958063125248e-01 -4.528056958063125248e-01 -4.528056958063125248e-01
3.200000000000000000e+01 -9.932035537313012308e-02 -9.932035537313012308e-02 -9.932035537313012308e-02 -9.932035537313012308e-02
3.300000000000000000e+01 -1.192522240385603949e+00 -1.192522240385603949e+00 -1.192522240385603949e+00 -1.192522240385603949e+00
3.400000000000000000e+01 -6.676882205388547931e-01 -6.676882205388547931e-01 -6.676882205388547931e-01 -6.676882205388547931e-01
3.500000000000000000e+01 3.640897467991990877e-02 3.640897467991990877e-02 3.640897467991990877e-02 3.640897467991990877e-02
3.600000000000000000e+01 -1.037873585311054558e+00 -1.037873585311054558e+00 -1.037873585311054558e+00 -1.037873585311054558e+00
3.700000000000000000e+01 1.942150319647198975e-01 1.942150319647198975e-01 1.942150319647198975e-01 1.942150319647198975e-01
3.800000000000000000e+01 -5.980530776202283016e-01 -5.980530776202283016e-01 -5.980530776202283016e-01 -5.980530776202283016e-01
3.900000000000000000e+01 4.493922485254472042e-03 4.493922485254472042e-03 4.493922485254472042e-03 4.493922485254472042e-03
4.000000000000000000e+01 -1.313964035438781153e+00 -1.313964035438781153e+00 -1.313964035438781153e+00 -1.313964035438781153e+00
4.100000000000000000e+01 -8.021140384226842501e-01 -8.021140384226842501e-01 -8.021140384226842501e-01 -8.021140384226842501e-01
4.200000000000000000e+01 -1.751787088845530027e-01 -1.751787088845530027e-01 -1.751787088845530027e-01 -1.751787088845530027e-01
4.300000000000000000e+01 1.381519699791626810e+00 1.381519699791626810e+00 1.381519699791626810e+00 1.381519699791626810e+00
4.400000000000000000e+01 -6.355063667018351348e-01 -6.355063667018351348e-01 -6.355063667018351348e-01 -6.355063667018351348e-01
4.500000000000000000e+01 -1.710933691253167410e+00 -1.710933691253167410e+00 -1.710933691253167410e+00 -1.710933691253167410e+00
4.600000000000000000e+01 1.899142896463720115e-02 1.899142896463720115e-02 1.899142896463720115e-02 1.899142896463720115e-02
4.700000000000000000e+01 -1.718699338448866631e-01 -1.718699338448866631e-01 -1.718699338448866631e-01 -1.718699338448866631e-01
4.800000000000000000e+01 -6.544862228656072034e-01 -6.544862228656072034e-01 -6.544862228656072034e-01 -6.544862228656072034e-01
4.900000000000000000e+01 -7.530428547697346486e-01 -7.530428547697346486e-01 -7.530428547697346486e-01 -7.530428547697346486e-01
5.000000000000000000e+01 2.213946799145192768e-01 2.213946799145192768e-01 2.213946799145192768e-01 2.213946799145192768e-01
5.100000000000000000e+01 -5.016069128149236445e-01 -5.016069128149236445e-01 -5.016069128149236445e-01 -5.016069128149236445e-01
5.200000000000000000e+01 -1.410034539320533797e-01 -1.410034539320533797e-01 -1.410034539320533797e-01 -1.410034539320533797e-01
5.300000000000000000e+01 -8.796641606037940431e-01 -8.796641606037940431e-01 -8.796641606037940431e-01 -8.796641606037940431e-01
5.400000000000000000e+01 2.414820180415259976e-01 2.414820180415259976e-01 2.414820180415259976e-01 2.414820180415259976e-01
5.500000000000000000e+01 -4.680945015490876882e-02 -4.680945015490876882e-02 -4.680945015490876882e-02 -4.680945015490876882e-02
5.600000000000000000e+01 4.705411062522321108e-01 4.705411062522321108e-01 4.705411062522321108e-01 4.705411062522321108e-01
5.700000000000000000e+01 -6.545225538678675070e-01 -6.545225538678675070e-01 -6.545225538678675070e-01 -6.545225538678675070e-01
5.800000000000000000e+01 2.483874483244751796e-01 2.483874483244751796e-01 2.483874483244751796e-01 2.483874483244751796e-01
5.900000000000000000e+01 -4.712316544736021573e-01 -4.712316544736021573e-01 -4.712316544736021573e-01 -4.712316544736021573e-01
6.000000000000000000e+01 1.144702563338054618e-01 1.144702563338054618e-01 1.144702563338054618e-01 1.144702563338054618e-01
6.100000000000000000e+01 -3.895148084907282260e-01 -3.895148084907282260e-01 -3.895148084907282260e-01 -3.895148084907282260e-01
6.200000000000000000e+01 8.729530339206424960e-01 8.729530339206424960e-01 8.729530339206424960e-01 8.729530339206424960e-01
6.300000000000000000e+01 6.701497344315756610e-01 6.701497344315756610e-01 6.701497344315756610e-01 6.701497344315756610e-01
6.400000000000000000e+01 5.214813437566444554e-01 5.214813437566444554e-01 5.214813437566444554e-01 5.214813437566444554e-01
6.500000000000000000e+01 -8.991787226396656951e-01 -8.991787226396656951e-01 -8.991787226396656951e-01 -8.991787226396656951e-01
6.600000000000000000e+01 -5.339858381743106674e-01 -5.339858381743106674e-01 -5.339858381743106674e-01 -5.339858381743106674e-01
6.700000000000000000e+01 -4.040129428868254741e-02 -4.040129428868254741e-02 -4.040129428868254741e-02 -4.040129428868254741e-02
6.800000000000000000e+01 2.821753386671808639e-01 2.821753386671808639e-01 2.821753386671808639e-01 2.821753386671808639e-01
6.900000000000000000e+01 -5.493131271102374980e-01 -5.493131271102374980e-01 -5.493131271102374980e-01 -5.493131271102374980e-01
7.000000000000000000e+01 1.165002175516900301e-01 1.165002175516900301e-01 1.165002175516900301e-01 1.165002175516900301e-01
7.100000000000000000e+01 -8.790150067842782411e-01 -8.790150067842782411e-01 -8.790150067842782411e-01 -8.790150067842782411e-01
7.200000000000000000e+01 6.686448968594529418e-01 6.686448968594529418e-01 6.686448968594529418e-01 6.686448968594529418e-01
7.300000000000000000e+01 -9.797371823124993995e-01 -9.797371823124993995e-01 -9.797371823124993995e-01 -9.797371823124993995e-01
7.400000000000000000e+01 -2.063895794425994051e-02 -2.063895794425994051e-02 -2.063895794425994051e-02 -2.063895794425994051e-02
7.500000000000000000e+01 -3.019113074002605646e-01 -3.019113074002605646e-01 -3.019113074002605646e-01 -3.019113074002605646e-01
7.600000000000000000e+01 4.974439600973080133e-01 4.974439600973080133e-01 4.974439600973080133e-01 4.974439600973080133e-01
7.700000000000000000e+01 3.480960252448683234e-01 3.480960252448683234e-01 3.480960252448683234e-01 3.480960252448683234e-01
7.800000000000000000e+01 9.390425078864115260e-01 9.390425078864115260e-01 9.390425078864115260e-01 9.390425078864115260e-01
7.900000000000000000e+01 -8.714096631021284178e-01 -8.714096631021284178e-01 -8.714096631021284178e-01 -8.714096631021284178e-01
8.000000000000000000e+01 -1.373709728401080632e+00 -1.373709728401080632e+00 -1.373709728401080632e+00 -1.373709728401080632e+00
8.100000000000000000e+01 -3.884870066308026004e+00 -3.884870066308026004e+00 -3.884870066308026004e+00 -3.884870066308026004e+00
8.200000000000000000e+01 -1.454805581421151128e+00 -1.454805581421151128e+00 -1.454805581421151128e+00 -1.454805581421151128e+00
8.300000000000000000e+01 -1.727840937487006012e-01 -1.727840937487006012e-01 -1.727840937487006012e-01 -1.727840937487006012e-01
8.400000000000000000e+01 -7.463675146351128609e-02 -7.463675146351128609e-02 -7.463675146351128609e-02 -7.463675146351128609e-02
8.500000000000000000e+01 -5.375152366324522646e-01 -5.375152366324522646e-01 -5.375152366324522646e-01 -5.375152366324522646e-01
8.600000000000000000e+01 -6.069054171800396524e-01 -6.069054171800396524e-01 -6.069054171800396524e-01 -6.069054171800396524e-01
8.700000000000000000e+01 -6.556453440545240152e-01 -6.556453440545240152e-01 -6.556453440545240152e-01 -6.556453440545240152e-01
8.800000000000000000e+01 1.056830515220847921e+00 1.056830515220847921e+00 1.056830515220847921e+00 1.056830515220847921e+00
8.900000000000000000e+01 1.048547497850012444e+00 1.048547497850012444e+00 1.048547497850012444e+00 1.048547497850012444e+00
9.000000000000000000e+01 3.768795881969125849e-01 3.768795881969125849e-01 3.768795881969125849e-01 3.768795881969125849e-01
9.100000000000000000e+01 3.872774475457413379e-01 3.872774475457413379e-01 3.872774475457413379e-01 3.872774475457413379e-01
9.200000000000000000e+01 6.117442920368886261e-01 6.117442920368886261e-01 6.117442920368886261e-01 6.117442920368886261e-01
9.300000000000000000e+01 2.410768756051602235e+00 2.410768756051602235e+00 2.410768756051602235e+00 2.410768756051602235e+00
9.400000000000000000e+01 1.286637451947088451e+00 1.286637451947088451e+00 1.286637451947088451e+00 1.286637451947088451e+00
9.500000000000000000e+01 9.883408173658370099e-01 9.883408173658370099e-01 9.883408173658370099e-01 9.883408173658370099e-01
9.600000000000000000e+01 -7.710485586983207851e-01 -7.710485586983207851e-01 -7.710485586983207851e-01 -7.710485586983207851e-01
9.700000000000000000e+01 -2.273899595502515858e+00 -2.273899595502515858e+00 -2.273899595502515858e+00 -2.273899595502515858e+00
9.800000000000000000e+01 -2.343066101906003063e+00 -2.343066101906003063e+00 -2.343066101906003063e+00 -2.343066101906003063e+00
9.900000000000000000e+01 -1.983394996401084853e+00 -1.983394996401084853e+00 -1.983394996401084853e+00 -1.983394996401084853e+00
