0.000000000000000000e+00 -5.564463374569734722e-01 -5.564463374569734722e-01 -5.564463374569734722e-01 -5.564463374569734722e-01
1.000000000000000000e+00 -2.739794618668862092e-01 -2.739794618668862092e-01 -2.739794618668862092e-01 -2.739794618668862092e-01
2.000000000000000000e+00 -2.491506626558638027e-01 -2.491506626558638027e-01 -2.491506626558638027e-01 -2.491506626558638027e-01
3.000000000000000000e+00 -2.897089497031717920e-01 -2.897089497031717920e-01 -2.897089497031717920e-01 -2.897089497031717920e-01
4.000000000000000000e+00 -2.056723229854034996e-01 -2.056723229854034996e-01 -2.056723229854034996e-01 -2.056723229854034996e-01
5.000000000000000000e+00 -2.029824647086104494e-01 -2.029824647086104494e-01 -2.029824647086104494e-01 -2.029824647086104494e-01
6.000000000000000000e+00 -1.741323979317017101e-01 -1.741323979317017101e-01 -1.741323979317017101e-01 -1.741323979317017101e-01
7.000000000000000000e+00 -1.063286724070471867e-01 -1.063286724070471867e-01 -1.063286724070471867e-01 -1.063286724070471867e-01
8.000000000000000000e+00 -1.427393257113617198e-01 -1.427393257113617198e-01 -1.427393257113617198e-01 -1.427393257113617198e-01
9.000000000000000000e+00 -7.920310900419402778e-02 -7.920310900419402778e-02 -7.920310900419402778e-02 -7.920310900419402778e-02
1.000000000000000000e+01 1.763450313401085934e-01 1.763450313401085934e-01 1.763450313401085934e-01 1.763450313401085934e-01
1.100000000000000000e+01 -1.912473156312531619e-01 -1.912473156312531619e-01 -1.912473156312531619e-01 -1.912473156312531619e-01
1.200000000000000000e+01 1.445979361377381367e-01 1.445979361377381367e-01 1.445979361377381367e-01 1.445979361377381367e-01
1.300000000000000000e+01 1.480736424229412429e-01 1.480736424229412429e-01 1.480736424229412429e-01 1.480736424229412429e-01
1.400000000000000000e+01 3.362961868561022138e-02 3.362961868561022138e-02 3.362961868561022138e-02 3.362961868561022138e-02
1.500000000000000000e+01 1.155793275943918508e-01 1.155793275943918508e-01 1.155793275943918508e-01 1.155793275943918508e-01
1.600000000000000000e+01 1.344209698557809474e-01 1.344209698557809474e-01 1.344209698557809474e-01 1.344209698557809474e-01
1.700000000000000000e+01 1.627374506688857858e-01 1.627374506688857858e-01 1.627374506688857858e-01 1.627374506688857858e-01
1.800000000000000000e+01 1.254007047752394854e-01 1.254007047752394854e-01 1.254007047752394854e-01 1.254007047752394854e-01
1.900000000000000000e+01 3.687473506285218749e-02 3.687473506285218749e-02 3.687473506285218749e-02 3.687473506285218749e-02
2.000000000000000000e+01 3.951679389895049882e-02 3.951679389895049882e-02 3.951679389895049882e-02 3.951679389895049882e-02
2.100000000000000000e+01 1.383512489290234515e-01 1.383512489290234515e-01 1.383512489290234515e-01 1.383512489290234515e-01
2.200000000000000000e+01 3.328852044480570815e-02 3.328852044480570815e-02 3.328852044480570815e-02 3.328852044480570815e-02
2.300000000000000000e+01 8.715597023256528575e-02 8.715597023256528575e-02 8.715597023256528575e-02 8.715597023256528575e-02
2.400000000000000000e+01 1.110896220674106732e-01 1.110896220674106732e-01 1.110896220674106732e-01 1.110896220674106732e-01
2.500000000000000000e+01 -3.411289001120915154e-02 -3.411289001120915154e-02 -3.411289001120915154e-02 -3.411289001120915154e-02
2.600000000000000000e+01 6.708595338081987935e-02 6.708595338081987935e-02 6.708595338081987935e-02 6.708595338081987935e-02
2.700000000000000000e+01 2.003133869056787641e-01 2.003133869056787641e-01 2.003133869056787641e-01 2.003133869056787641e-01
2.800000000000000000e+01 4.399900398653006778e-02 4.399900398653006778e-02 4.399900398653006778e-02 4.399900398653006778e-02
2.900000000000000000e+01 1.028256705905317703e-01 1.028256705905317703e-01 1.028256705905317703e-01 1.028256705905317703e-01
3.000000000000000000e+01 1.122539501634323006e-01 1.122539501634323006e-01 1.122539501634323006e-01 1.122539501634323006e-01
3.100000000000000000e+01 1.268640611614700042e-01 1.268640611614700042e-01 1.268640611614700042e-01 1.268640611614700042e-01
3.200000000000000000e+01 1.560427439845223641e-01 1.560427439845223641e-01 1.560427439845223641e-01 1.560427439845223641e-01
3.300000000000000000e+01 1.405473987220162424e-01 1.405473987220162424e-01 1.405473987220162424e-01 1.405473987220162424e-01
3.400000000000000000e+01 6.549455622207414618e-02 6.549455622207414618e-02 6.549455622207414618e-02 6.549455622207414618e-02
3.500000000000000000e+01 1.367020838486480150e-01 1.367020838486480150e-01 1.367020838486480150e-01 1.367020838486480150e-01
3.600000000000000000e+01 1.414174510821911979e-01 1.414174510821911979e-01 1.414174510821911979e-01 1.414174510821911979e-01
3.700000000000000000e+01 5.812660374075651754e-02 5.812660374075651754e-02 5.812660374075651754e-02 5.812660374075651754e-02
3.800000000000000000e+01 4.474405888242204143e-02 4.474405888242204143e-02 4.474405888242204143e-02 4.474405888242204143e-02
3.900000000000000000e+01 1.168583124462309547e-03 1.168583124462309547e-03 1.168583124462309547e-03 1.168583124462309547e-03
4.000000000000000000e+01 -4.475281496473558496e-02 -4.475281496473558496e-02 -4.475281496473558496e-02 -4.475281496473558496e-02
4.100000000000000000e+01 1.816451252549581563e-01 1.816451252549581563e-01 1.816451252549581563e-01 1.816451252549581563e-01
4.200000000000000000e+01 -5.606930240116390907e-02 -5.606930240116390907e-02 -5.606930240116390907e-02 -5.606930240116390907e-02
4.300000000000000000e+01 9.618544639689969537e-04 9.618544639689969537e-04 9.618544639689969537e-04 9.618544639689969537e-04
4.400000000000000000e+01 3.475371463659243099e-01 3.475371463659243099e-01 3.475371463659243099e-01 3.475371463659243099e-01
4.500000000000000000e+01 -1.015186226140305827e-02 -1.015186226140305827e-02 -1.015186226140305827e-02 -1.015186226140305827e-02
4.600000000000000000e+01 9.823849608339378647e-02 9.823849608339378647e-02 9.823849608339378647e-02 9.823849608339378647e-02
4.700000000000000000e+01 9.363772903925574043e-02 9.363772903925574043e-02 9.363772903925574043e-02 9.363772903925574043e-02
4.800000000000000000e+01 8.788909584020583587e-02 8.788909584020583587e-02 8.788909584020583587e-02 8.788909584020583587e-02
4.900000000000000000e+01 4.900240675844742128e-02 4.900240675844742128e-02 4.900240675844742128e-02 4.900240675844742128e-02
5.000000000000000000e+01 1.051156498464741462e-01 1.051156498464741462e-01 1.051156498464741462e-01 1.051156498464741462e-01
5.100000000000000000e+01 2.454627152949943047e-01 2.454627152949943047e-01 2.454627152949943047e-01 2.454627152949943047e-01
5.200000000000000000e+01 4.391764591608137563e-02 4.391764591608137563e-02 4.391764591608137563e-02 4.391764591608137563e-02
5.300000000000000000e+01 2.963935985017279173e-01 2.963935985017279173e-01 2.963935985017279173e-01 2.963935985017279173e-01
5.400000000000000000e+01 1.011892671165562918e-01 1.011892671165562918e-01 1.011892671165562918e-01 1.011892671165562918e-01
5.500000000000000000e+01 2.710372040592604059e-01 2.710372040592604059e-01 2.710372040592604059e-01 2.710372040592604059e-01
5.600000000000000000e+01 1.238525731550590460e-02 1.238525731550590460e-02 1.238525731550590460e-02 1.238525731550590460e-02
5.700000000000000000e+01 1.008984697103007672e-01 1.008984697103007672e-01 1.008984697103007672e-01 1.008984697103007672e-01
5.800000000000000000e+01 1.460104359881857217e-01 1.460104359881857217e-01 1.460104359881857217e-01 1.460104359881857217e-01
5.900000000000000000e+01 8.083857480626883973e-02 8.083857480626883973e-02 8.083857480626883973e-02 8.083857480626883973e-02
6.000000000000000000e+01 1.661096871744139059e-01 1.661096871744139059e-01 1.661096871744139059e-01 1.661096871744139059e-01
6.100000000000000000e+01 -7.550336668828627751e-02 -7.550336668828627751e-02 -7.550336668828627751e-02 -7.550336668828627751e-02
6.200000000000000000e+01 6.558020842255539440e-02 6.558020842255539440e-02 6.558020842255539440e-02 6.558020842255539440e-02
6.300000000000000000e+01 -1.314303501048346146e-01 -1.314303501048346146e-01 -1.314303501048346146e-01 -1.314303501048346146e-01
6.400000000000000000e+01 1.506891500471093104e-01 1.506891500471093104e-01 1.506891500471093104e-01 1.506891500471093104e-01
6.500000000000000000e+01 2.418445094241283289e-01 2.418445094241283289e-01 2.418445094241283289e-01 2.418445094241283289e-01
6.600000000000000000e+01 -2.285341656203082952e-02 -2.285341656203082952e-02 -2.285341656203082952e-02 -2.285341656203082952e-02
6.700000000000000000e+01 1.180364589378817552e-01 1.180364589378817552e-01 1.180364589378817552e-01 1.180364589378817552e-01
6.800000000000000000e+01 1.318487077380934569e-01 1.318487077380934569e-01 1.318487077380934569e-01 1.318487077380934569e-01
6.900000000000000000e+01 1.639648868019442096e-01 1.639648868019442096e-01 1.639648868019442096e-01 1.639648868019442096e-01
7.000000000000000000e+01 -1.796701702887280871e-02 -1.796701702887280871e-02 -1.796701702887280871e-02 -1.796701702887280871e-02
7.100000000000000000e+01 4.796422521035196423e-02 4.796422521035196423e-02 4.796422521035196423e-02 4.796422521035196423e-02
7.200000000000000000e+01 1.203141105056091675e-01 1.203141105056091675e-01 1.203141105056091675e-01 1.203141105056091675e-01
7.300000000000000000e+01 1.138222584685669586e-01 1.138222584685669586e-01 1.138222584685669586e-01 1.138222584685669586e-01
7.400000000000000000e+01 1.650984610653177462e-02 1.650984610653177462e-02 1.650984610653177462e-02 1.650984610653177462e-02
7.500000000000000000e+01 -8.287914096505941131e-02 -8.287914096505941131e-02 -8.287914096505941131e-02 -8.287914096505941131e-02
7.600000000000000000e+01 3.296369608257908035e-01 3.296369608257908035e-01 3.296369608257908035e-01 3.296369608257908035e-01
7.700000000000000000e+01 6.550193966623853170e-02 6.550193966623853170e-02 6.550193966623853170e-02 6.550193966623853170e-02
7.800000000000000000e+01 1.367823451849060346e-01 1.367823451849060346e-01 1.367823451849060346e-01 1.367823451849060346e-01
7.900000000000000000e+01 7.466697107434372600e-03 7.466697107434372600e-03 7.466697107434372600e-03 7.466697107434372600e-03
8.000000000000000000e+01 -6.965798188725697004e-02 -6.965798188725697004e-02 -6.965798188725697004e-02 -6.965798188725697004e-02
8.100000000000000000e+01 3.027640598285199491e-01 3.027640598285199491e-01 3.027640598285199491e-01 3.027640598285199491e-01
8.200000000000000000e+01 1.865877473716537685e-02 1.865877473716537685e-02 1.865877473716537685e-02 1.865877473716537685e-02
8.300000000000000000e+01 -1.245031445613788840e-01 -1.245031445613788840e-01 -1.245031445613788840e-01 -1.245031445613788840e-01
8.400000000000000000e+01 2.255714068944751904e-01 2.255714068944751904e-01 2.255714068944751904e-01 2.255714068944751904e-01
8.500000000000000000e+01 9.022005955946457711e-02 9.022005955946457711e-02 9.022005955946457711e-02 9.022005955946457711e-02
8.600000000000000000e+01 1.309087733463000502e-01 1.309087733463000502e-01 1.309087733463000502e-01 1.309087733463000502e-01
8.700000000000000000e+01 5.636175411433971133e-02 5.636175411433971133e-02 5.636175411433971133e-02 5.636175411433971133e-02
8.800000000000000000e+01 1.611319926216173981e-01 1.611319926216173981e-01 1.611319926216173981e-01 1.611319926216173981e-01
8.900000000000000000e+01 1.063827290435703232e-01 1.063827290435703232e-01 1.063827290435703232e-01 1.063827290435703232e-01
9.000000000000000000e+01 -1.546370817176957457e-01 -1.546370817176957457e-01 -1.546370817176957457e-01 -1.546370817176957457e-01
9.100000000000000000e+01 -2.800140471257164254e-01 -2.800140471257164254e-01 -2.800140471257164254e-01 -2.800140471257164254e-01
9.200000000000000000e+01 -3.404770514564347539e-01 -3.404770514564347539e-01 -3.404770514564347539e-01 -3.404770514564347539e-01
9.300000000000000000e+01 4.107360815881954119e-01 4.107360815881954119e-01 4.107360815881954119e-01 4.107360815881954119e-01
9.400000000000000000e+01 -3.408408222568645035e-02 -3.408408222568645035e-02 -3.408408222568645035e-02 -3.408408222568645035e-02
9.500000000000000000e+01 2.210193203866584744e-01 2.210193203866584744e-01 2.210193203866584744e-01 2.210193203866584744e-01
9.600000000000000000e+01 4.823725147507430533e-01 4.823725147507430533e-01 4.823725147507430533e-01 4.823725147507430533e-01
9.700000000000000000e+01 -4.029828055268521586e-02 -4.029828055268521586e-02 -4.029828055268521586e-02 -4.029828055268521586e-02
9.800000000000000000e+01 -2.654533742551417608e-01 -2.654533742551417608e-01 -2.654533742551417608e-01 -2.654533742551417608e-01
9.900000000000000000e+01 1.479058887039993442e-01 1.479058887039993442e-01 1.479058887039993442e-01 1.479058887039993442e-01
1.000000000000000000e+02 -3.461457626964616341e-01 -3.461457626964616341e-01 -3.461457626964616341e-01 -3.461457626964616341e-01
1.010000000000000000e+02 -2.662163315691291610e-01 -2.662163315691291610e-01 -2.662163315691291610e-01 -2.662163315691291610e-01
1.020000000000000000e+02 3.644705015005220150e-01 3.644705015005220150e-01 3.644705015005220150e-01 3.644705015005220150e-01
1.030000000000000000e+02 -1.290009612138627026e-01 -1.290009612138627026e-01 -1.290009612138627026e-01 -1.290009612138627026e-01
1.040000000000000000e+02 -1.652267006753771472e-01 -1.652267006753771472e-01 -1.652267006753771472e-01 -1.652267006753771472e-01
1.050000000000000000e+02 4.963909447566244859e-01 4.963909447566244859e-01 4.963909447566244859e-01 4.963909447566244859e-01
1.060000000000000000e+02 1.067668515540538265e-01 1.067668515540538265e-01 1.067668515540538265e-01 1.067668515540538265e-01
1.070000000000000000e+02 9.955925742250905375e-02 9.955925742250905375e-02 9.955925742250905375e-02 9.955925742250905375e-02
1.080000000000000000e+02 -2.745294836800843963e-01 -2.745294836800843963e-01 -2.745294836800843963e-01 -2.745294836800843963e-01
1.090000000000000000e+02 2.311036807037438467e-01 2.311036807037438467e-01 2.311036807037438467e-01 2.311036807037438467e-01
1.100000000000000000e+02 8.995823828518132587e-03 8.995823828518132587e-03 8.995823828518132587e-03 8.995823828518132587e-03
1.110000000000000000e+02 -4.267792770106421107e-01 -4.267792770106421107e-01 -4.267792770106421107e-01 -4.267792770106421107e-01
1.120000000000000000e+02 4.254363097876462385e-01 4.254363097876462385e-01 4.254363097876462385e-01 4.254363097876462385e-01
1.130000000000000000e+02 3.140313318480003613e-02 3.140313318480003613e-02 3.140313318480003613e-02 3.140313318480003613e-02
1.140000000000000000e+02 2.612531837308785243e-01 2.612531837308785243e-01 2.612531837308785243e-01 2.612531837308785243e-01
1.150000000000000000e+02 2.963399921240090773e-01 2.963399921240090773e-01 2.963399921240090773e-01 2.963399921240090773e-01
1.160000000000000000e+02 1.301419351870547469e-01 1.301419351870547469e-01 1.301419351870547469e-01 1.301419351870547469e-01
1.170000000000000000e+02 2.222579699200298020e-01 2.222579699200298020e-01 2.222579699200298020e-01 2.222579699200298020e-01
1.180000000000000000e+02 1.861941901206278227e-01 1.861941901206278227e-01 1.861941901206278227e-01 1.861941901206278227e-01
