0.000000000000000000e+00 1.163424987086600026e+01 1.163424987086600026e+01 1.163424987086600026e+01 1.163424987086600026e+01
1.000000000000000000e+00 2.298724556296232180e+01 2.298724556296232180e+01 2.298724556296232180e+01 2.298724556296232180e+01
2.000000000000000000e+00 -1.665051874077006389e+00 -1.665051874077006389e+00 -1.665051874077006389e+00 -1.665051874077006389e+00
3.000000000000000000e+00 -1.704606218738387469e+01 -1.704606218738387469e+01 -1.704606218738387469e+01 -1.704606218738387469e+01
4.000000000000000000e+00 -2.926848472300898507e+01 -2.926848472300898507e+01 -2.926848472300898507e+01 -2.926848472300898507e+01
5.000000000000000000e+00 1.382403144332115552e+01 1.382403144332115552e+01 1.382403144332115552e+01 1.382403144332115552e+01
6.000000000000000000e+00 -5.907521983868405435e+00 -5.907521983868405435e+00 -5.907521983868405435e+00 -5.907521983868405435e+00
7.000000000000000000e+00 4.791915005482047185e+00 4.791915005482047185e+00 4.791915005482047185e+00 4.791915005482047185e+00
8.000000000000000000e+00 1.397686165683545090e+00 1.397686165683545090e+00 1.397686165683545090e+00 1.397686165683545090e+00
9.000000000000000000e+00 7.375079469810338573e+00 7.375079469810338573e+00 7.375079469810338573e+00 7.375079469810338573e+00
1.000000000000000000e+01 -1.690582557768851046e+01 -1.690582557768851046e+01 -1.690582557768851046e+01 -1.690582557768851046e+01
1.100000000000000000e+01 1.308441974495005411e+01 1.308441974495005411e+01 1.308441974495005411e+01 1.308441974495005411e+01
1.200000000000000000e+01 5.671495037005565898e+00 5.671495037005565898e+00 5.671495037005565898e+00 5.671495037005565898e+00
1.300000000000000000e+01 2.486348869076801194e+01 2.486348869076801194e+01 2.486348869076801194e+01 2.486348869076801194e+01
1.400000000000000000e+01 -7.184650301140589335e+00 -7.184650301140589335e+00 -7.184650301140589335e+00 -7.184650301140589335e+00
1.500000000000000000e+01 2.060008548205632906e+01 2.060008548205632906e+01 2.060008548205632906e+01 2.060008548205632906e+01
1.600000000000000000e+01 1.096447270318508949e+01 1.096447270318508949e+01 1.096447270318508949e+01 1.096447270318508949e+01
1.700000000000000000e+01 2.353056651315599712e+00 2.353056651315599712e+00 2.353056651315599712e+00 2.353056651315599712e+00
1.800000000000000000e+01 -1.656203469260709049e+00 -1.656203469260709049e+00 -1.656203469260709049e+00 -1.656203469260709049e+00
1.900000000000000000e+01 2.006824382060348455e+01 2.006824382060348455e+01 2.006824382060348455e+01 2.006824382060348455e+01
2.000000000000000000e+01 2.489683148272195012e+01 2.489683148272195012e+01 2.489683148272195012e+01 2.489683148272195012e+01
2.100000000000000000e+01 2.470665742168405998e+01 2.470665742168405998e+01 2.470665742168405998e+01 2.470665742168405998e+01
2.200000000000000000e+01 -1.662672679209773818e+01 -1.662672679209773818e+01 -1.662672679209773818e+01 -1.662672679209773818e+01
2.300000000000000000e+01 7.872663883076800317e+00 7.872663883076800317e+00 7.872663883076800317e+00 7.872663883076800317e+00
2.400000000000000000e+01 -9.630897238131044702e+00 -9.630897238131044702e+00 -9.630897238131044702e+00 -9.630897238131044702e+00
2.500000000000000000e+01 1.943049708297921185e+01 1.943049708297921185e+01 1.943049708297921185e+01 1.943049708297921185e+01
2.600000000000000000e+01 8.438455296928529137e+00 8.438455296928529137e+00 8.438455296928529137e+00 8.438455296928529137e+00
2.700000000000000000e+01 1.411884586648798390e+01 1.411884586648798390e+01 1.411884586648798390e+01 1.411884586648798390e+01
2.800000000000000000e+01 -1.883724775916964411e+00 -1.883724775916964411e+00 -1.883724775916964411e+00 -1.883724775916964411e+00
2.900000000000000000e+01 2.533334760821093656e+00 2.533334760821093656e+00 2.533334760821093656e+00 2.533334760821093656e+00
3.000000000000000000e+01 3.568785683328249547e+01 3.568785683328249547e+01 3.568785683328249547e+01 3.568785683328249547e+01
3.100000000000000000e+01 5.346117971272652092e+00 5.346117971272652092e+00 5.346117971272652092e+00 5.346117971272652092e+00
3.200000000000000000e+01 2.578679647017509780e+01 2.578679647017509780e+01 2.578679647017509780e+01 2.578679647017509780e+01
3.300000000000000000e+01 -1.951378375081637984e+01 -1.951378375081637984e+01 -1.951378375081637984e+01 -1.951378375081637984e+01
3.400000000000000000e+01 1.332268959884249604e+01 1.332268959884249604e+01 1.332268959884249604e+01 1.332268959884249604e+01
3.500000000000000000e+01 3.151966760638955378e+01 3.151966760638955378e+01 3.151966760638955378e+01 3.151966760638955378e+01
3.600000000000000000e+01 1.808773054758667698e+01 1.808773054758667698e+01 1.808773054758667698e+01 1.808773054758667698e+01
3.700000000000000000e+01 4.282932229425697557e+01 4.282932229425697557e+01 4.282932229425697557e+01 4.282932229425697557e+01
3.800000000000000000e+01 5.683936322631041094e+00 5.683936322631041094e+00 5.683936322631041094e+00 5.683936322631041094e+00
3.900000000000000000e+01 1.404989765093359999e+01 1.404989765093359999e+01 1.404989765093359999e+01 1.404989765093359999e+01
4.000000000000000000e+01 2.156798571308643631e+01 2.156798571308643631e+01 2.156798571308643631e+01 2.156798571308643631e+01
4.100000000000000000e+01 3.670756429377227015e+00 3.670756429377227015e+00 3.670756429377227015e+00 3.670756429377227015e+00
4.200000000000000000e+01 2.638441678481115105e+01 2.638441678481115105e+01 2.638441678481115105e+01 2.638441678481115105e+01
4.300000000000000000e+01 1.982732945632728416e+01 1.982732945632728416e+01 1.982732945632728416e+01 1.982732945632728416e+01
4.400000000000000000e+01 3.535526486035545446e+01 3.535526486035545446e+01 3.535526486035545446e+01 3.535526486035545446e+01
4.500000000000000000e+01 3.606786935157359597e+00 3.606786935157359597e+00 3.606786935157359597e+00 3.606786935157359597e+00
4.600000000000000000e+01 2.267551788994698470e+01 2.267551788994698470e+01 2.267551788994698470e+01 2.267551788994698470e+01
4.700000000000000000e+01 -2.229770741973774228e+00 -2.229770741973774228e+00 -2.229770741973774228e+00 -2.229770741973774228e+00
4.800000000000000000e+01 7.769555868543950972e+00 7.769555868543950972e+00 7.769555868543950972e+00 7.769555868543950972e+00
4.900000000000000000e+01 8.684295290231620612e+00 8.684295290231620612e+00 8.684295290231620612e+00 8.684295290231620612e+00
5.000000000000000000e+01 1.776861091591971942e+01 1.776861091591971942e+01 1.776861091591971942e+01 1.776861091591971942e+01
5.100000000000000000e+01 1.394712454643410027e+01 1.394712454643410027e+01 1.394712454643410027e+01 1.394712454643410027e+01
5.200000000000000000e+01 -4.042117686444460567e+00 -4.042117686444460567e+00 -4.042117686444460567e+00 -4.042117686444460567e+00
5.300000000000000000e+01 -3.194289501616733773e+01 -3.194289501616733773e+01 -3.194289501616733773e+01 -3.194289501616733773e+01
5.400000000000000000e+01 1.293600018318582734e+00 1.293600018318582734e+00 1.293600018318582734e+00 1.293600018318582734e+00
5.500000000000000000e+01 2.692456725395136807e+00 2.692456725395136807e+00 2.692456725395136807e+00 2.692456725395136807e+00
5.600000000000000000e+01 -1.153957336545169454e+01 -1.153957336545169454e+01 -1.153957336545169454e+01 -1.153957336545169454e+01
5.700000000000000000e+01 2.691279512783320627e+01 2.691279512783320627e+01 2.691279512783320627e+01 2.691279512783320627e+01
5.800000000000000000e+01 1.643751548929682116e+01 1.643751548929682116e+01 1.643751548929682116e+01 1.643751548929682116e+01
5.900000000000000000e+01 2.068403593811733998e+01 2.068403593811733998e+01 2.068403593811733998e+01 2.068403593811733998e+01
6.000000000000000000e+01 4.325443545903537057e+01 4.325443545903537057e+01 4.325443545903537057e+01 4.325443545903537057e+01
6.100000000000000000e+01 -5.976642063701096547e-02 -5.976642063701096547e-02 -5.976642063701096547e-02 -5.976642063701096547e-02
6.200000000000000000e+01 -5.030108178631598648e+00 -5.030108178631598648e+00 -5.030108178631598648e+00 -5.030108178631598648e+00
6.300000000000000000e+01 3.863187995929380669e+00 3.863187995929380669e+00 3.863187995929380669e+00 3.863187995929380669e+00
6.400000000000000000e+01 -1.094475584138139546e+01 -1.094475584138139546e+01 -1.094475584138139546e+01 -1.094475584138139546e+01
6.500000000000000000e+01 1.278751941513601942e+01 1.278751941513601942e+01 1.278751941513601942e+01 1.278751941513601942e+01
6.600000000000000000e+01 4.474419766667429599e+01 4.474419766667429599e+01 4.474419766667429599e+01 4.474419766667429599e+01
6.700000000000000000e+01 -1.716602501646377021e+01 -1.716602501646377021e+01 -1.716602501646377021e+01 -1.716602501646377021e+01
6.800000000000000000e+01 2.547973399982704734e+01 2.547973399982704734e+01 2.547973399982704734e+01 2.547973399982704734e+01
6.900000000000000000e+01 4.246490508268293240e+01 4.246490508268293240e+01 4.246490508268293240e+01 4.246490508268293240e+01
7.000000000000000000e+01 3.069323991252420214e+01 3.069323991252420214e+01 3.069323991252420214e+01 3.069323991252420214e+01
7.100000000000000000e+01 4.286977483206650064e+00 4.286977483206650064e+00 4.286977483206650064e+00 4.286977483206650064e+00
7.200000000000000000e+01 2.055445820669355772e+00 2.055445820669355772e+00 2.055445820669355772e+00 2.055445820669355772e+00
7.300000000000000000e+01 5.887248805058852064e+00 5.887248805058852064e+00 5.887248805058852064e+00 5.887248805058852064e+00
7.400000000000000000e+01 4.053954755364439499e+00 4.053954755364439499e+00 4.053954755364439499e+00 4.053954755364439499e+00
7.500000000000000000e+01 2.230352355169461376e+01 2.230352355169461376e+01 2.230352355169461376e+01 2.230352355169461376e+01
7.600000000000000000e+01 3.868458824347054303e+01 3.868458824347054303e+01 3.868458824347054303e+01 3.868458824347054303e+01
7.700000000000000000e+01 -3.084478011026173050e+01 -3.084478011026173050e+01 -3.084478011026173050e+01 -3.084478011026173050e+01
7.800000000000000000e+01 2.185066621711846224e+01 2.185066621711846224e+01 2.185066621711846224e+01 2.185066621711846224e+01
7.900000000000000000e+01 6.597671221589687995e+00 6.597671221589687995e+00 6.597671221589687995e+00 6.597671221589687995e+00
8.000000000000000000e+01 3.350721570593649545e+01 3.350721570593649545e+01 3.350721570593649545e+01 3.350721570593649545e+01
8.100000000000000000e+01 3.454234731736943065e+00 3.454234731736943065e+00 3.454234731736943065e+00 3.454234731736943065e+00
8.200000000000000000e+01 2.826562821307840778e+01 2.826562821307840778e+01 2.826562821307840778e+01 2.826562821307840778e+01
8.300000000000000000e+01 -3.909947027986300583e+01 -3.909947027986300583e+01 -3.909947027986300583e+01 -3.909947027986300583e+01
8.400000000000000000e+01 2.839027183319105063e+01 2.839027183319105063e+01 2.839027183319105063e+01 2.839027183319105063e+01
8.500000000000000000e+01 3.131088469254688178e+01 3.131088469254688178e+01 3.131088469254688178e+01 3.131088469254688178e+01
8.600000000000000000e+01 -2.196320555226899884e+01 -2.196320555226899884e+01 -2.196320555226899884e+01 -2.196320555226899884e+01
8.700000000000000000e+01 1.653672396304710546e+01 1.653672396304710546e+01 1.653672396304710546e+01 1.653672396304710546e+01
8.800000000000000000e+01 3.761717903056693757e+01 3.761717903056693757e+01 3.761717903056693757e+01 3.761717903056693757e+01
8.900000000000000000e+01 8.955945227512195572e+00 8.955945227512195572e+00 8.955945227512195572e+00 8.955945227512195572e+00
9.000000000000000000e+01 -3.685738642564837164e+01 -3.685738642564837164e+01 -3.685738642564837164e+01 -3.685738642564837164e+01
9.100000000000000000e+01 -4.178199465715835004e+00 -4.178199465715835004e+00 -4.178199465715835004e+00 -4.178199465715835004e+00
9.200000000000000000e+01 1.316115334387919766e+01 1.316115334387919766e+01 1.316115334387919766e+01 1.316115334387919766e+01
9.300000000000000000e+01 7.435627923987705223e+00 7.435627923987705223e+00 7.435627923987705223e+00 7.435627923987705223e+00
9.400000000000000000e+01 -5.900112369275049673e+00 -5.900112369275049673e+00 -5.900112369275049673e+00 -5.900112369275049673e+00
9.500000000000000000e+01 1.040112713330431227e+01 1.040112713330431227e+01 1.040112713330431227e+01 1.040112713330431227e+01
9.600000000000000000e+01 -3.824548692368460934e+01 -3.824548692368460934e+01 -3.824548692368460934e+01 -3.824548692368460934e+01
9.700000000000000000e+01 1.036915977642892628e+01 1.036915977642892628e+01 1.036915977642892628e+01 1.036915977642892628e+01
9.800000000000000000e+01 1.211123738919483017e+01 1.211123738919483017e+01 1.211123738919483017e+01 1.211123738919483017e+01
9.900000000000000000e+01 -1.637073046013266264e+01 -1.637073046013266264e+01 -1.637073046013266264e+01 -1.637073046013266264e+01
