0.000000000000000000e+00 -4.350556045074932626e+03 -4.350556045074932626e+03 -4.350556045074932626e+03 -4.350556045074932626e+03
1.000000000000000000e+00 4.315269988679291124e+00 4.315269988679291124e+00 4.315269988679291124e+00 4.315269988679291124e+00
2.000000000000000000e+00 -1.449899043796124332e+01 -1.449899043796124332e+01 -1.449899043796124332e+01 -1.449899043796124332e+01
3.000000000000000000e+00 -5.753448826982339881e+01 -5.753448826982339881e+01 -5.753448826982339881e+01 -5.753448826982339881e+01
4.000000000000000000e+00 4.210964156324228824e+00 4.210964156324228824e+00 4.210964156324228824e+00 4.210964156324228824e+00
5.000000000000000000e+00 6.684573035732318758e+00 6.684573035732318758e+00 6.684573035732318758e+00 6.684573035732318758e+00
6.000000000000000000e+00 -3.543192607476431988e+01 -3.543192607476431988e+01 -3.543192607476431988e+01 -3.543192607476431988e+01
7.000000000000000000e+00 6.325540932538865491e+03 6.325540932538865491e+03 6.325540932538865491e+03 6.325540932538865491e+03
8.000000000000000000e+00 9.188629557311202234e+00 9.188629557311202234e+00 9.188629557311202234e+00 9.188629557311202234e+00
9.000000000000000000e+00 -1.450497047189671651e+00 -1.450497047189671651e+00 -1.450497047189671651e+00 -1.450497047189671651e+00
1.000000000000000000e+01 -3.094217992608418299e+01 -3.094217992608418299e+01 -3.094217992608418299e+01 -3.094217992608418299e+01
1.100000000000000000e+01 -5.575896534550809136e+00 -5.575896534550809136e+00 -5.575896534550809136e+00 -5.575896534550809136e+00
1.200000000000000000e+01 4.529148828599296905e+00 4.529148828599296905e+00 4.529148828599296905e+00 4.529148828599296905e+00
1.300000000000000000e+01 6.604535632762567943e+00 6.604535632762567943e+00 6.604535632762567943e+00 6.604535632762567943e+00
1.400000000000000000e+01 1.394651357933413927e+01 1.394651357933413927e+01 1.394651357933413927e+01 1.394651357933413927e+01
1.500000000000000000e+01 9.407948067256183933e+00 9.407948067256183933e+00 9.407948067256183933e+00 9.407948067256183933e+00
1.600000000000000000e+01 -2.208214852057660593e+01 -2.208214852057660593e+01 -2.208214852057660593e+01 -2.208214852057660593e+01
1.700000000000000000e+01 -3.983148869824439053e+00 -3.983148869824439053e+00 -3.983148869824439053e+00 -3.983148869824439053e+00
1.800000000000000000e+01 1.920373119218166735e+01 1.920373119218166735e+01 1.920373119218166735e+01 1.920373119218166735e+01
1.900000000000000000e+01 -2.626241090601311612e+01 -2.626241090601311612e+01 -2.626241090601311612e+01 -2.626241090601311612e+01
2.000000000000000000e+01 2.074375550303111737e+01 2.074375550303111737e+01 2.074375550303111737e+01 2.074375550303111737e+01
2.100000000000000000e+01 1.294851852313530749e+01 1.294851852313530749e+01 1.294851852313530749e+01 1.294851852313530749e+01
2.200000000000000000e+01 4.445286170823071537e+00 4.445286170823071537e+00 4.445286170823071537e+00 4.445286170823071537e+00
2.300000000000000000e+01 -5.609558658663050146e+00 -5.609558658663050146e+00 -5.609558658663050146e+00 -5.609558658663050146e+00
2.400000000000000000e+01 -2.423842382277605623e+00 -2.423842382277605623e+00 -2.423842382277605623e+00 -2.423842382277605623e+00
2.500000000000000000e+01 1.643982668868395081e+01 1.643982668868395081e+01 1.643982668868395081e+01 1.643982668868395081e+01
2.600000000000000000e+01 -2.986750995466704417e+00 -2.986750995466704417e+00 -2.986750995466704417e+00 -2.986750995466704417e+00
2.700000000000000000e+01 2.414266351290008572e+01 2.414266351290008572e+01 2.414266351290008572e+01 2.414266351290008572e+01
2.800000000000000000e+01 -1.131234756352386484e+01 -1.131234756352386484e+01 -1.131234756352386484e+01 -1.131234756352386484e+01
2.900000000000000000e+01 1.516952102990089379e+01 1.516952102990089379e+01 1.516952102990089379e+01 1.516952102990089379e+01
3.000000000000000000e+01 1.051938046261523141e+01 1.051938046261523141e+01 1.051938046261523141e+01 1.051938046261523141e+01
3.100000000000000000e+01 -7.524056556049028899e+00 -7.524056556049028899e+00 -7.524056556049028899e+00 -7.524056556049028899e+00
3.200000000000000000e+01 -3.059704006325134884e+01 -3.059704006325134884e+01 -3.059704006325134884e+01 -3.059704006325134884e+01
3.300000000000000000e+01 -8.316367890670901986e+00 -8.316367890670901986e+00 -8.316367890670901986e+00 -8.316367890670901986e+00
3.400000000000000000e+01 9.778145626261766310e+00 9.778145626261766310e+00 9.778145626261766310e+00 9.778145626261766310e+00
3.500000000000000000e+01 3.420240327278927239e+00 3.420240327278927239e+00 3.420240327278927239e+00 3.420240327278927239e+00
3.600000000000000000e+01 3.226388928100266895e+01 3.226388928100266895e+01 3.226388928100266895e+01 3.226388928100266895e+01
3.700000000000000000e+01 -4.270685362251868789e+00 -4.270685362251868789e+00 -4.270685362251868789e+00 -4.270685362251868789e+00
3.800000000000000000e+01 1.546451603133553832e+01 1.546451603133553832e+01 1.546451603133553832e+01 1.546451603133553832e+01
3.900000000000000000e+01 -7.541208592354602835e+00 -7.541208592354602835e+00 -7.541208592354602835e+00 -7.541208592354602835e+00
4.000000000000000000e+01 1.393796956493229011e+01 1.393796956493229011e+01 1.393796956493229011e+01 1.393796956493229011e+01
4.100000000000000000e+01 2.985852021888588936e+01 2.985852021888588936e+01 2.985852021888588936e+01 2.985852021888588936e+01
4.200000000000000000e+01 -1.023115170076823333e+01 -1.023115170076823333e+01 -1.023115170076823333e+01 -1.023115170076823333e+01
4.300000000000000000e+01 4.780083105668982979e-01 4.780083105668982979e-01 4.780083105668982979e-01 4.780083105668982979e-01
4.400000000000000000e+01 -6.655266559617802002e+00 -6.655266559617802002e+00 -6.655266559617802002e+00 -6.655266559617802002e+00
4.500000000000000000e+01 -1.045163774073116514e+01 -1.045163774073116514e+01 -1.045163774073116514e+01 -1.045163774073116514e+01
4.600000000000000000e+01 -1.924977036084698412e+01 -1.924977036084698412e+01 -1.924977036084698412e+01 -1.924977036084698412e+01
4.700000000000000000e+01 3.917399131826538650e+01 3.917399131826538650e+01 3.917399131826538650e+01 3.917399131826538650e+01
4.800000000000000000e+01 1.427519860677380237e+01 1.427519860677380237e+01 1.427519860677380237e+01 1.427519860677380237e+01
4.900000000000000000e+01 3.747145697406097042e+00 3.747145697406097042e+00 3.747145697406097042e+00 3.747145697406097042e+00
5.000000000000000000e+01 8.369547946831733753e+00 8.369547946831733753e+00 8.369547946831733753e+00 8.369547946831733753e+00
5.100000000000000000e+01 6.279684229010969432e+01 6.279684229010969432e+01 6.279684229010969432e+01 6.279684229010969432e+01
5.200000000000000000e+01 7.336342179945239295e+00 7.336342179945239295e+00 7.336342179945239295e+00 7.336342179945239295e+00
5.300000000000000000e+01 3.253999287161002485e+01 3.253999287161002485e+01 3.253999287161002485e+01 3.253999287161002485e+01
5.400000000000000000e+01 1.566975794948398004e+01 1.566975794948398004e+01 1.566975794948398004e+01 1.566975794948398004e+01
5.500000000000000000e+01 3.877575591957941015e+01 3.877575591957941015e+01 3.877575591957941015e+01 3.877575591957941015e+01
5.600000000000000000e+01 1.881817742072751543e+01 1.881817742072751543e+01 1.881817742072751543e+01 1.881817742072751543e+01
5.700000000000000000e+01 1.187429257622329004e+01 1.187429257622329004e+01 1.187429257622329004e+01 1.187429257622329004e+01
5.800000000000000000e+01 -1.432833796117481739e+00 -1.432833796117481739e+00 -1.432833796117481739e+00 -1.432833796117481739e+00
5.900000000000000000e+01 1.652282535320067680e+01 1.652282535320067680e+01 1.652282535320067680e+01 1.652282535320067680e+01
6.000000000000000000e+01 -8.949351499875930926e+00 -8.949351499875930926e+00 -8.949351499875930926e+00 -8.949351499875930926e+00
6.100000000000000000e+01 -3.902451007615019396e+00 -3.902451007615019396e+00 -3.902451007615019396e+00 -3.902451007615019396e+00
6.200000000000000000e+01 2.504872647838932709e-01 2.504872647838932709e-01 2.504872647838932709e-01 2.504872647838932709e-01
6.300000000000000000e+01 4.668173557259157391e+00 4.668173557259157391e+00 4.668173557259157391e+00 4.668173557259157391e+00
6.400000000000000000e+01 2.596395013898452930e+01 2.596395013898452930e+01 2.596395013898452930e+01 2.596395013898452930e+01
6.500000000000000000e+01 3.937622216526190932e+00 3.937622216526190932e+00 3.937622216526190932e+00 3.937622216526190932e+00
6.600000000000000000e+01 -2.131835883389477715e+01 -2.131835883389477715e+01 -2.131835883389477715e+01 -2.131835883389477715e+01
6.700000000000000000e+01 -8.068897412337287633e+00 -8.068897412337287633e+00 -8.068897412337287633e+00 -8.068897412337287633e+00
6.800000000000000000e+01 2.728607982772771479e+01 2.728607982772771479e+01 2.728607982772771479e+01 2.728607982772771479e+01
6.900000000000000000e+01 -4.543907015904251523e+01 -4.543907015904251523e+01 -4.543907015904251523e+01 -4.543907015904251523e+01
7.000000000000000000e+01 1.287999501213781706e+01 1.287999501213781706e+01 1.287999501213781706e+01 1.287999501213781706e+01
7.100000000000000000e+01 2.626443468867586972e+01 2.626443468867586972e+01 2.626443468867586972e+01 2.626443468867586972e+01
7.200000000000000000e+01 4.974835670937407528e+00 4.974835670937407528e+00 4.974835670937407528e+00 4.974835670937407528e+00
7.300000000000000000e+01 4.870904380557658619e+00 4.870904380557658619e+00 4.870904380557658619e+00 4.870904380557658619e+00
7.400000000000000000e+01 -2.384571913149455380e+00 -2.384571913149455380e+00 -2.384571913149455380e+00 -2.384571913149455380e+00
7.500000000000000000e+01 4.535768486910785668e+01 4.535768486910785668e+01 4.535768486910785668e+01 4.535768486910785668e+01
7.600000000000000000e+01 9.701560237810544152e+01 9.701560237810544152e+01 9.701560237810544152e+01 9.701560237810544152e+01
7.700000000000000000e+01 -2.400713468211398194e+01 -2.400713468211398194e+01 -2.400713468211398194e+01 -2.400713468211398194e+01
7.800000000000000000e+01 -3.113968794954772523e+00 -3.113968794954772523e+00 -3.113968794954772523e+00 -3.113968794954772523e+00
7.900000000000000000e+01 -4.660367039532889777e+01 -4.660367039532889777e+01 -4.660367039532889777e+01 -4.660367039532889777e+01
8.000000000000000000e+01 2.273371738186246915e+01 2.273371738186246915e+01 2.273371738186246915e+01 2.273371738186246915e+01
8.100000000000000000e+01 1.970863498501855560e+01 1.970863498501855560e+01 1.970863498501855560e+01 1.970863498501855560e+01
8.200000000000000000e+01 6.739181374810686975e+01 6.739181374810686975e+01 6.739181374810686975e+01 6.739181374810686975e+01
8.300000000000000000e+01 4.710740421283464485e+01 4.710740421283464485e+01 4.710740421283464485e+01 4.710740421283464485e+01
8.400000000000000000e+01 -3.189940437543156904e+01 -3.189940437543156904e+01 -3.189940437543156904e+01 -3.189940437543156904e+01
8.500000000000000000e+01 -2.776359304342481682e+00 -2.776359304342481682e+00 -2.776359304342481682e+00 -2.776359304342481682e+00
8.600000000000000000e+01 -2.018570708851484952e+01 -2.018570708851484952e+01 -2.018570708851484952e+01 -2.018570708851484952e+01
8.700000000000000000e+01 1.460612331626053439e+01 1.460612331626053439e+01 1.460612331626053439e+01 1.460612331626053439e+01
8.800000000000000000e+01 3.684786968909860150e+01 3.684786968909860150e+01 3.684786968909860150e+01 3.684786968909860150e+01
8.900000000000000000e+01 -1.771620514365416810e+01 -1.771620514365416810e+01 -1.771620514365416810e+01 -1.771620514365416810e+01
9.000000000000000000e+01 3.124327847154333426e+01 3.124327847154333426e+01 3.124327847154333426e+01 3.124327847154333426e+01
9.100000000000000000e+01 1.428055435071031276e+01 1.428055435071031276e+01 1.428055435071031276e+01 1.428055435071031276e+01
9.200000000000000000e+01 8.295426394050638974e-01 8.295426394050638974e-01 8.295426394050638974e-01 8.295426394050638974e-01
9.300000000000000000e+01 -1.070066665398741890e+01 -1.070066665398741890e+01 -1.070066665398741890e+01 -1.070066665398741890e+01
9.400000000000000000e+01 1.426245179545649333e-01 1.426245179545649333e-01 1.426245179545649333e-01 1.426245179545649333e-01
9.500000000000000000e+01 2.379625280180442815e+01 2.379625280180442815e+01 2.379625280180442815e+01 2.379625280180442815e+01
9.600000000000000000e+01 1.717600912475028707e+01 1.717600912475028707e+01 1.717600912475028707e+01 1.717600912475028707e+01
9.700000000000000000e+01 1.573870233882019321e+01 1.573870233882019321e+01 1.573870233882019321e+01 1.573870233882019321e+01
9.800000000000000000e+01 2.963891515497082807e+01 2.963891515497082807e+01 2.963891515497082807e+01 2.963891515497082807e+01
