0.000000000000000000e+00 -2.453470070445314288e+00 -2.453470070445314288e+00 -2.453470070445314288e+00 -2.453470070445314288e+00
1.000000000000000000e+00 -1.698977111759200964e+00 -1.698977111759200964e+00 -1.698977111759200964e+00 -1.698977111759200964e+00
2.000000000000000000e+00 -1.361227513318263416e+00 -1.361227513318263416e+00 -1.361227513318263416e+00 -1.361227513318263416e+00
3.000000000000000000e+00 -1.139786508583943814e+00 -1.139786508583943814e+00 -1.139786508583943814e+00 -1.139786508583943814e+00
4.000000000000000000e+00 -7.961935781314425364e-01 -7.961935781314425364e-01 -7.961935781314425364e-01 -7.961935781314425364e-01
5.000000000000000000e+00 -5.781224769882401526e-01 -5.781224769882401526e-01 -5.781224769882401526e-01 -5.781224769882401526e-01
6.000000000000000000e+00 -1.160995650576526428e+00 -1.160995650576526428e+00 -1.160995650576526428e+00 -1.160995650576526428e+00
7.000000000000000000e+00 -2.705623855122495369e-01 -2.705623855122495369e-01 -2.705623855122495369e-01 -2.705623855122495369e-01
8.000000000000000000e+00 -1.727172326493828514e-01 -1.727172326493828514e-01 -1.727172326493828514e-01 -1.727172326493828514e-01
9.000000000000000000e+00 -3.579812032206169947e-01 -3.579812032206169947e-01 -3.579812032206169947e-01 -3.579812032206169947e-01
1.000000000000000000e+01 -1.963231558582849146e-01 -1.963231558582849146e-01 -1.963231558582849146e-01 -1.963231558582849146e-01
1.100000000000000000e+01 1.409142819549507597e-01 1.409142819549507597e-01 1.409142819549507597e-01 1.409142819549507597e-01
1.200000000000000000e+01 2.543297523286076611e-01 2.543297523286076611e-01 2.543297523286076611e-01 2.543297523286076611e-01
1.300000000000000000e+01 1.797719142949140980e-01 1.797719142949140980e-01 1.797719142949140980e-01 1.797719142949140980e-01
1.400000000000000000e+01 3.294525542209639779e-01 3.294525542209639779e-01 3.294525542209639779e-01 3.294525542209639779e-01
1.500000000000000000e+01 1.814480144312058951e-01 1.814480144312058951e-01 1.814480144312058951e-01 1.814480144312058951e-01
1.600000000000000000e+01 -5.860530474436590614e-02 -5.860530474436590614e-02 -5.860530474436590614e-02 -5.860530474436590614e-02
1.700000000000000000e+01 3.936322964813748770e-01 3.936322964813748770e-01 3.936322964813748770e-01 3.936322964813748770e-01
1.800000000000000000e+01 4.746154139925560789e-01 4.746154139925560789e-01 4.746154139925560789e-01 4.746154139925560789e-01
1.900000000000000000e+01 6.697190605571792243e-01 6.697190605571792243e-01 6.697190605571792243e-01 6.697190605571792243e-01
2.000000000000000000e+01 8.023298911301740555e-01 8.023298911301740555e-01 8.023298911301740555e-01 8.023298911301740555e-01
2.100000000000000000e+01 5.012384224767835184e-01 5.012384224767835184e-01 5.012384224767835184e-01 5.012384224767835184e-01
2.200000000000000000e+01 9.549033478487546356e-01 9.549033478487546356e-01 9.549033478487546356e-01 9.549033478487546356e-01
2.300000000000000000e+01 5.807987148772961739e-01 5.807987148772961739e-01 5.807987148772961739e-01 5.807987148772961739e-01
2.400000000000000000e+01 8.793206322853075463e-01 8.793206322853075463e-01 8.793206322853075463e-01 8.793206322853075463e-01
2.500000000000000000e+01 6.709194533306236385e-01 6.709194533306236385e-01 6.709194533306236385e-01 6.709194533306236385e-01
2.600000000000000000e+01 8.617890085418250523e-01 8.617890085418250523e-01 8.617890085418250523e-01 8.617890085418250523e-01
2.700000000000000000e+01 1.017643433707167588e+00 1.017643433707167588e+00 1.017643433707167588e+00 1.017643433707167588e+00
2.800000000000000000e+01 1.154706648069866670e+00 1.154706648069866670e+00 1.154706648069866670e+00 1.154706648069866670e+00
2.900000000000000000e+01 1.446836549269061800e+00 1.446836549269061800e+00 1.446836549269061800e+00 1.446836549269061800e+00
3.000000000000000000e+01 1.318230756090573941e+00 1.318230756090573941e+00 1.318230756090573941e+00 1.318230756090573941e+00
3.100000000000000000e+01 1.554507190305232323e+00 1.554507190305232323e+00 1.554507190305232323e+00 1.554507190305232323e+00
3.200000000000000000e+01 1.232065676319765934e+00 1.232065676319765934e+00 1.232065676319765934e+00 1.232065676319765934e+00
3.300000000000000000e+01 1.145714318323769465e+00 1.145714318323769465e+00 1.145714318323769465e+00 1.145714318323769465e+00
3.400000000000000000e+01 1.205044255334512870e+00 1.205044255334512870e+00 1.205044255334512870e+00 1.205044255334512870e+00
3.500000000000000000e+01 1.284751836578180040e+00 1.284751836578180040e+00 1.284751836578180040e+00 1.284751836578180040e+00
3.600000000000000000e+01 1.398146350448283837e+00 1.398146350448283837e+00 1.398146350448283837e+00 1.398146350448283837e+00
3.700000000000000000e+01 1.643638184741484043e+00 1.643638184741484043e+00 1.643638184741484043e+00 1.643638184741484043e+00
3.800000000000000000e+01 1.901206657399530986e+00 1.901206657399530986e+00 1.901206657399530986e+00 1.901206657399530986e+00
3.900000000000000000e+01 1.984606192573270311e+00 1.984606192573270311e+00 1.984606192573270311e+00 1.984606192573270311e+00
4.000000000000000000e+01 1.413943471392065332e+00 1.413943471392065332e+00 1.413943471392065332e+00 1.413943471392065332e+00
4.100000000000000000e+01 1.782583703288817656e+00 1.782583703288817656e+00 1.782583703288817656e+00 1.782583703288817656e+00
4.200000000000000000e+01 1.955637365691946794e+00 1.955637365691946794e+00 1.955637365691946794e+00 1.955637365691946794e+00
4.300000000000000000e+01 1.844501805635239133e+00 1.844501805635239133e+00 1.844501805635239133e+00 1.844501805635239133e+00
4.400000000000000000e+01 1.849769342124112148e+00 1.849769342124112148e+00 1.849769342124112148e+00 1.849769342124112148e+00
4.500000000000000000e+01 2.109314038716334050e+00 2.109314038716334050e+00 2.109314038716334050e+00 2.109314038716334050e+00
4.600000000000000000e+01 2.226046493652556357e+00 2.226046493652556357e+00 2.226046493652556357e+00 2.226046493652556357e+00
4.700000000000000000e+01 2.410941140178602282e+00 2.410941140178602282e+00 2.410941140178602282e+00 2.410941140178602282e+00
4.800000000000000000e+01 2.555342086148834291e+00 2.555342086148834291e+00 2.555342086148834291e+00 2.555342086148834291e+00
4.900000000000000000e+01 2.597720453322089895e+00 2.597720453322089895e+00 2.597720453322089895e+00 2.597720453322089895e+00
5.000000000000000000e+01 2.632358541475869007e+00 2.632358541475869007e+00 2.632358541475869007e+00 2.632358541475869007e+00
5.100000000000000000e+01 2.366586000305493265e+00 2.366586000305493265e+00 2.366586000305493265e+00 2.366586000305493265e+00
5.200000000000000000e+01 2.321939674854940350e+00 2.321939674854940350e+00 2.321939674854940350e+00 2.321939674854940350e+00
5.300000000000000000e+01 2.647393882213862959e+00 2.647393882213862959e+00 2.647393882213862959e+00 2.647393882213862959e+00
5.400000000000000000e+01 2.431090621918337025e+00 2.431090621918337025e+00 2.431090621918337025e+00 2.431090621918337025e+00
5.500000000000000000e+01 2.434454952840542585e+00 2.434454952840542585e+00 2.434454952840542585e+00 2.434454952840542585e+00
5.600000000000000000e+01 2.711556141957882637e+00 2.711556141957882637e+00 2.711556141957882637e+00 2.711556141957882637e+00
5.700000000000000000e+01 3.209161143967580898e+00 3.209161143967580898e+00 3.209161143967580898e+00 3.209161143967580898e+00
5.800000000000000000e+01 3.124735184642405184e+00 3.124735184642405184e+00 3.124735184642405184e+00 3.124735184642405184e+00
5.900000000000000000e+01 3.520504513210057862e+00 3.520504513210057862e+00 3.520504513210057862e+00 3.520504513210057862e+00
6.000000000000000000e+01 3.490693567940842179e+00 3.490693567940842179e+00 3.490693567940842179e+00 3.490693567940842179e+00
6.100000000000000000e+01 3.393268562350579831e+00 3.393268562350579831e+00 3.393268562350579831e+00 3.393268562350579831e+00
6.200000000000000000e+01 3.316722444433020112e+00 3.316722444433020112e+00 3.316722444433020112e+00 3.316722444433020112e+00
6.300000000000000000e+01 3.106777816412054971e+00 3.106777816412054971e+00 3.106777816412054971e+00 3.106777816412054971e+00
6.400000000000000000e+01 3.036504902544339579e+00 3.036504902544339579e+00 3.036504902544339579e+00 3.036504902544339579e+00
6.500000000000000000e+01 2.938772475224662895e+00 2.938772475224662895e+00 2.938772475224662895e+00 2.938772475224662895e+00
6.600000000000000000e+01 3.202043316081499835e+00 3.202043316081499835e+00 3.202043316081499835e+00 3.202043316081499835e+00
6.700000000000000000e+01 3.645190631946016779e+00 3.645190631946016779e+00 3.645190631946016779e+00 3.645190631946016779e+00
6.800000000000000000e+01 3.963029050550366250e+00 3.963029050550366250e+00 3.963029050550366250e+00 3.963029050550366250e+00
6.900000000000000000e+01 3.735630242769476084e+00 3.735630242769476084e+00 3.735630242769476084e+00 3.735630242769476084e+00
7.000000000000000000e+01 3.728957628021684290e+00 3.728957628021684290e+00 3.728957628021684290e+00 3.728957628021684290e+00
7.100000000000000000e+01 3.552745011753058346e+00 3.552745011753058346e+00 3.552745011753058346e+00 3.552745011753058346e+00
7.200000000000000000e+01 3.652163889734247881e+00 3.652163889734247881e+00 3.652163889734247881e+00 3.652163889734247881e+00
7.300000000000000000e+01 3.360231368711994904e+00 3.360231368711994904e+00 3.360231368711994904e+00 3.360231368711994904e+00
7.400000000000000000e+01 3.144596179535123159e+00 3.144596179535123159e+00 3.144596179535123159e+00 3.144596179535123159e+00
7.500000000000000000e+01 3.200715527533742666e+00 3.200715527533742666e+00 3.200715527533742666e+00 3.200715527533742666e+00
7.600000000000000000e+01 3.528968466434397211e+00 3.528968466434397211e+00 3.528968466434397211e+00 3.528968466434397211e+00
7.700000000000000000e+01 3.718764985708302717e+00 3.718764985708302717e+00 3.718764985708302717e+00 3.718764985708302717e+00
7.800000000000000000e+01 3.924667290413540233e+00 3.924667290413540233e+00 3.924667290413540233e+00 3.924667290413540233e+00
7.900000000000000000e+01 3.589387623292131568e+00 3.589387623292131568e+00 3.589387623292131568e+00 3.589387623292131568e+00
8.000000000000000000e+01 3.584687444600847872e+00 3.584687444600847872e+00 3.584687444600847872e+00 3.584687444600847872e+00
8.100000000000000000e+01 3.571459609518789602e+00 3.571459609518789602e+00 3.571459609518789602e+00 3.571459609518789602e+00
8.200000000000000000e+01 3.290295160859483037e+00 3.290295160859483037e+00 3.290295160859483037e+00 3.290295160859483037e+00
8.300000000000000000e+01 3.124645564543683030e+00 3.124645564543683030e+00 3.124645564543683030e+00 3.124645564543683030e+00
8.400000000000000000e+01 3.422528628903300341e+00 3.422528628903300341e+00 3.422528628903300341e+00 3.422528628903300341e+00
8.500000000000000000e+01 3.831165148484795502e+00 3.831165148484795502e+00 3.831165148484795502e+00 3.831165148484795502e+00
8.600000000000000000e+01 3.814520493278147573e+00 3.814520493278147573e+00 3.814520493278147573e+00 3.814520493278147573e+00
8.700000000000000000e+01 3.693599852329209288e+00 3.693599852329209288e+00 3.693599852329209288e+00 3.693599852329209288e+00
8.800000000000000000e+01 3.619558115734463399e+00 3.619558115734463399e+00 3.619558115734463399e+00 3.619558115734463399e+00
8.900000000000000000e+01 3.593679868898929985e+00 3.593679868898929985e+00 3.593679868898929985e+00 3.593679868898929985e+00
9.000000000000000000e+01 3.484670412696242447e+00 3.484670412696242447e+00 3.484670412696242447e+00 3.484670412696242447e+00
9.100000000000000000e+01 3.288984232708224820e+00 3.288984232708224820e+00 3.288984232708224820e+00 3.288984232708224820e+00
9.200000000000000000e+01 3.347613012235167052e+00 3.347613012235167052e+00 3.347613012235167052e+00 3.347613012235167052e+00
9.300000000000000000e+01 3.214633147506336552e+00 3.214633147506336552e+00 3.214633147506336552e+00 3.214633147506336552e+00
9.400000000000000000e+01 3.286834300710559820e+00 3.286834300710559820e+00 3.286834300710559820e+00 3.286834300710559820e+00
9.500000000000000000e+01 3.610670077721179982e+00 3.610670077721179982e+00 3.610670077721179982e+00 3.610670077721179982e+00
9.600000000000000000e+01 3.106158462710496337e+00 3.106158462710496337e+00 3.106158462710496337e+00 3.106158462710496337e+00
9.700000000000000000e+01 3.087250134160787418e+00 3.087250134160787418e+00 3.087250134160787418e+00 3.087250134160787418e+00
9.800000000000000000e+01 3.099651490288155564e+00 3.099651490288155564e+00 3.099651490288155564e+00 3.099651490288155564e+00
