0.000000000000000000e+00 -1.399017553968683603e-01 -1.399017553968683603e-01 -1.399017553968683603e-01 -1.399017553968683603e-01
1.000000000000000000e+00 -3.516586482288511228e-02 -3.516586482288511228e-02 -3.516586482288511228e-02 -3.516586482288511228e-02
2.000000000000000000e+00 -1.128152395826662047e-02 -1.128152395826662047e-02 -1.128152395826662047e-02 -1.128152395826662047e-02
3.000000000000000000e+00 -1.448813243471487600e-02 -1.448813243471487600e-02 -1.448813243471487600e-02 -1.448813243471487600e-02
4.000000000000000000e+00 8.588276785831812365e-02 8.588276785831812365e-02 8.588276785831812365e-02 8.588276785831812365e-02
5.000000000000000000e+00 8.357237970597761884e-03 8.357237970597761884e-03 8.357237970597761884e-03 8.357237970597761884e-03
6.000000000000000000e+00 8.553267410206021049e-02 8.553267410206021049e-02 8.553267410206021049e-02 8.553267410206021049e-02
7.000000000000000000e+00 6.355045181763498141e-02 6.355045181763498141e-02 6.355045181763498141e-02 6.355045181763498141e-02
8.000000000000000000e+00 6.915681444107102394e-02 6.915681444107102394e-02 6.915681444107102394e-02 6.915681444107102394e-02
9.000000000000000000e+00 1.195676665020323909e-01 1.195676665020323909e-01 1.195676665020323909e-01 1.195676665020323909e-01
1.000000000000000000e+01 6.726433943524241788e-02 6.726433943524241788e-02 6.726433943524241788e-02 6.726433943524241788e-02
1.100000000000000000e+01 8.399044233064849319e-02 8.399044233064849319e-02 8.399044233064849319e-02 8.399044233064849319e-02
1.200000000000000000e+01 1.174167587409969682e-01 1.174167587409969682e-01 1.174167587409969682e-01 1.174167587409969682e-01
1.300000000000000000e+01 6.413068029456144015e-02 6.413068029456144015e-02 6.413068029456144015e-02 6.413068029456144015e-02
1.400000000000000000e+01 1.038412258214298639e-01 1.038412258214298639e-01 1.038412258214298639e-01 1.038412258214298639e-01
1.500000000000000000e+01 1.518249807264985540e-01 1.518249807264985540e-01 1.518249807264985540e-01 1.518249807264985540e-01
1.600000000000000000e+01 1.542438948311973257e-01 1.542438948311973257e-01 1.542438948311973257e-01 1.542438948311973257e-01
1.700000000000000000e+01 2.128095642208560068e-01 2.128095642208560068e-01 2.128095642208560068e-01 2.128095642208560068e-01
1.800000000000000000e+01 2.224298789754272643e-01 2.224298789754272643e-01 2.224298789754272643e-01 2.224298789754272643e-01
1.900000000000000000e+01 2.383456252732447656e-01 2.383456252732447656e-01 2.383456252732447656e-01 2.383456252732447656e-01
2.000000000000000000e+01 3.270050661101558398e-01 3.270050661101558398e-01 3.270050661101558398e-01 3.270050661101558398e-01
2.100000000000000000e+01 3.293989491909327105e-01 3.293989491909327105e-01 3.293989491909327105e-01 3.293989491909327105e-01
2.200000000000000000e+01 4.070882348748100510e-01 4.070882348748100510e-01 4.070882348748100510e-01 4.070882348748100510e-01
2.300000000000000000e+01 3.801002071106227564e-01 3.801002071106227564e-01 3.801002071106227564e-01 3.801002071106227564e-01
2.400000000000000000e+01 3.794686446724878093e-01 3.794686446724878093e-01 3.794686446724878093e-01 3.794686446724878093e-01
2.500000000000000000e+01 3.923440276236317970e-01 3.923440276236317970e-01 3.923440276236317970e-01 3.923440276236317970e-01
2.600000000000000000e+01 4.179547434361785552e-01 4.179547434361785552e-01 4.179547434361785552e-01 4.179547434361785552e-01
2.700000000000000000e+01 3.394468481686420680e-01 3.394468481686420680e-01 3.394468481686420680e-01 3.394468481686420680e-01
2.800000000000000000e+01 3.664876709117093623e-01 3.664876709117093623e-01 3.664876709117093623e-01 3.664876709117093623e-01
2.900000000000000000e+01 3.552068275717484847e-01 3.552068275717484847e-01 3.552068275717484847e-01 3.552068275717484847e-01
3.000000000000000000e+01 3.271545613755227344e-01 3.271545613755227344e-01 3.271545613755227344e-01 3.271545613755227344e-01
3.100000000000000000e+01 3.600837027911110710e-01 3.600837027911110710e-01 3.600837027911110710e-01 3.600837027911110710e-01
3.200000000000000000e+01 3.030679409267651447e-01 3.030679409267651447e-01 3.030679409267651447e-01 3.030679409267651447e-01
3.300000000000000000e+01 3.539987284817008306e-01 3.539987284817008306e-01 3.539987284817008306e-01 3.539987284817008306e-01
3.400000000000000000e+01 3.241374530124763731e-01 3.241374530124763731e-01 3.241374530124763731e-01 3.241374530124763731e-01
3.500000000000000000e+01 3.302604114767092036e-01 3.302604114767092036e-01 3.302604114767092036e-01 3.302604114767092036e-01
3.600000000000000000e+01 3.384770656638639297e-01 3.384770656638639297e-01 3.384770656638639297e-01 3.384770656638639297e-01
3.700000000000000000e+01 3.868910892341693719e-01 3.868910892341693719e-01 3.868910892341693719e-01 3.868910892341693719e-01
3.800000000000000000e+01 4.250076389213907624e-01 4.250076389213907624e-01 4.250076389213907624e-01 4.250076389213907624e-01
3.900000000000000000e+01 4.532423038528378689e-01 4.532423038528378689e-01 4.532423038528378689e-01 4.532423038528378689e-01
4.000000000000000000e+01 5.440834759540500443e-01 5.440834759540500443e-01 5.440834759540500443e-01 5.440834759540500443e-01
4.100000000000000000e+01 6.875830070102292302e-01 6.875830070102292302e-01 6.875830070102292302e-01 6.875830070102292302e-01
4.200000000000000000e+01 6.478407348282326783e-01 6.478407348282326783e-01 6.478407348282326783e-01 6.478407348282326783e-01
4.300000000000000000e+01 6.859626704038322975e-01 6.859626704038322975e-01 6.859626704038322975e-01 6.859626704038322975e-01
4.400000000000000000e+01 7.427771690045779085e-01 7.427771690045779085e-01 7.427771690045779085e-01 7.427771690045779085e-01
4.500000000000000000e+01 6.628411407188401494e-01 6.628411407188401494e-01 6.628411407188401494e-01 6.628411407188401494e-01
4.600000000000000000e+01 6.045919008652191895e-01 6.045919008652191895e-01 6.045919008652191895e-01 6.045919008652191895e-01
4.700000000000000000e+01 5.037593059865163037e-01 5.037593059865163037e-01 5.037593059865163037e-01 5.037593059865163037e-01
4.800000000000000000e+01 4.625596635988751260e-01 4.625596635988751260e-01 4.625596635988751260e-01 4.625596635988751260e-01
4.900000000000000000e+01 4.683386290055573387e-01 4.683386290055573387e-01 4.683386290055573387e-01 4.683386290055573387e-01
5.000000000000000000e+01 5.099609541631181520e-01 5.099609541631181520e-01 5.099609541631181520e-01 5.099609541631181520e-01
5.100000000000000000e+01 4.383360160290843410e-01 4.383360160290843410e-01 4.383360160290843410e-01 4.383360160290843410e-01
5.200000000000000000e+01 5.276976541378556318e-01 5.276976541378556318e-01 5.276976541378556318e-01 5.276976541378556318e-01
5.300000000000000000e+01 5.612334306404210826e-01 5.612334306404210826e-01 5.612334306404210826e-01 5.612334306404210826e-01
5.400000000000000000e+01 5.912901110752645240e-01 5.912901110752645240e-01 5.912901110752645240e-01 5.912901110752645240e-01
5.500000000000000000e+01 6.465849000012352521e-01 6.465849000012352521e-01 6.465849000012352521e-01 6.465849000012352521e-01
5.600000000000000000e+01 5.992536342926370052e-01 5.992536342926370052e-01 5.992536342926370052e-01 5.992536342926370052e-01
5.700000000000000000e+01 6.398129523788684825e-01 6.398129523788684825e-01 6.398129523788684825e-01 6.398129523788684825e-01
5.800000000000000000e+01 5.800112547868426782e-01 5.800112547868426782e-01 5.800112547868426782e-01 5.800112547868426782e-01
5.900000000000000000e+01 6.894306328218916535e-01 6.894306328218916535e-01 6.894306328218916535e-01 6.894306328218916535e-01
6.000000000000000000e+01 7.274952636577504128e-01 7.274952636577504128e-01 7.274952636577504128e-01 7.274952636577504128e-01
6.100000000000000000e+01 8.315358045014572541e-01 8.315358045014572541e-01 8.315358045014572541e-01 8.315358045014572541e-01
6.200000000000000000e+01 9.274581417575148423e-01 9.274581417575148423e-01 9.274581417575148423e-01 9.274581417575148423e-01
6.300000000000000000e+01 9.820301744405630640e-01 9.820301744405630640e-01 9.820301744405630640e-01 9.820301744405630640e-01
6.400000000000000000e+01 9.950996488650665217e-01 9.950996488650665217e-01 9.950996488650665217e-01 9.950996488650665217e-01
6.500000000000000000e+01 9.796153254972163049e-01 9.796153254972163049e-01 9.796153254972163049e-01 9.796153254972163049e-01
6.600000000000000000e+01 1.006938145779325833e+00 1.006938145779325833e+00 1.006938145779325833e+00 1.006938145779325833e+00
6.700000000000000000e+01 8.493636223013906195e-01 8.493636223013906195e-01 8.493636223013906195e-01 8.493636223013906195e-01
6.800000000000000000e+01 8.342438998996394295e-01 8.342438998996394295e-01 8.342438998996394295e-01 8.342438998996394295e-01
6.900000000000000000e+01 7.505335867950312378e-01 7.505335867950312378e-01 7.505335867950312378e-01 7.505335867950312378e-01
7.000000000000000000e+01 6.790622953531477712e-01 6.790622953531477712e-01 6.790622953531477712e-01 6.790622953531477712e-01
7.100000000000000000e+01 6.408793373963443951e-01 6.408793373963443951e-01 6.408793373963443951e-01 6.408793373963443951e-01
7.200000000000000000e+01 6.754774584831325646e-01 6.754774584831325646e-01 6.754774584831325646e-01 6.754774584831325646e-01
7.300000000000000000e+01 7.129590088989894436e-01 7.129590088989894436e-01 7.129590088989894436e-01 7.129590088989894436e-01
7.400000000000000000e+01 8.053439398876686139e-01 8.053439398876686139e-01 8.053439398876686139e-01 8.053439398876686139e-01
7.500000000000000000e+01 7.333128535474611187e-01 7.333128535474611187e-01 7.333128535474611187e-01 7.333128535474611187e-01
7.600000000000000000e+01 8.424776005533310963e-01 8.424776005533310963e-01 8.424776005533310963e-01 8.424776005533310963e-01
7.700000000000000000e+01 9.488520086838995171e-01 9.488520086838995171e-01 9.488520086838995171e-01 9.488520086838995171e-01
7.800000000000000000e+01 7.994570482304135250e-01 7.994570482304135250e-01 7.994570482304135250e-01 7.994570482304135250e-01
7.900000000000000000e+01 8.406872387549468861e-01 8.406872387549468861e-01 8.406872387549468861e-01 8.406872387549468861e-01
8.000000000000000000e+01 8.915806760691158406e-01 8.915806760691158406e-01 8.915806760691158406e-01 8.915806760691158406e-01
8.100000000000000000e+01 6.326857844500411998e-01 6.326857844500411998e-01 6.326857844500411998e-01 6.326857844500411998e-01
8.200000000000000000e+01 8.623785605429956647e-01 8.623785605429956647e-01 8.623785605429956647e-01 8.623785605429956647e-01
8.300000000000000000e+01 9.447013723067698709e-01 9.447013723067698709e-01 9.447013723067698709e-01 9.447013723067698709e-01
8.400000000000000000e+01 9.060796677855114112e-01 9.060796677855114112e-01 9.060796677855114112e-01 9.060796677855114112e-01
8.500000000000000000e+01 9.668259164986282572e-01 9.668259164986282572e-01 9.668259164986282572e-01 9.668259164986282572e-01
8.600000000000000000e+01 1.011263657851178444e+00 1.011263657851178444e+00 1.011263657851178444e+00 1.011263657851178444e+00
8.700000000000000000e+01 8.214737210372481391e-01 8.214737210372481391e-01 8.214737210372481391e-01 8.214737210372481391e-01
8.800000000000000000e+01 8.360655027142206430e-01 8.360655027142206430e-01 8.360655027142206430e-01 8.360655027142206430e-01
8.900000000000000000e+01 7.831637841949719014e-01 7.831637841949719014e-01 7.831637841949719014e-01 7.831637841949719014e-01
9.000000000000000000e+01 6.151530051938121080e-01 6.151530051938121080e-01 6.151530051938121080e-01 6.151530051938121080e-01
9.100000000000000000e+01 6.516727604413886654e-01 6.516727604413886654e-01 6.516727604413886654e-01 6.516727604413886654e-01
9.200000000000000000e+01 6.476159926182523119e-01 6.476159926182523119e-01 6.476159926182523119e-01 6.476159926182523119e-01
9.300000000000000000e+01 6.693187608260602328e-01 6.693187608260602328e-01 6.693187608260602328e-01 6.693187608260602328e-01
9.400000000000000000e+01 7.274564627555492047e-01 7.274564627555492047e-01 7.274564627555492047e-01 7.274564627555492047e-01
9.500000000000000000e+01 7.110619958439129418e-01 7.110619958439129418e-01 7.110619958439129418e-01 7.110619958439129418e-01
9.600000000000000000e+01 8.194940289777301601e-01 8.194940289777301601e-01 8.194940289777301601e-01 8.194940289777301601e-01
9.700000000000000000e+01 7.641218127378635039e-01 7.641218127378635039e-01 7.641218127378635039e-01 7.641218127378635039e-01
9.800000000000000000e+01 6.722432197369592188e-01 6.722432197369592188e-01 6.722432197369592188e-01 6.722432197369592188e-01
9.900000000000000000e+01 8.882522758981367117e-01 8.882522758981367117e-01 8.882522758981367117e-01 8.882522758981367117e-01
