0.000000000000000000e+00 1.820106488181691684e-01 1.820106488181691684e-01 1.820106488181691684e-01 1.820106488181691684e-01
1.000000000000000000e+00 2.271671269022475792e-01 2.271671269022475792e-01 2.271671269022475792e-01 2.271671269022475792e-01
2.000000000000000000e+00 1.377285342319739259e-01 1.377285342319739259e-01 1.377285342319739259e-01 1.377285342319739259e-01
3.000000000000000000e+00 -2.792115595099908809e-01 -2.792115595099908809e-01 -2.792115595099908809e-01 -2.792115595099908809e-01
4.000000000000000000e+00 5.405909528333835423e-01 5.405909528333835423e-01 5.405909528333835423e-01 5.405909528333835423e-01
5.000000000000000000e+00 1.759468994040389311e-01 1.759468994040389311e-01 1.759468994040389311e-01 1.759468994040389311e-01
6.000000000000000000e+00 4.364628224913086885e-01 4.364628224913086885e-01 4.364628224913086885e-01 4.364628224913086885e-01
7.000000000000000000e+00 3.699814000039684636e+00 3.699814000039684636e+00 3.699814000039684636e+00 3.699814000039684636e+00
8.000000000000000000e+00 6.834531665963905489e+00 6.834531665963905489e+00 6.834531665963905489e+00 6.834531665963905489e+00
9.000000000000000000e+00 5.565982617786424148e-03 5.565982617786424148e-03 5.565982617786424148e-03 5.565982617786424148e-03
1.000000000000000000e+01 -3.853093860598496567e-01 -3.853093860598496567e-01 -3.853093860598496567e-01 -3.853093860598496567e-01
1.100000000000000000e+01 1.617644132791813960e-01 1.617644132791813960e-01 1.617644132791813960e-01 1.617644132791813960e-01
1.200000000000000000e+01 3.281203761967758092e-01 3.281203761967758092e-01 3.281203761967758092e-01 3.281203761967758092e-01
1.300000000000000000e+01 7.556022067043854928e-01 7.556022067043854928e-01 7.556022067043854928e-01 7.556022067043854928e-01
1.400000000000000000e+01 7.932991332335037615e-01 7.932991332335037615e-01 7.932991332335037615e-01 7.932991332335037615e-01
1.500000000000000000e+01 7.599440517845182930e-01 7.599440517845182930e-01 7.599440517845182930e-01 7.599440517845182930e-01
1.600000000000000000e+01 1.296634829614862205e+00 1.296634829614862205e+00 1.296634829614862205e+00 1.296634829614862205e+00
1.700000000000000000e+01 8.813814273635597329e-01 8.813814273635597329e-01 8.813814273635597329e-01 8.813814273635597329e-01
1.800000000000000000e+01 8.908937420534187579e-01 8.908937420534187579e-01 8.908937420534187579e-01 8.908937420534187579e-01
1.900000000000000000e+01 7.408353148772871544e-01 7.408353148772871544e-01 7.408353148772871544e-01 7.408353148772871544e-01
2.000000000000000000e+01 8.308512535196385107e-01 8.308512535196385107e-01 8.308512535196385107e-01 8.308512535196385107e-01
2.100000000000000000e+01 7.094289979061284557e-01 7.094289979061284557e-01 7.094289979061284557e-01 7.094289979061284557e-01
2.200000000000000000e+01 1.241180356128508855e+00 1.241180356128508855e+00 1.241180356128508855e+00 1.241180356128508855e+00
2.300000000000000000e+01 1.106651675680651259e+00 1.106651675680651259e+00 1.106651675680651259e+00 1.106651675680651259e+00
2.400000000000000000e+01 8.381364726064697290e-01 8.381364726064697290e-01 8.381364726064697290e-01 8.381364726064697290e-01
2.500000000000000000e+01 1.336814490123470645e+00 1.336814490123470645e+00 1.336814490123470645e+00 1.336814490123470645e+00
2.600000000000000000e+01 8.494002998608359833e-01 8.494002998608359833e-01 8.494002998608359833e-01 8.494002998608359833e-01
2.700000000000000000e+01 1.408380460915871435e+00 1.408380460915871435e+00 1.408380460915871435e+00 1.408380460915871435e+00
2.800000000000000000e+01 1.248718950582346388e+00 1.248718950582346388e+00 1.248718950582346388e+00 1.248718950582346388e+00
2.900000000000000000e+01 8.532238991419943686e-01 8.532238991419943686e-01 8.532238991419943686e-01 8.532238991419943686e-01
3.000000000000000000e+01 1.135873038723389739e+00 1.135873038723389739e+00 1.135873038723389739e+00 1.135873038723389739e+00
3.100000000000000000e+01 1.093381612234950229e+00 1.093381612234950229e+00 1.093381612234950229e+00 1.093381612234950229e+00
3.200000000000000000e+01 6.969486039514437570e-01 6.969486039514437570e-01 6.969486039514437570e-01 6.969486039514437570e-01
3.300000000000000000e+01 1.169182127021974660e+00 1.169182127021974660e+00 1.169182127021974660e+00 1.169182127021974660e+00
3.400000000000000000e+01 1.392199743098672338e+00 1.392199743098672338e+00 1.392199743098672338e+00 1.392199743098672338e+00
3.500000000000000000e+01 1.420287358397431587e+00 1.420287358397431587e+00 1.420287358397431587e+00 1.420287358397431587e+00
3.600000000000000000e+01 1.323925183180507448e+00 1.323925183180507448e+00 1.323925183180507448e+00 1.323925183180507448e+00
3.700000000000000000e+01 1.378306468126882400e+00 1.378306468126882400e+00 1.378306468126882400e+00 1.378306468126882400e+00
3.800000000000000000e+01 1.439361770553026387e+00 1.439361770553026387e+00 1.439361770553026387e+00 1.439361770553026387e+00
3.900000000000000000e+01 -7.349564443013023238e-03 -7.349564443013023238e-03 -7.349564443013023238e-03 -7.349564443013023238e-03
4.000000000000000000e+01 1.743872214195158366e+00 1.743872214195158366e+00 1.743872214195158366e+00 1.743872214195158366e+00
4.100000000000000000e+01 1.580735237026446471e+00 1.580735237026446471e+00 1.580735237026446471e+00 1.580735237026446471e+00
4.200000000000000000e+01 1.550781193788151713e+00 1.550781193788151713e+00 1.550781193788151713e+00 1.550781193788151713e+00
4.300000000000000000e+01 3.467252842234162191e+00 3.467252842234162191e+00 3.467252842234162191e+00 3.467252842234162191e+00
4.400000000000000000e+01 2.132891053525360459e+00 2.132891053525360459e+00 2.132891053525360459e+00 2.132891053525360459e+00
4.500000000000000000e+01 2.377641161779424639e+00 2.377641161779424639e+00 2.377641161779424639e+00 2.377641161779424639e+00
4.600000000000000000e+01 2.676914694284043161e+00 2.676914694284043161e+00 2.676914694284043161e+00 2.676914694284043161e+00
4.700000000000000000e+01 1.734089364151217172e+00 1.734089364151217172e+00 1.734089364151217172e+00 1.734089364151217172e+00
4.800000000000000000e+01 1.685860169072045833e+00 1.685860169072045833e+00 1.685860169072045833e+00 1.685860169072045833e+00
4.900000000000000000e+01 1.263131111656382588e+00 1.263131111656382588e+00 1.263131111656382588e+00 1.263131111656382588e+00
5.000000000000000000e+01 1.933899710592390520e+00 1.933899710592390520e+00 1.933899710592390520e+00 1.933899710592390520e+00
5.100000000000000000e+01 1.626419416989960176e+00 1.626419416989960176e+00 1.626419416989960176e+00 1.626419416989960176e+00
5.200000000000000000e+01 1.630821591872335663e+00 1.630821591872335663e+00 1.630821591872335663e+00 1.630821591872335663e+00
5.300000000000000000e+01 2.148673244038123986e+00 2.148673244038123986e+00 2.148673244038123986e+00 2.148673244038123986e+00
5.400000000000000000e+01 2.024851870177421187e+00 2.024851870177421187e+00 2.024851870177421187e+00 2.024851870177421187e+00
5.500000000000000000e+01 2.330766746715538851e+00 2.330766746715538851e+00 2.330766746715538851e+00 2.330766746715538851e+00
5.600000000000000000e+01 2.735086395980325769e+00 2.735086395980325769e+00 2.735086395980325769e+00 2.735086395980325769e+00
5.700000000000000000e+01 2.318523182570980889e+00 2.318523182570980889e+00 2.318523182570980889e+00 2.318523182570980889e+00
5.800000000000000000e+01 2.275803007633518948e+00 2.275803007633518948e+00 2.275803007633518948e+00 2.275803007633518948e+00
5.900000000000000000e+01 2.999909600478344096e+00 2.999909600478344096e+00 2.999909600478344096e+00 2.999909600478344096e+00
6.000000000000000000e+01 2.271335144369318826e+00 2.271335144369318826e+00 2.271335144369318826e+00 2.271335144369318826e+00
6.100000000000000000e+01 1.754972518259103387e+00 1.754972518259103387e+00 1.754972518259103387e+00 1.754972518259103387e+00
6.200000000000000000e+01 1.197046307391600006e+00 1.197046307391600006e+00 1.197046307391600006e+00 1.197046307391600006e+00
6.300000000000000000e+01 7.705237310804744499e-01 7.705237310804744499e-01 7.705237310804744499e-01 7.705237310804744499e-01
6.400000000000000000e+01 4.106631523994689337e-01 4.106631523994689337e-01 4.106631523994689337e-01 4.106631523994689337e-01
6.500000000000000000e+01 6.512528555061223301e-01 6.512528555061223301e-01 6.512528555061223301e-01 6.512528555061223301e-01
6.600000000000000000e+01 1.100368875806261082e+00 1.100368875806261082e+00 1.100368875806261082e+00 1.100368875806261082e+00
6.700000000000000000e+01 1.377736160062637216e+00 1.377736160062637216e+00 1.377736160062637216e+00 1.377736160062637216e+00
6.800000000000000000e+01 1.269484901600508975e+00 1.269484901600508975e+00 1.269484901600508975e+00 1.269484901600508975e+00
6.900000000000000000e+01 1.812035369128718099e+00 1.812035369128718099e+00 1.812035369128718099e+00 1.812035369128718099e+00
7.000000000000000000e+01 1.944791532099400699e+00 1.944791532099400699e+00 1.944791532099400699e+00 1.944791532099400699e+00
7.100000000000000000e+01 1.891716971679574533e+00 1.891716971679574533e+00 1.891716971679574533e+00 1.891716971679574533e+00
7.200000000000000000e+01 2.064210334105436750e+00 2.064210334105436750e+00 2.064210334105436750e+00 2.064210334105436750e+00
7.300000000000000000e+01 2.324902107038963717e+00 2.324902107038963717e+00 2.324902107038963717e+00 2.324902107038963717e+00
7.400000000000000000e+01 2.226326043830438639e+00 2.226326043830438639e+00 2.226326043830438639e+00 2.226326043830438639e+00
7.500000000000000000e+01 2.079349781444848944e+00 2.079349781444848944e+00 2.079349781444848944e+00 2.079349781444848944e+00
7.600000000000000000e+01 2.643441931721987270e+00 2.643441931721987270e+00 2.643441931721987270e+00 2.643441931721987270e+00
7.700000000000000000e+01 2.493492690438522619e+00 2.493492690438522619e+00 2.493492690438522619e+00 2.493492690438522619e+00
7.800000000000000000e+01 2.596183491113822850e+00 2.596183491113822850e+00 2.596183491113822850e+00 2.596183491113822850e+00
7.900000000000000000e+01 2.474853658458710193e+00 2.474853658458710193e+00 2.474853658458710193e+00 2.474853658458710193e+00
8.000000000000000000e+01 2.514848717209051898e+00 2.514848717209051898e+00 2.514848717209051898e+00 2.514848717209051898e+00
8.100000000000000000e+01 2.398016536525301667e+00 2.398016536525301667e+00 2.398016536525301667e+00 2.398016536525301667e+00
8.200000000000000000e+01 2.966946279523213104e+00 2.966946279523213104e+00 2.966946279523213104e+00 2.966946279523213104e+00
8.300000000000000000e+01 2.449203746522075509e+00 2.449203746522075509e+00 2.449203746522075509e+00 2.449203746522075509e+00
8.400000000000000000e+01 2.677891378618288520e+00 2.677891378618288520e+00 2.677891378618288520e+00 2.677891378618288520e+00
8.500000000000000000e+01 2.617855731152404442e+00 2.617855731152404442e+00 2.617855731152404442e+00 2.617855731152404442e+00
8.600000000000000000e+01 2.120625163756997722e+00 2.120625163756997722e+00 2.120625163756997722e+00 2.120625163756997722e+00
8.700000000000000000e+01 2.468909549164258532e+00 2.468909549164258532e+00 2.468909549164258532e+00 2.468909549164258532e+00
8.800000000000000000e+01 2.181767184006010218e+00 2.181767184006010218e+00 2.181767184006010218e+00 2.181767184006010218e+00
8.900000000000000000e+01 2.241371654733975927e+00 2.241371654733975927e+00 2.241371654733975927e+00 2.241371654733975927e+00
9.000000000000000000e+01 2.107109364005943508e+00 2.107109364005943508e+00 2.107109364005943508e+00 2.107109364005943508e+00
9.100000000000000000e+01 2.293723184174795815e+00 2.293723184174795815e+00 2.293723184174795815e+00 2.293723184174795815e+00
9.200000000000000000e+01 2.245160543640715822e+00 2.245160543640715822e+00 2.245160543640715822e+00 2.245160543640715822e+00
9.300000000000000000e+01 2.387074768261866264e+00 2.387074768261866264e+00 2.387074768261866264e+00 2.387074768261866264e+00
9.400000000000000000e+01 2.342442020228186372e+00 2.342442020228186372e+00 2.342442020228186372e+00 2.342442020228186372e+00
9.500000000000000000e+01 2.757077705355005293e+00 2.757077705355005293e+00 2.757077705355005293e+00 2.757077705355005293e+00
9.600000000000000000e+01 2.301932471951779302e+00 2.301932471951779302e+00 2.301932471951779302e+00 2.301932471951779302e+00
9.700000000000000000e+01 2.501185193760470327e+00 2.501185193760470327e+00 2.501185193760470327e+00 2.501185193760470327e+00
9.800000000000000000e+01 2.319602692005579225e+00 2.319602692005579225e+00 2.319602692005579225e+00 2.319602692005579225e+00
