0.000000000000000000e+00 -2.579935731473903537e+00 -2.579935731473903537e+00 -2.579935731473903537e+00 -2.579935731473903537e+00
1.000000000000000000e+00 -8.608623367006058569e-01 -8.608623367006058569e-01 -8.608623367006058569e-01 -8.608623367006058569e-01
2.000000000000000000e+00 -1.437161960860315446e+00 -1.437161960860315446e+00 -1.437161960860315446e+00 -1.437161960860315446e+00
3.000000000000000000e+00 -2.645175380612117433e+00 -2.645175380612117433e+00 -2.645175380612117433e+00 -2.645175380612117433e+00
4.000000000000000000e+00 -1.817485719389379639e+00 -1.817485719389379639e+00 -1.817485719389379639e+00 -1.817485719389379639e+00
5.000000000000000000e+00 -1.578323467309070249e+00 -1.578323467309070249e+00 -1.578323467309070249e+00 -1.578323467309070249e+00
6.000000000000000000e+00 -7.795587407787771816e-01 -7.795587407787771816e-01 -7.795587407787771816e-01 -7.795587407787771816e-01
7.000000000000000000e+00 -9.981404076578637152e-01 -9.981404076578637152e-01 -9.981404076578637152e-01 -9.981404076578637152e-01
8.000000000000000000e+00 -6.608867346458628944e-01 -6.608867346458628944e-01 -6.608867346458628944e-01 -6.608867346458628944e-01
9.000000000000000000e+00 -8.034867509011182074e-01 -8.034867509011182074e-01 -8.034867509011182074e-01 -8.034867509011182074e-01
1.000000000000000000e+01 -8.885220298151523810e-01 -8.885220298151523810e-01 -8.885220298151523810e-01 -8.885220298151523810e-01
1.100000000000000000e+01 -1.533099931237032143e+00 -1.533099931237032143e+00 -1.533099931237032143e+00 -1.533099931237032143e+00
1.200000000000000000e+01 -1.719427608583851796e+00 -1.719427608583851796e+00 -1.719427608583851796e+00 -1.719427608583851796e+00
1.300000000000000000e+01 -7.144510581052740950e-01 -7.144510581052740950e-01 -7.144510581052740950e-01 -7.144510581052740950e-01
1.400000000000000000e+01 -5.940676867866697686e-01 -5.940676867866697686e-01 -5.940676867866697686e-01 -5.940676867866697686e-01
1.500000000000000000e+01 1.181551499330270733e-01 1.181551499330270733e-01 1.181551499330270733e-01 1.181551499330270733e-01
1.600000000000000000e+01 1.657591810614423566e-01 1.657591810614423566e-01 1.657591810614423566e-01 1.657591810614423566e-01
1.700000000000000000e+01 -6.140060390394067591e-01 -6.140060390394067591e-01 -6.140060390394067591e-01 -6.140060390394067591e-01
1.800000000000000000e+01 -1.332072581467385275e+00 -1.332072581467385275e+00 -1.332072581467385275e+00 -1.332072581467385275e+00
1.900000000000000000e+01 -1.417150890327637081e+00 -1.417150890327637081e+00 -1.417150890327637081e+00 -1.417150890327637081e+00
2.000000000000000000e+01 2.813603002673777387e-01 2.813603002673777387e-01 2.813603002673777387e-01 2.813603002673777387e-01
2.100000000000000000e+01 -1.268076289836062243e+00 -1.268076289836062243e+00 -1.268076289836062243e+00 -1.268076289836062243e+00
2.200000000000000000e+01 -9.466093536482448334e-01 -9.466093536482448334e-01 -9.466093536482448334e-01 -9.466093536482448334e-01
2.300000000000000000e+01 -1.290002599750574186e+00 -1.290002599750574186e+00 -1.290002599750574186e+00 -1.290002599750574186e+00
2.400000000000000000e+01 -1.297203193254841791e+00 -1.297203193254841791e+00 -1.297203193254841791e+00 -1.297203193254841791e+00
2.500000000000000000e+01 -5.427561932835713865e-01 -5.427561932835713865e-01 -5.427561932835713865e-01 -5.427561932835713865e-01
2.600000000000000000e+01 -2.138902808936755218e+00 -2.138902808936755218e+00 -2.138902808936755218e+00 -2.138902808936755218e+00
2.700000000000000000e+01 -4.246031193459625097e-01 -4.246031193459625097e-01 -4.246031193459625097e-01 -4.246031193459625097e-01
2.800000000000000000e+01 -7.394706425933686988e-01 -7.394706425933686988e-01 -7.394706425933686988e-01 -7.394706425933686988e-01
2.900000000000000000e+01 -3.011899037004818203e-01 -3.011899037004818203e-01 -3.011899037004818203e-01 -3.011899037004818203e-01
3.000000000000000000e+01 4.430307179039150167e-01 4.430307179039150167e-01 4.430307179039150167e-01 4.430307179039150167e-01
3.100000000000000000e+01 -1.261096040207456137e-01 -1.261096040207456137e-01 -1.261096040207456137e-01 -1.261096040207456137e-01
3.200000000000000000e+01 -6.602429275859215130e-01 -6.602429275859215130e-01 -6.602429275859215130e-01 -6.602429275859215130e-01
3.300000000000000000e+01 -2.986906497722196518e-01 -2.986906497722196518e-01 -2.986906497722196518e-01 -2.986906497722196518e-01
3.400000000000000000e+01 1.147410720149935281e+00 1.147410720149935281e+00 1.147410720149935281e+00 1.147410720149935281e+00
3.500000000000000000e+01 5.950601020558337062e-01 5.950601020558337062e-01 5.950601020558337062e-01 5.950601020558337062e-01
3.600000000000000000e+01 9.728674603927079945e-01 9.728674603927079945e-01 9.728674603927079945e-01 9.728674603927079945e-01
3.700000000000000000e+01 1.957280394592809669e-01 1.957280394592809669e-01 1.957280394592809669e-01 1.957280394592809669e-01
3.800000000000000000e+01 -1.146092770516656811e+00 -1.146092770516656811e+00 -1.146092770516656811e+00 -1.146092770516656811e+00
3.900000000000000000e+01 -5.272510470208549016e-01 -5.272510470208549016e-01 -5.272510470208549016e-01 -5.272510470208549016e-01
4.000000000000000000e+01 4.352233698408937146e-01 4.352233698408937146e-01 4.352233698408937146e-01 4.352233698408937146e-01
4.100000000000000000e+01 -1.728902355790043477e-01 -1.728902355790043477e-01 -1.728902355790043477e-01 -1.728902355790043477e-01
4.200000000000000000e+01 -3.726667089149079265e-02 -3.726667089149079265e-02 -3.726667089149079265e-02 -3.726667089149079265e-02
4.300000000000000000e+01 -4.273529166044248706e-01 -4.273529166044248706e-01 -4.273529166044248706e-01 -4.273529166044248706e-01
4.400000000000000000e+01 1.400505528180331083e-01 1.400505528180331083e-01 1.400505528180331083e-01 1.400505528180331083e-01
4.500000000000000000e+01 -9.476003590244048702e-01 -9.476003590244048702e-01 -9.476003590244048702e-01 -9.476003590244048702e-01
4.600000000000000000e+01 -1.816004906204106983e-01 -1.816004906204106983e-01 -1.816004906204106983e-01 -1.816004906204106983e-01
4.700000000000000000e+01 -1.218162228680174097e+00 -1.218162228680174097e+00 -1.218162228680174097e+00 -1.218162228680174097e+00
4.800000000000000000e+01 -2.103833295055666242e-01 -2.103833295055666242e-01 -2.103833295055666242e-01 -2.103833295055666242e-01
4.900000000000000000e+01 2.533829693026651286e-01 2.533829693026651286e-01 2.533829693026651286e-01 2.533829693026651286e-01
5.000000000000000000e+01 -1.083921318184849769e-01 -1.083921318184849769e-01 -1.083921318184849769e-01 -1.083921318184849769e-01
5.100000000000000000e+01 -5.218030423280820562e-01 -5.218030423280820562e-01 -5.218030423280820562e-01 -5.218030423280820562e-01
5.200000000000000000e+01 4.428324738617602230e-01 4.428324738617602230e-01 4.428324738617602230e-01 4.428324738617602230e-01
5.300000000000000000e+01 8.655077536912594849e-02 8.655077536912594849e-02 8.655077536912594849e-02 8.655077536912594849e-02
5.400000000000000000e+01 1.059340459455992006e-01 1.059340459455992006e-01 1.059340459455992006e-01 1.059340459455992006e-01
5.500000000000000000e+01 -4.660869340725769527e-01 -4.660869340725769527e-01 -4.660869340725769527e-01 -4.660869340725769527e-01
5.600000000000000000e+01 -1.124642904051625480e+00 -1.124642904051625480e+00 -1.124642904051625480e+00 -1.124642904051625480e+00
5.700000000000000000e+01 4.323145432348434736e-01 4.323145432348434736e-01 4.323145432348434736e-01 4.323145432348434736e-01
5.800000000000000000e+01 -4.860163585641246176e-01 -4.860163585641246176e-01 -4.860163585641246176e-01 -4.860163585641246176e-01
5.900000000000000000e+01 -6.922860808956504686e-01 -6.922860808956504686e-01 -6.922860808956504686e-01 -6.922860808956504686e-01
6.000000000000000000e+01 -1.571361977214955186e+00 -1.571361977214955186e+00 -1.571361977214955186e+00 -1.571361977214955186e+00
6.100000000000000000e+01 -8.141802093854534350e-01 -8.141802093854534350e-01 -8.141802093854534350e-01 -8.141802093854534350e-01
6.200000000000000000e+01 2.814359572387733488e-01 2.814359572387733488e-01 2.814359572387733488e-01 2.814359572387733488e-01
6.300000000000000000e+01 1.262299936609082573e-01 1.262299936609082573e-01 1.262299936609082573e-01 1.262299936609082573e-01
6.400000000000000000e+01 2.278663327409956862e-01 2.278663327409956862e-01 2.278663327409956862e-01 2.278663327409956862e-01
6.500000000000000000e+01 9.876071074881854761e-01 9.876071074881854761e-01 9.876071074881854761e-01 9.876071074881854761e-01
6.600000000000000000e+01 3.383549854133356682e-02 3.383549854133356682e-02 3.383549854133356682e-02 3.383549854133356682e-02
6.700000000000000000e+01 -3.360099639066791433e-01 -3.360099639066791433e-01 -3.360099639066791433e-01 -3.360099639066791433e-01
6.800000000000000000e+01 -6.733228335638880013e-01 -6.733228335638880013e-01 -6.733228335638880013e-01 -6.733228335638880013e-01
6.900000000000000000e+01 -3.780868103543161968e-02 -3.780868103543161968e-02 -3.780868103543161968e-02 -3.780868103543161968e-02
7.000000000000000000e+01 -4.776184728841750826e-01 -4.776184728841750826e-01 -4.776184728841750826e-01 -4.776184728841750826e-01
7.100000000000000000e+01 5.394550919065922656e+00 5.394550919065922656e+00 5.394550919065922656e+00 5.394550919065922656e+00
7.200000000000000000e+01 1.207556598410972848e+00 1.207556598410972848e+00 1.207556598410972848e+00 1.207556598410972848e+00
7.300000000000000000e+01 1.048492828484668543e-01 1.048492828484668543e-01 1.048492828484668543e-01 1.048492828484668543e-01
7.400000000000000000e+01 -1.687695453379622901e+00 -1.687695453379622901e+00 -1.687695453379622901e+00 -1.687695453379622901e+00
7.500000000000000000e+01 -3.969944825452481618e-01 -3.969944825452481618e-01 -3.969944825452481618e-01 -3.969944825452481618e-01
7.600000000000000000e+01 -7.782231791032419022e-01 -7.782231791032419022e-01 -7.782231791032419022e-01 -7.782231791032419022e-01
7.700000000000000000e+01 1.318230244094563464e+00 1.318230244094563464e+00 1.318230244094563464e+00 1.318230244094563464e+00
7.800000000000000000e+01 -1.983788027780299390e-01 -1.983788027780299390e-01 -1.983788027780299390e-01 -1.983788027780299390e-01
7.900000000000000000e+01 -9.284915201953856112e-01 -9.284915201953856112e-01 -9.284915201953856112e-01 -9.284915201953856112e-01
8.000000000000000000e+01 -1.074901162686295653e+00 -1.074901162686295653e+00 -1.074901162686295653e+00 -1.074901162686295653e+00
8.100000000000000000e+01 -8.484451484761452722e-01 -8.484451484761452722e-01 -8.484451484761452722e-01 -8.484451484761452722e-01
8.200000000000000000e+01 8.295980291786585470e-01 8.295980291786585470e-01 8.295980291786585470e-01 8.295980291786585470e-01
8.300000000000000000e+01 3.051546166264990645e-01 3.051546166264990645e-01 3.051546166264990645e-01 3.051546166264990645e-01
8.400000000000000000e+01 1.695057092282815925e-01 1.695057092282815925e-01 1.695057092282815925e-01 1.695057092282815925e-01
8.500000000000000000e+01 -3.849559447999230666e-01 -3.849559447999230666e-01 -3.849559447999230666e-01 -3.849559447999230666e-01
8.600000000000000000e+01 -9.067443529081052889e-01 -9.067443529081052889e-01 -9.067443529081052889e-01 -9.067443529081052889e-01
8.700000000000000000e+01 -3.692164925118197605e-01 -3.692164925118197605e-01 -3.692164925118197605e-01 -3.692164925118197605e-01
8.800000000000000000e+01 -6.188177908400314120e-01 -6.188177908400314120e-01 -6.188177908400314120e-01 -6.188177908400314120e-01
8.900000000000000000e+01 1.096355426589834953e-01 1.096355426589834953e-01 1.096355426589834953e-01 1.096355426589834953e-01
9.000000000000000000e+01 -3.748405973073070663e-01 -3.748405973073070663e-01 -3.748405973073070663e-01 -3.748405973073070663e-01
9.100000000000000000e+01 -1.069566810925201006e+00 -1.069566810925201006e+00 -1.069566810925201006e+00 -1.069566810925201006e+00
9.200000000000000000e+01 -7.398510930038984523e-02 -7.398510930038984523e-02 -7.398510930038984523e-02 -7.398510930038984523e-02
9.300000000000000000e+01 -9.828224993680161059e-02 -9.828224993680161059e-02 -9.828224993680161059e-02 -9.828224993680161059e-02
9.400000000000000000e+01 6.120384764032275049e-01 6.120384764032275049e-01 6.120384764032275049e-01 6.120384764032275049e-01
9.500000000000000000e+01 -8.060396643862618449e-01 -8.060396643862618449e-01 -8.060396643862618449e-01 -8.060396643862618449e-01
9.600000000000000000e+01 -3.536346173468004617e-01 -3.536346173468004617e-01 -3.536346173468004617e-01 -3.536346173468004617e-01
9.700000000000000000e+01 -1.405808010589899570e+00 -1.405808010589899570e+00 -1.405808010589899570e+00 -1.405808010589899570e+00
9.800000000000000000e+01 3.725894903040263134e-02 3.725894903040263134e-02 3.725894903040263134e-02 3.725894903040263134e-02
9.900000000000000000e+01 -1.265087984231715756e+00 -1.265087984231715756e+00 -1.265087984231715756e+00 -1.265087984231715756e+00
1.000000000000000000e+02 2.239154215232840306e-01 2.239154215232840306e-01 2.239154215232840306e-01 2.239154215232840306e-01
1.010000000000000000e+02 3.255591655463352940e-01 3.255591655463352940e-01 3.255591655463352940e-01 3.255591655463352940e-01
1.020000000000000000e+02 -6.515757637116218470e-01 -6.515757637116218470e-01 -6.515757637116218470e-01 -6.515757637116218470e-01
1.030000000000000000e+02 8.841323291346370183e-01 8.841323291346370183e-01 8.841323291346370183e-01 8.841323291346370183e-01
1.040000000000000000e+02 -2.616147088427706602e-01 -2.616147088427706602e-01 -2.616147088427706602e-01 -2.616147088427706602e-01
1.050000000000000000e+02 1.090354837208158123e-01 1.090354837208158123e-01 1.090354837208158123e-01 1.090354837208158123e-01
1.060000000000000000e+02 6.248595572304131984e-01 6.248595572304131984e-01 6.248595572304131984e-01 6.248595572304131984e-01
1.070000000000000000e+02 -1.517351194149932692e+00 -1.517351194149932692e+00 -1.517351194149932692e+00 -1.517351194149932692e+00
1.080000000000000000e+02 5.524304816628501646e-02 5.524304816628501646e-02 5.524304816628501646e-02 5.524304816628501646e-02
1.090000000000000000e+02 -3.685937174171362019e-01 -3.685937174171362019e-01 -3.685937174171362019e-01 -3.685937174171362019e-01
1.100000000000000000e+02 -3.911509063169674172e-01 -3.911509063169674172e-01 -3.911509063169674172e-01 -3.911509063169674172e-01
1.110000000000000000e+02 -6.024659291184346621e-01 -6.024659291184346621e-01 -6.024659291184346621e-01 -6.024659291184346621e-01
1.120000000000000000e+02 -3.070131801329871180e-01 -3.070131801329871180e-01 -3.070131801329871180e-01 -3.070131801329871180e-01
1.130000000000000000e+02 -6.026436051381888204e-01 -6.026436051381888204e-01 -6.026436051381888204e-01 -6.026436051381888204e-01
1.140000000000000000e+02 8.553311795255059691e-01 8.553311795255059691e-01 8.553311795255059691e-01 8.553311795255059691e-01
1.150000000000000000e+02 3.550402160407733487e-01 3.550402160407733487e-01 3.550402160407733487e-01 3.550402160407733487e-01
1.160000000000000000e+02 -3.946998959057629319e-01 -3.946998959057629319e-01 -3.946998959057629319e-01 -3.946998959057629319e-01
1.170000000000000000e+02 -5.829045382963404798e-01 -5.829045382963404798e-01 -5.829045382963404798e-01 -5.829045382963404798e-01
1.180000000000000000e+02 5.766864163770833995e-01 5.766864163770833995e-01 5.766864163770833995e-01 5.766864163770833995e-01
