0.000000000000000000e+00 9.116251822624624745e-01 9.116251822624624745e-01 9.116251822624624745e-01 9.116251822624624745e-01
1.000000000000000000e+00 1.561047251001560277e+00 1.561047251001560277e+00 1.561047251001560277e+00 1.561047251001560277e+00
2.000000000000000000e+00 1.725069977260109688e+00 1.725069977260109688e+00 1.725069977260109688e+00 1.725069977260109688e+00
3.000000000000000000e+00 1.733380039231133818e+00 1.733380039231133818e+00 1.733380039231133818e+00 1.733380039231133818e+00
4.000000000000000000e+00 1.471552793120481040e+00 1.471552793120481040e+00 1.471552793120481040e+00 1.471552793120481040e+00
5.000000000000000000e+00 1.056856431364343818e+00 1.056856431364343818e+00 1.056856431364343818e+00 1.056856431364343818e+00
6.000000000000000000e+00 1.436382225540991486e+00 1.436382225540991486e+00 1.436382225540991486e+00 1.436382225540991486e+00
7.000000000000000000e+00 2.182491496818951049e+00 2.182491496818951049e+00 2.182491496818951049e+00 2.182491496818951049e+00
8.000000000000000000e+00 1.373365343442034092e+00 1.373365343442034092e+00 1.373365343442034092e+00 1.373365343442034092e+00
9.000000000000000000e+00 1.095547430035978875e+00 1.095547430035978875e+00 1.095547430035978875e+00 1.095547430035978875e+00
1.000000000000000000e+01 1.151227919427347812e+00 1.151227919427347812e+00 1.151227919427347812e+00 1.151227919427347812e+00
1.100000000000000000e+01 1.597108987467797059e+00 1.597108987467797059e+00 1.597108987467797059e+00 1.597108987467797059e+00
1.200000000000000000e+01 1.242631177559917033e+00 1.242631177559917033e+00 1.242631177559917033e+00 1.242631177559917033e+00
1.300000000000000000e+01 9.146920825516542397e-01 9.146920825516542397e-01 9.146920825516542397e-01 9.146920825516542397e-01
1.400000000000000000e+01 2.299176346820709593e+00 2.299176346820709593e+00 2.299176346820709593e+00 2.299176346820709593e+00
1.500000000000000000e+01 2.156585448683145501e+00 2.156585448683145501e+00 2.156585448683145501e+00 2.156585448683145501e+00
1.600000000000000000e+01 2.873029547329875477e+00 2.873029547329875477e+00 2.873029547329875477e+00 2.873029547329875477e+00
1.700000000000000000e+01 2.791923502672223112e+00 2.791923502672223112e+00 2.791923502672223112e+00 2.791923502672223112e+00
1.800000000000000000e+01 3.757049537009587770e+00 3.757049537009587770e+00 3.757049537009587770e+00 3.757049537009587770e+00
1.900000000000000000e+01 3.418964891511842019e+00 3.418964891511842019e+00 3.418964891511842019e+00 3.418964891511842019e+00
2.000000000000000000e+01 3.386593436407872471e+00 3.386593436407872471e+00 3.386593436407872471e+00 3.386593436407872471e+00
2.100000000000000000e+01 3.192606547689616825e+00 3.192606547689616825e+00 3.192606547689616825e+00 3.192606547689616825e+00
2.200000000000000000e+01 3.891887098000526457e+00 3.891887098000526457e+00 3.891887098000526457e+00 3.891887098000526457e+00
2.300000000000000000e+01 3.890595074064976178e+00 3.890595074064976178e+00 3.890595074064976178e+00 3.890595074064976178e+00
2.400000000000000000e+01 3.529218683818161839e+00 3.529218683818161839e+00 3.529218683818161839e+00 3.529218683818161839e+00
2.500000000000000000e+01 3.652091981931944620e+00 3.652091981931944620e+00 3.652091981931944620e+00 3.652091981931944620e+00
2.600000000000000000e+01 4.695650055942699019e+00 4.695650055942699019e+00 4.695650055942699019e+00 4.695650055942699019e+00
2.700000000000000000e+01 3.243309387941984312e+00 3.243309387941984312e+00 3.243309387941984312e+00 3.243309387941984312e+00
2.800000000000000000e+01 2.868445873342423624e+00 2.868445873342423624e+00 2.868445873342423624e+00 2.868445873342423624e+00
2.900000000000000000e+01 3.705065419089817791e+00 3.705065419089817791e+00 3.705065419089817791e+00 3.705065419089817791e+00
3.000000000000000000e+01 3.421089852652720253e+00 3.421089852652720253e+00 3.421089852652720253e+00 3.421089852652720253e+00
3.100000000000000000e+01 3.192665903905024471e+00 3.192665903905024471e+00 3.192665903905024471e+00 3.192665903905024471e+00
3.200000000000000000e+01 3.068254032141279453e+00 3.068254032141279453e+00 3.068254032141279453e+00 3.068254032141279453e+00
3.300000000000000000e+01 4.189914183128982117e+00 4.189914183128982117e+00 4.189914183128982117e+00 4.189914183128982117e+00
3.400000000000000000e+01 3.803634694874410638e+00 3.803634694874410638e+00 3.803634694874410638e+00 3.803634694874410638e+00
3.500000000000000000e+01 3.589546555348895218e+00 3.589546555348895218e+00 3.589546555348895218e+00 3.589546555348895218e+00
3.600000000000000000e+01 3.940172821308771223e+00 3.940172821308771223e+00 3.940172821308771223e+00 3.940172821308771223e+00
3.700000000000000000e+01 3.886705595963092286e+00 3.886705595963092286e+00 3.886705595963092286e+00 3.886705595963092286e+00
3.800000000000000000e+01 4.296550690438128761e+00 4.296550690438128761e+00 4.296550690438128761e+00 4.296550690438128761e+00
3.900000000000000000e+01 3.871795796993538374e+00 3.871795796993538374e+00 3.871795796993538374e+00 3.871795796993538374e+00
4.000000000000000000e+01 4.235871405663475642e+00 4.235871405663475642e+00 4.235871405663475642e+00 4.235871405663475642e+00
4.100000000000000000e+01 4.666255658958182728e+00 4.666255658958182728e+00 4.666255658958182728e+00 4.666255658958182728e+00
4.200000000000000000e+01 6.072669673055771433e+00 6.072669673055771433e+00 6.072669673055771433e+00 6.072669673055771433e+00
4.300000000000000000e+01 6.444690447973028924e+00 6.444690447973028924e+00 6.444690447973028924e+00 6.444690447973028924e+00
4.400000000000000000e+01 5.874295911887193355e+00 5.874295911887193355e+00 5.874295911887193355e+00 5.874295911887193355e+00
4.500000000000000000e+01 4.954925741878633438e+00 4.954925741878633438e+00 4.954925741878633438e+00 4.954925741878633438e+00
4.600000000000000000e+01 6.205409843704095429e+00 6.205409843704095429e+00 6.205409843704095429e+00 6.205409843704095429e+00
4.700000000000000000e+01 4.887217848348416993e+00 4.887217848348416993e+00 4.887217848348416993e+00 4.887217848348416993e+00
4.800000000000000000e+01 3.882434988424543043e+00 3.882434988424543043e+00 3.882434988424543043e+00 3.882434988424543043e+00
4.900000000000000000e+01 4.310787854269885422e+00 4.310787854269885422e+00 4.310787854269885422e+00 4.310787854269885422e+00
5.000000000000000000e+01 4.173408407490989624e+00 4.173408407490989624e+00 4.173408407490989624e+00 4.173408407490989624e+00
5.100000000000000000e+01 4.476747941888261195e+00 4.476747941888261195e+00 4.476747941888261195e+00 4.476747941888261195e+00
5.200000000000000000e+01 5.140707157941228900e+00 5.140707157941228900e+00 5.140707157941228900e+00 5.140707157941228900e+00
5.300000000000000000e+01 5.939373826802761158e+00 5.939373826802761158e+00 5.939373826802761158e+00 5.939373826802761158e+00
5.400000000000000000e+01 6.843284748551615060e+00 6.843284748551615060e+00 6.843284748551615060e+00 6.843284748551615060e+00
5.500000000000000000e+01 5.889137846937872567e+00 5.889137846937872567e+00 5.889137846937872567e+00 5.889137846937872567e+00
5.600000000000000000e+01 6.417663080464987679e+00 6.417663080464987679e+00 6.417663080464987679e+00 6.417663080464987679e+00
5.700000000000000000e+01 6.411711319711814738e+00 6.411711319711814738e+00 6.411711319711814738e+00 6.411711319711814738e+00
5.800000000000000000e+01 6.034514151262275305e+00 6.034514151262275305e+00 6.034514151262275305e+00 6.034514151262275305e+00
5.900000000000000000e+01 6.441946582825480050e+00 6.441946582825480050e+00 6.441946582825480050e+00 6.441946582825480050e+00
6.000000000000000000e+01 5.386944971597097620e+00 5.386944971597097620e+00 5.386944971597097620e+00 5.386944971597097620e+00
6.100000000000000000e+01 6.455464397256766240e+00 6.455464397256766240e+00 6.455464397256766240e+00 6.455464397256766240e+00
6.200000000000000000e+01 7.457144782883982082e+00 7.457144782883982082e+00 7.457144782883982082e+00 7.457144782883982082e+00
6.300000000000000000e+01 6.422730210147446606e+00 6.422730210147446606e+00 6.422730210147446606e+00 6.422730210147446606e+00
6.400000000000000000e+01 8.337641870834167079e+00 8.337641870834167079e+00 8.337641870834167079e+00 8.337641870834167079e+00
6.500000000000000000e+01 8.017673163419740234e+00 8.017673163419740234e+00 8.017673163419740234e+00 8.017673163419740234e+00
6.600000000000000000e+01 8.256338501025695109e+00 8.256338501025695109e+00 8.256338501025695109e+00 8.256338501025695109e+00
6.700000000000000000e+01 6.789592743033021627e+00 6.789592743033021627e+00 6.789592743033021627e+00 6.789592743033021627e+00
6.800000000000000000e+01 4.885716455537838065e+00 4.885716455537838065e+00 4.885716455537838065e+00 4.885716455537838065e+00
6.900000000000000000e+01 4.142105691373688892e+00 4.142105691373688892e+00 4.142105691373688892e+00 4.142105691373688892e+00
7.000000000000000000e+01 5.371664996045676155e+00 5.371664996045676155e+00 5.371664996045676155e+00 5.371664996045676155e+00
7.100000000000000000e+01 4.857518570066313934e+00 4.857518570066313934e+00 4.857518570066313934e+00 4.857518570066313934e+00
7.200000000000000000e+01 4.923112573621616583e+00 4.923112573621616583e+00 4.923112573621616583e+00 4.923112573621616583e+00
7.300000000000000000e+01 7.305813454587309685e+00 7.305813454587309685e+00 7.305813454587309685e+00 7.305813454587309685e+00
7.400000000000000000e+01 6.555649736958471863e+00 6.555649736958471863e+00 6.555649736958471863e+00 6.555649736958471863e+00
7.500000000000000000e+01 6.364975412322547932e+00 6.364975412322547932e+00 6.364975412322547932e+00 6.364975412322547932e+00
7.600000000000000000e+01 5.223356260574679943e+00 5.223356260574679943e+00 5.223356260574679943e+00 5.223356260574679943e+00
7.700000000000000000e+01 5.900701802120076778e+00 5.900701802120076778e+00 5.900701802120076778e+00 5.900701802120076778e+00
7.800000000000000000e+01 5.707558732632323384e+00 5.707558732632323384e+00 5.707558732632323384e+00 5.707558732632323384e+00
7.900000000000000000e+01 5.061698742852474453e+00 5.061698742852474453e+00 5.061698742852474453e+00 5.061698742852474453e+00
8.000000000000000000e+01 4.053641121917303636e+00 4.053641121917303636e+00 4.053641121917303636e+00 4.053641121917303636e+00
8.100000000000000000e+01 5.158474731961809390e+00 5.158474731961809390e+00 5.158474731961809390e+00 5.158474731961809390e+00
8.200000000000000000e+01 6.469473372638677944e+00 6.469473372638677944e+00 6.469473372638677944e+00 6.469473372638677944e+00
8.300000000000000000e+01 6.849581133623861895e+00 6.849581133623861895e+00 6.849581133623861895e+00 6.849581133623861895e+00
8.400000000000000000e+01 7.356075142542824352e+00 7.356075142542824352e+00 7.356075142542824352e+00 7.356075142542824352e+00
8.500000000000000000e+01 6.613278872583967072e+00 6.613278872583967072e+00 6.613278872583967072e+00 6.613278872583967072e+00
8.600000000000000000e+01 5.835174276815788375e+00 5.835174276815788375e+00 5.835174276815788375e+00 5.835174276815788375e+00
8.700000000000000000e+01 3.950330182951022451e+00 3.950330182951022451e+00 3.950330182951022451e+00 3.950330182951022451e+00
8.800000000000000000e+01 3.485113475942679173e+00 3.485113475942679173e+00 3.485113475942679173e+00 3.485113475942679173e+00
8.900000000000000000e+01 4.766950597860360794e+00 4.766950597860360794e+00 4.766950597860360794e+00 4.766950597860360794e+00
9.000000000000000000e+01 3.583163368030665374e+00 3.583163368030665374e+00 3.583163368030665374e+00 3.583163368030665374e+00
9.100000000000000000e+01 3.480853447369185005e+00 3.480853447369185005e+00 3.480853447369185005e+00 3.480853447369185005e+00
9.200000000000000000e+01 3.583176839281470905e+00 3.583176839281470905e+00 3.583176839281470905e+00 3.583176839281470905e+00
9.300000000000000000e+01 4.052857653748521471e+00 4.052857653748521471e+00 4.052857653748521471e+00 4.052857653748521471e+00
9.400000000000000000e+01 5.415569931070495890e+00 5.415569931070495890e+00 5.415569931070495890e+00 5.415569931070495890e+00
9.500000000000000000e+01 4.412856228281365034e+00 4.412856228281365034e+00 4.412856228281365034e+00 4.412856228281365034e+00
9.600000000000000000e+01 3.563422528136729994e+00 3.563422528136729994e+00 3.563422528136729994e+00 3.563422528136729994e+00
9.700000000000000000e+01 2.831927430999733541e+00 2.831927430999733541e+00 2.831927430999733541e+00 2.831927430999733541e+00
9.800000000000000000e+01 3.910747874307210381e+00 3.910747874307210381e+00 3.910747874307210381e+00 3.910747874307210381e+00
9.900000000000000000e+01 3.307029307062444357e+00 3.307029307062444357e+00 3.307029307062444357e+00 3.307029307062444357e+00
