0.000000000000000000e+00 1.840246493856136256e+00 1.840246493856136256e+00 1.840246493856136256e+00 1.840246493856136256e+00
1.000000000000000000e+00 1.426675263427171991e+00 1.426675263427171991e+00 1.426675263427171991e+00 1.426675263427171991e+00
2.000000000000000000e+00 1.185678806015829645e+00 1.185678806015829645e+00 1.185678806015829645e+00 1.185678806015829645e+00
3.000000000000000000e+00 2.132809959423395796e+00 2.132809959423395796e+00 2.132809959423395796e+00 2.132809959423395796e+00
4.000000000000000000e+00 6.434920093669506125e-01 6.434920093669506125e-01 6.434920093669506125e-01 6.434920093669506125e-01
5.000000000000000000e+00 1.438236683690829798e+00 1.438236683690829798e+00 1.438236683690829798e+00 1.438236683690829798e+00
6.000000000000000000e+00 1.044172898498301416e+00 1.044172898498301416e+00 1.044172898498301416e+00 1.044172898498301416e+00
7.000000000000000000e+00 1.881455488467955073e+00 1.881455488467955073e+00 1.881455488467955073e+00 1.881455488467955073e+00
8.000000000000000000e+00 1.305070887350194386e+00 1.305070887350194386e+00 1.305070887350194386e+00 1.305070887350194386e+00
9.000000000000000000e+00 1.580083809479192691e+00 1.580083809479192691e+00 1.580083809479192691e+00 1.580083809479192691e+00
1.000000000000000000e+01 1.245198238031346660e+00 1.245198238031346660e+00 1.245198238031346660e+00 1.245198238031346660e+00
1.100000000000000000e+01 1.164978999487906064e+00 1.164978999487906064e+00 1.164978999487906064e+00 1.164978999487906064e+00
1.200000000000000000e+01 1.083170902404858138e+00 1.083170902404858138e+00 1.083170902404858138e+00 1.083170902404858138e+00
1.300000000000000000e+01 1.309718005786294936e+00 1.309718005786294936e+00 1.309718005786294936e+00 1.309718005786294936e+00
1.400000000000000000e+01 1.007445452639836425e+00 1.007445452639836425e+00 1.007445452639836425e+00 1.007445452639836425e+00
1.500000000000000000e+01 1.397267889714590483e+00 1.397267889714590483e+00 1.397267889714590483e+00 1.397267889714590483e+00
1.600000000000000000e+01 1.545997207793567307e+00 1.545997207793567307e+00 1.545997207793567307e+00 1.545997207793567307e+00
1.700000000000000000e+01 1.156539789235232929e+00 1.156539789235232929e+00 1.156539789235232929e+00 1.156539789235232929e+00
1.800000000000000000e+01 9.780549156025045709e-01 9.780549156025045709e-01 9.780549156025045709e-01 9.780549156025045709e-01
1.900000000000000000e+01 1.306831504397677035e+00 1.306831504397677035e+00 1.306831504397677035e+00 1.306831504397677035e+00
2.000000000000000000e+01 1.598535994270637417e+00 1.598535994270637417e+00 1.598535994270637417e+00 1.598535994270637417e+00
2.100000000000000000e+01 1.546374950699851869e+00 1.546374950699851869e+00 1.546374950699851869e+00 1.546374950699851869e+00
2.200000000000000000e+01 1.274055302334190509e+00 1.274055302334190509e+00 1.274055302334190509e+00 1.274055302334190509e+00
2.300000000000000000e+01 1.721787611436214283e+00 1.721787611436214283e+00 1.721787611436214283e+00 1.721787611436214283e+00
2.400000000000000000e+01 2.855966949548738310e+00 2.855966949548738310e+00 2.855966949548738310e+00 2.855966949548738310e+00
2.500000000000000000e+01 1.413607682631897067e+00 1.413607682631897067e+00 1.413607682631897067e+00 1.413607682631897067e+00
2.600000000000000000e+01 1.908946161438129563e+00 1.908946161438129563e+00 1.908946161438129563e+00 1.908946161438129563e+00
2.700000000000000000e+01 2.459840749508690028e+00 2.459840749508690028e+00 2.459840749508690028e+00 2.459840749508690028e+00
2.800000000000000000e+01 1.896003786934726154e+00 1.896003786934726154e+00 1.896003786934726154e+00 1.896003786934726154e+00
2.900000000000000000e+01 1.752281387586517081e+00 1.752281387586517081e+00 1.752281387586517081e+00 1.752281387586517081e+00
3.000000000000000000e+01 2.146654407107005280e+00 2.146654407107005280e+00 2.146654407107005280e+00 2.146654407107005280e+00
3.100000000000000000e+01 1.669704889976213469e+00 1.669704889976213469e+00 1.669704889976213469e+00 1.669704889976213469e+00
3.200000000000000000e+01 1.911637651283025319e+00 1.911637651283025319e+00 1.911637651283025319e+00 1.911637651283025319e+00
3.300000000000000000e+01 1.776159673390492078e+00 1.776159673390492078e+00 1.776159673390492078e+00 1.776159673390492078e+00
3.400000000000000000e+01 1.842458890189025977e+00 1.842458890189025977e+00 1.842458890189025977e+00 1.842458890189025977e+00
3.500000000000000000e+01 2.533836622035164687e+00 2.533836622035164687e+00 2.533836622035164687e+00 2.533836622035164687e+00
3.600000000000000000e+01 1.195707122309420445e+00 1.195707122309420445e+00 1.195707122309420445e+00 1.195707122309420445e+00
3.700000000000000000e+01 3.175009244319197510e+00 3.175009244319197510e+00 3.175009244319197510e+00 3.175009244319197510e+00
3.800000000000000000e+01 2.098993817980501664e+00 2.098993817980501664e+00 2.098993817980501664e+00 2.098993817980501664e+00
3.900000000000000000e+01 2.656970796195166074e+00 2.656970796195166074e+00 2.656970796195166074e+00 2.656970796195166074e+00
4.000000000000000000e+01 1.739840170064068436e+00 1.739840170064068436e+00 1.739840170064068436e+00 1.739840170064068436e+00
4.100000000000000000e+01 2.253340837269917962e+00 2.253340837269917962e+00 2.253340837269917962e+00 2.253340837269917962e+00
4.200000000000000000e+01 3.527006280076097067e+00 3.527006280076097067e+00 3.527006280076097067e+00 3.527006280076097067e+00
4.300000000000000000e+01 2.874265738384107927e+00 2.874265738384107927e+00 2.874265738384107927e+00 2.874265738384107927e+00
4.400000000000000000e+01 2.371732664971510030e+00 2.371732664971510030e+00 2.371732664971510030e+00 2.371732664971510030e+00
4.500000000000000000e+01 1.584586729356518564e+00 1.584586729356518564e+00 1.584586729356518564e+00 1.584586729356518564e+00
4.600000000000000000e+01 3.010544155045229431e+00 3.010544155045229431e+00 3.010544155045229431e+00 3.010544155045229431e+00
4.700000000000000000e+01 2.726890252111875412e+00 2.726890252111875412e+00 2.726890252111875412e+00 2.726890252111875412e+00
4.800000000000000000e+01 3.485063133249085787e+00 3.485063133249085787e+00 3.485063133249085787e+00 3.485063133249085787e+00
4.900000000000000000e+01 2.570436794745828202e+00 2.570436794745828202e+00 2.570436794745828202e+00 2.570436794745828202e+00
5.000000000000000000e+01 2.013866401873332546e+00 2.013866401873332546e+00 2.013866401873332546e+00 2.013866401873332546e+00
5.100000000000000000e+01 2.114747663310153403e+00 2.114747663310153403e+00 2.114747663310153403e+00 2.114747663310153403e+00
5.200000000000000000e+01 3.843745114190385337e+00 3.843745114190385337e+00 3.843745114190385337e+00 3.843745114190385337e+00
5.300000000000000000e+01 1.863741434565406196e+00 1.863741434565406196e+00 1.863741434565406196e+00 1.863741434565406196e+00
5.400000000000000000e+01 2.797910754642163766e+00 2.797910754642163766e+00 2.797910754642163766e+00 2.797910754642163766e+00
5.500000000000000000e+01 2.952953988231880267e+00 2.952953988231880267e+00 2.952953988231880267e+00 2.952953988231880267e+00
5.600000000000000000e+01 3.154389334535562917e+00 3.154389334535562917e+00 3.154389334535562917e+00 3.154389334535562917e+00
5.700000000000000000e+01 2.301702823668289710e+00 2.301702823668289710e+00 2.301702823668289710e+00 2.301702823668289710e+00
5.800000000000000000e+01 4.049575352611221035e+00 4.049575352611221035e+00 4.049575352611221035e+00 4.049575352611221035e+00
5.900000000000000000e+01 3.155545015409088716e+00 3.155545015409088716e+00 3.155545015409088716e+00 3.155545015409088716e+00
6.000000000000000000e+01 2.172736505643611871e+00 2.172736505643611871e+00 2.172736505643611871e+00 2.172736505643611871e+00
6.100000000000000000e+01 3.010171307073831848e+00 3.010171307073831848e+00 3.010171307073831848e+00 3.010171307073831848e+00
6.200000000000000000e+01 3.877975627288640315e+00 3.877975627288640315e+00 3.877975627288640315e+00 3.877975627288640315e+00
6.300000000000000000e+01 3.051050037961734684e+00 3.051050037961734684e+00 3.051050037961734684e+00 3.051050037961734684e+00
6.400000000000000000e+01 3.213338644876139849e+00 3.213338644876139849e+00 3.213338644876139849e+00 3.213338644876139849e+00
6.500000000000000000e+01 1.744455753603026960e+00 1.744455753603026960e+00 1.744455753603026960e+00 1.744455753603026960e+00
6.600000000000000000e+01 2.938146614323387862e+00 2.938146614323387862e+00 2.938146614323387862e+00 2.938146614323387862e+00
6.700000000000000000e+01 3.451663599185792020e+00 3.451663599185792020e+00 3.451663599185792020e+00 3.451663599185792020e+00
6.800000000000000000e+01 2.443126972763588256e+00 2.443126972763588256e+00 2.443126972763588256e+00 2.443126972763588256e+00
6.900000000000000000e+01 1.060559875864900636e+00 1.060559875864900636e+00 1.060559875864900636e+00 1.060559875864900636e+00
7.000000000000000000e+01 2.706514187567898411e+00 2.706514187567898411e+00 2.706514187567898411e+00 2.706514187567898411e+00
7.100000000000000000e+01 2.441041573832785083e+00 2.441041573832785083e+00 2.441041573832785083e+00 2.441041573832785083e+00
7.200000000000000000e+01 2.694300141643024116e+00 2.694300141643024116e+00 2.694300141643024116e+00 2.694300141643024116e+00
7.300000000000000000e+01 3.078950324098537639e+00 3.078950324098537639e+00 3.078950324098537639e+00 3.078950324098537639e+00
7.400000000000000000e+01 3.182223405986810416e+00 3.182223405986810416e+00 3.182223405986810416e+00 3.182223405986810416e+00
7.500000000000000000e+01 2.747956120637748967e+00 2.747956120637748967e+00 2.747956120637748967e+00 2.747956120637748967e+00
7.600000000000000000e+01 3.681223676254883337e+00 3.681223676254883337e+00 3.681223676254883337e+00 3.681223676254883337e+00
7.700000000000000000e+01 1.981582190812420041e+00 1.981582190812420041e+00 1.981582190812420041e+00 1.981582190812420041e+00
7.800000000000000000e+01 3.361535324045328288e+00 3.361535324045328288e+00 3.361535324045328288e+00 3.361535324045328288e+00
7.900000000000000000e+01 3.632310487360974616e+00 3.632310487360974616e+00 3.632310487360974616e+00 3.632310487360974616e+00
8.000000000000000000e+01 3.393193808366377517e+00 3.393193808366377517e+00 3.393193808366377517e+00 3.393193808366377517e+00
8.100000000000000000e+01 2.644540581368955756e+00 2.644540581368955756e+00 2.644540581368955756e+00 2.644540581368955756e+00
8.200000000000000000e+01 2.189407303500074065e+00 2.189407303500074065e+00 2.189407303500074065e+00 2.189407303500074065e+00
8.300000000000000000e+01 3.440853123441260486e+00 3.440853123441260486e+00 3.440853123441260486e+00 3.440853123441260486e+00
8.400000000000000000e+01 3.490687616257343251e+00 3.490687616257343251e+00 3.490687616257343251e+00 3.490687616257343251e+00
8.500000000000000000e+01 3.725213087749623675e+00 3.725213087749623675e+00 3.725213087749623675e+00 3.725213087749623675e+00
8.600000000000000000e+01 2.269032252116139237e+00 2.269032252116139237e+00 2.269032252116139237e+00 2.269032252116139237e+00
8.700000000000000000e+01 2.644295722677422411e+00 2.644295722677422411e+00 2.644295722677422411e+00 2.644295722677422411e+00
8.800000000000000000e+01 2.827773158511395657e+00 2.827773158511395657e+00 2.827773158511395657e+00 2.827773158511395657e+00
8.900000000000000000e+01 3.745002964439146265e+00 3.745002964439146265e+00 3.745002964439146265e+00 3.745002964439146265e+00
9.000000000000000000e+01 2.202179998512485692e+00 2.202179998512485692e+00 2.202179998512485692e+00 2.202179998512485692e+00
9.100000000000000000e+01 2.543869912026376578e+00 2.543869912026376578e+00 2.543869912026376578e+00 2.543869912026376578e+00
9.200000000000000000e+01 2.869276267896415433e+00 2.869276267896415433e+00 2.869276267896415433e+00 2.869276267896415433e+00
9.300000000000000000e+01 3.056601969028322152e+00 3.056601969028322152e+00 3.056601969028322152e+00 3.056601969028322152e+00
9.400000000000000000e+01 3.055636930162249243e+00 3.055636930162249243e+00 3.055636930162249243e+00 3.055636930162249243e+00
9.500000000000000000e+01 2.192072424502930605e+00 2.192072424502930605e+00 2.192072424502930605e+00 2.192072424502930605e+00
9.600000000000000000e+01 2.734617274300050305e+00 2.734617274300050305e+00 2.734617274300050305e+00 2.734617274300050305e+00
9.700000000000000000e+01 2.609197279504179789e+00 2.609197279504179789e+00 2.609197279504179789e+00 2.609197279504179789e+00
9.800000000000000000e+01 2.481071625389208890e+00 2.481071625389208890e+00 2.481071625389208890e+00 2.481071625389208890e+00
9.900000000000000000e+01 2.219906116050140099e+00 2.219906116050140099e+00 2.219906116050140099e+00 2.219906116050140099e+00
