0.000000000000000000e+00 -5.032004785306111450e-02 -5.032004785306111450e-02 -5.032004785306111450e-02 -5.032004785306111450e-02
1.000000000000000000e+00 3.705507360821738150e-01 3.705507360821738150e-01 3.705507360821738150e-01 3.705507360821738150e-01
2.000000000000000000e+00 1.142134803853679242e-01 1.142134803853679242e-01 1.142134803853679242e-01 1.142134803853679242e-01
3.000000000000000000e+00 5.642835145878254410e-01 5.642835145878254410e-01 5.642835145878254410e-01 5.642835145878254410e-01
4.000000000000000000e+00 5.920754515923850603e-01 5.920754515923850603e-01 5.920754515923850603e-01 5.920754515923850603e-01
5.000000000000000000e+00 7.139287843480774942e-01 7.139287843480774942e-01 7.139287843480774942e-01 7.139287843480774942e-01
6.000000000000000000e+00 4.990724251516452381e-01 4.990724251516452381e-01 4.990724251516452381e-01 4.990724251516452381e-01
7.000000000000000000e+00 2.024141190273773261e-02 2.024141190273773261e-02 2.024141190273773261e-02 2.024141190273773261e-02
8.000000000000000000e+00 -8.395852366460245797e-01 -8.395852366460245797e-01 -8.395852366460245797e-01 -8.395852366460245797e-01
9.000000000000000000e+00 -1.363692948103449432e+00 -1.363692948103449432e+00 -1.363692948103449432e+00 -1.363692948103449432e+00
1.000000000000000000e+01 -8.985862616842658079e-01 -8.985862616842658079e-01 -8.985862616842658079e-01 -8.985862616842658079e-01
1.100000000000000000e+01 -4.039111720034962993e-01 -4.039111720034962993e-01 -4.039111720034962993e-01 -4.039111720034962993e-01
1.200000000000000000e+01 -1.972133860018854823e-01 -1.972133860018854823e-01 -1.972133860018854823e-01 -1.972133860018854823e-01
1.300000000000000000e+01 4.596178262475950071e-02 4.596178262475950071e-02 4.596178262475950071e-02 4.596178262475950071e-02
1.400000000000000000e+01 2.591110820690198935e-01 2.591110820690198935e-01 2.591110820690198935e-01 2.591110820690198935e-01
1.500000000000000000e+01 4.168039144074682789e-01 4.168039144074682789e-01 4.168039144074682789e-01 4.168039144074682789e-01
1.600000000000000000e+01 5.729170764092408330e-01 5.729170764092408330e-01 5.729170764092408330e-01 5.729170764092408330e-01
1.700000000000000000e+01 6.392729444358677959e-01 6.392729444358677959e-01 6.392729444358677959e-01 6.392729444358677959e-01
1.800000000000000000e+01 5.399915763028768634e-01 5.399915763028768634e-01 5.399915763028768634e-01 5.399915763028768634e-01
1.900000000000000000e+01 8.133724561210589066e-01 8.133724561210589066e-01 8.133724561210589066e-01 8.133724561210589066e-01
2.000000000000000000e+01 5.963801798504836382e-01 5.963801798504836382e-01 5.963801798504836382e-01 5.963801798504836382e-01
2.100000000000000000e+01 1.353025141522643748e+00 1.353025141522643748e+00 1.353025141522643748e+00 1.353025141522643748e+00
2.200000000000000000e+01 -1.541513473804553835e-01 -1.541513473804553835e-01 -1.541513473804553835e-01 -1.541513473804553835e-01
2.300000000000000000e+01 -9.887974333927861403e-01 -9.887974333927861403e-01 -9.887974333927861403e-01 -9.887974333927861403e-01
2.400000000000000000e+01 -1.373118465818996548e+00 -1.373118465818996548e+00 -1.373118465818996548e+00 -1.373118465818996548e+00
2.500000000000000000e+01 -6.926431406605734198e-01 -6.926431406605734198e-01 -6.926431406605734198e-01 -6.926431406605734198e-01
2.600000000000000000e+01 -2.108060434691686746e-01 -2.108060434691686746e-01 -2.108060434691686746e-01 -2.108060434691686746e-01
2.700000000000000000e+01 -2.738209607665135700e-02 -2.738209607665135700e-02 -2.738209607665135700e-02 -2.738209607665135700e-02
2.800000000000000000e+01 -2.336789992945694783e-01 -2.336789992945694783e-01 -2.336789992945694783e-01 -2.336789992945694783e-01
2.900000000000000000e+01 -1.652703206247504719e-01 -1.652703206247504719e-01 -1.652703206247504719e-01 -1.652703206247504719e-01
3.000000000000000000e+01 5.430412356255512885e-01 5.430412356255512885e-01 5.430412356255512885e-01 5.430412356255512885e-01
3.100000000000000000e+01 2.214023275448002426e-01 2.214023275448002426e-01 2.214023275448002426e-01 2.214023275448002426e-01
3.200000000000000000e+01 1.474469480432491486e-01 1.474469480432491486e-01 1.474469480432491486e-01 1.474469480432491486e-01
3.300000000000000000e+01 4.116381953742513922e-01 4.116381953742513922e-01 4.116381953742513922e-01 4.116381953742513922e-01
3.400000000000000000e+01 4.307752647119814648e-01 4.307752647119814648e-01 4.307752647119814648e-01 4.307752647119814648e-01
3.500000000000000000e+01 5.656352120130786476e-01 5.656352120130786476e-01 5.656352120130786476e-01 5.656352120130786476e-01
3.600000000000000000e+01 4.134768534504378867e-01 4.134768534504378867e-01 4.134768534504378867e-01 4.134768534504378867e-01
3.700000000000000000e+01 7.146637799548717362e-01 7.146637799548717362e-01 7.146637799548717362e-01 7.146637799548717362e-01
3.800000000000000000e+01 -1.256283025619571392e+00 -1.256283025619571392e+00 -1.256283025619571392e+00 -1.256283025619571392e+00
3.900000000000000000e+01 1.840694971219828946e-01 1.840694971219828946e-01 1.840694971219828946e-01 1.840694971219828946e-01
4.000000000000000000e+01 1.868814549444560713e-01 1.868814549444560713e-01 1.868814549444560713e-01 1.868814549444560713e-01
4.100000000000000000e+01 7.560795215337077213e-01 7.560795215337077213e-01 7.560795215337077213e-01 7.560795215337077213e-01
4.200000000000000000e+01 -4.130547548566833316e-02 -4.130547548566833316e-02 -4.130547548566833316e-02 -4.130547548566833316e-02
4.300000000000000000e+01 5.358013856632181104e-01 5.358013856632181104e-01 5.358013856632181104e-01 5.358013856632181104e-01
4.400000000000000000e+01 1.930783590323257304e-01 1.930783590323257304e-01 1.930783590323257304e-01 1.930783590323257304e-01
4.500000000000000000e+01 2.312234187413167996e-01 2.312234187413167996e-01 2.312234187413167996e-01 2.312234187413167996e-01
4.600000000000000000e+01 6.521075166462740602e-02 6.521075166462740602e-02 6.521075166462740602e-02 6.521075166462740602e-02
4.700000000000000000e+01 2.477112306175009993e-01 2.477112306175009993e-01 2.477112306175009993e-01 2.477112306175009993e-01
4.800000000000000000e+01 -1.990693331083950302e-01 -1.990693331083950302e-01 -1.990693331083950302e-01 -1.990693331083950302e-01
4.900000000000000000e+01 -4.121580549996475273e-01 -4.121580549996475273e-01 -4.121580549996475273e-01 -4.121580549996475273e-01
5.000000000000000000e+01 -3.505638528599560599e-01 -3.505638528599560599e-01 -3.505638528599560599e-01 -3.505638528599560599e-01
5.100000000000000000e+01 4.721579691964136738e-01 4.721579691964136738e-01 4.721579691964136738e-01 4.721579691964136738e-01
5.200000000000000000e+01 -3.564991759704054242e-01 -3.564991759704054242e-01 -3.564991759704054242e-01 -3.564991759704054242e-01
5.300000000000000000e+01 2.403976175881485447e-02 2.403976175881485447e-02 2.403976175881485447e-02 2.403976175881485447e-02
5.400000000000000000e+01 3.965358761413252317e-03 3.965358761413252317e-03 3.965358761413252317e-03 3.965358761413252317e-03
5.500000000000000000e+01 1.933846518275340043e-01 1.933846518275340043e-01 1.933846518275340043e-01 1.933846518275340043e-01
5.600000000000000000e+01 1.626605748638741689e-01 1.626605748638741689e-01 1.626605748638741689e-01 1.626605748638741689e-01
5.700000000000000000e+01 -2.946587135618664033e-01 -2.946587135618664033e-01 -2.946587135618664033e-01 -2.946587135618664033e-01
5.800000000000000000e+01 -2.380965855022827982e-01 -2.380965855022827982e-01 -2.380965855022827982e-01 -2.380965855022827982e-01
5.900000000000000000e+01 -2.534932561884411850e+00 -2.534932561884411850e+00 -2.534932561884411850e+00 -2.534932561884411850e+00
6.000000000000000000e+01 -2.015913582155837158e+00 -2.015913582155837158e+00 -2.015913582155837158e+00 -2.015913582155837158e+00
6.100000000000000000e+01 -1.047628627168637472e+00 -1.047628627168637472e+00 -1.047628627168637472e+00 -1.047628627168637472e+00
6.200000000000000000e+01 -6.368865389548589162e-01 -6.368865389548589162e-01 -6.368865389548589162e-01 -6.368865389548589162e-01
6.300000000000000000e+01 -3.297090492032805353e-01 -3.297090492032805353e-01 -3.297090492032805353e-01 -3.297090492032805353e-01
6.400000000000000000e+01 -2.456138836772366885e-01 -2.456138836772366885e-01 -2.456138836772366885e-01 -2.456138836772366885e-01
6.500000000000000000e+01 -1.054202291124648194e-01 -1.054202291124648194e-01 -1.054202291124648194e-01 -1.054202291124648194e-01
6.600000000000000000e+01 1.182001189908815988e-02 1.182001189908815988e-02 1.182001189908815988e-02 1.182001189908815988e-02
6.700000000000000000e+01 -2.489854850641850734e-02 -2.489854850641850734e-02 -2.489854850641850734e-02 -2.489854850641850734e-02
6.800000000000000000e+01 1.115708149173108149e-01 1.115708149173108149e-01 1.115708149173108149e-01 1.115708149173108149e-01
6.900000000000000000e+01 2.087323622462962658e-01 2.087323622462962658e-01 2.087323622462962658e-01 2.087323622462962658e-01
7.000000000000000000e+01 1.521492647259888309e-01 1.521492647259888309e-01 1.521492647259888309e-01 1.521492647259888309e-01
7.100000000000000000e+01 2.253966408543182087e-01 2.253966408543182087e-01 2.253966408543182087e-01 2.253966408543182087e-01
7.200000000000000000e+01 1.423629743330886641e-02 1.423629743330886641e-02 1.423629743330886641e-02 1.423629743330886641e-02
7.300000000000000000e+01 -3.894034092513068424e-01 -3.894034092513068424e-01 -3.894034092513068424e-01 -3.894034092513068424e-01
7.400000000000000000e+01 -1.199749848706263444e+00 -1.199749848706263444e+00 -1.199749848706263444e+00 -1.199749848706263444e+00
7.500000000000000000e+01 -1.248476391974573163e+00 -1.248476391974573163e+00 -1.248476391974573163e+00 -1.248476391974573163e+00
7.600000000000000000e+01 -1.019539378866458179e+00 -1.019539378866458179e+00 -1.019539378866458179e+00 -1.019539378866458179e+00
7.700000000000000000e+01 -9.729133344474809597e-01 -9.729133344474809597e-01 -9.729133344474809597e-01 -9.729133344474809597e-01
7.800000000000000000e+01 -5.714542214304724199e-01 -5.714542214304724199e-01 -5.714542214304724199e-01 -5.714542214304724199e-01
7.900000000000000000e+01 -3.201574441204501631e-01 -3.201574441204501631e-01 -3.201574441204501631e-01 -3.201574441204501631e-01
8.000000000000000000e+01 -1.488285170025079041e-01 -1.488285170025079041e-01 -1.488285170025079041e-01 -1.488285170025079041e-01
8.100000000000000000e+01 -1.120802966917057997e-01 -1.120802966917057997e-01 -1.120802966917057997e-01 -1.120802966917057997e-01
8.200000000000000000e+01 2.632576577701557438e-02 2.632576577701557438e-02 2.632576577701557438e-02 2.632576577701557438e-02
8.300000000000000000e+01 1.710649827610824236e-01 1.710649827610824236e-01 1.710649827610824236e-01 1.710649827610824236e-01
8.400000000000000000e+01 1.800789082081037107e-01 1.800789082081037107e-01 1.800789082081037107e-01 1.800789082081037107e-01
8.500000000000000000e+01 1.985161704789475678e-01 1.985161704789475678e-01 1.985161704789475678e-01 1.985161704789475678e-01
8.600000000000000000e+01 3.299756264262579952e-01 3.299756264262579952e-01 3.299756264262579952e-01 3.299756264262579952e-01
8.700000000000000000e+01 2.351700941281855417e-01 2.351700941281855417e-01 2.351700941281855417e-01 2.351700941281855417e-01
8.800000000000000000e+01 2.793664916158845046e-01 2.793664916158845046e-01 2.793664916158845046e-01 2.793664916158845046e-01
8.900000000000000000e+01 1.766018838633693910e-01 1.766018838633693910e-01 1.766018838633693910e-01 1.766018838633693910e-01
9.000000000000000000e+01 -1.346470584389133640e-01 -1.346470584389133640e-01 -1.346470584389133640e-01 -1.346470584389133640e-01
9.100000000000000000e+01 -4.833214913805553709e-02 -4.833214913805553709e-02 -4.833214913805553709e-02 -4.833214913805553709e-02
9.200000000000000000e+01 -2.905210293829610380e-01 -2.905210293829610380e-01 -2.905210293829610380e-01 -2.905210293829610380e-01
9.300000000000000000e+01 -7.470187938781439052e-02 -7.470187938781439052e-02 -7.470187938781439052e-02 -7.470187938781439052e-02
9.400000000000000000e+01 -7.710676869966148761e-01 -7.710676869966148761e-01 -7.710676869966148761e-01 -7.710676869966148761e-01
9.500000000000000000e+01 -2.138057095850832978e-01 -2.138057095850832978e-01 -2.138057095850832978e-01 -2.138057095850832978e-01
9.600000000000000000e+01 -1.192008096889704966e-01 -1.192008096889704966e-01 -1.192008096889704966e-01 -1.192008096889704966e-01
9.700000000000000000e+01 -6.374588057715202538e-02 -6.374588057715202538e-02 -6.374588057715202538e-02 -6.374588057715202538e-02
9.800000000000000000e+01 -2.311344969335047961e-01 -2.311344969335047961e-01 -2.311344969335047961e-01 -2.311344969335047961e-01
9.900000000000000000e+01 -2.322857056408881016e-01 -2.322857056408881016e-01 -2.322857056408881016e-01 -2.322857056408881016e-01
1.000000000000000000e+02 -9.509907317795016080e-02 -9.509907317795016080e-02 -9.509907317795016080e-02 -9.509907317795016080e-02
1.010000000000000000e+02 -2.472319611284624560e-02 -2.472319611284624560e-02 -2.472319611284624560e-02 -2.472319611284624560e-02
1.020000000000000000e+02 -9.985950301773448279e-02 -9.985950301773448279e-02 -9.985950301773448279e-02 -9.985950301773448279e-02
1.030000000000000000e+02 -3.781343449725147604e-02 -3.781343449725147604e-02 -3.781343449725147604e-02 -3.781343449725147604e-02
1.040000000000000000e+02 2.878150582098399357e-01 2.878150582098399357e-01 2.878150582098399357e-01 2.878150582098399357e-01
1.050000000000000000e+02 1.378231801636623510e-01 1.378231801636623510e-01 1.378231801636623510e-01 1.378231801636623510e-01
1.060000000000000000e+02 6.627158321021088538e-02 6.627158321021088538e-02 6.627158321021088538e-02 6.627158321021088538e-02
1.070000000000000000e+02 -4.148809570246383971e-02 -4.148809570246383971e-02 -4.148809570246383971e-02 -4.148809570246383971e-02
1.080000000000000000e+02 6.113802604927170287e-02 6.113802604927170287e-02 6.113802604927170287e-02 6.113802604927170287e-02
1.090000000000000000e+02 1.194387038829623493e-01 1.194387038829623493e-01 1.194387038829623493e-01 1.194387038829623493e-01
1.100000000000000000e+02 7.563587070774455134e-02 7.563587070774455134e-02 7.563587070774455134e-02 7.563587070774455134e-02
1.110000000000000000e+02 -1.561912038957931348e-01 -1.561912038957931348e-01 -1.561912038957931348e-01 -1.561912038957931348e-01
1.120000000000000000e+02 -8.995475251975547648e-01 -8.995475251975547648e-01 -8.995475251975547648e-01 -8.995475251975547648e-01
1.130000000000000000e+02 -1.730488788625001328e+00 -1.730488788625001328e+00 -1.730488788625001328e+00 -1.730488788625001328e+00
1.140000000000000000e+02 -1.420603178807305911e+00 -1.420603178807305911e+00 -1.420603178807305911e+00 -1.420603178807305911e+00
1.150000000000000000e+02 -1.130261799817916080e+00 -1.130261799817916080e+00 -1.130261799817916080e+00 -1.130261799817916080e+00
1.160000000000000000e+02 -8.699053361735187284e-01 -8.699053361735187284e-01 -8.699053361735187284e-01 -8.699053361735187284e-01
1.170000000000000000e+02 -9.887045396468280289e-01 -9.887045396468280289e-01 -9.887045396468280289e-01 -9.887045396468280289e-01
1.180000000000000000e+02 -3.689613650756811691e-01 -3.689613650756811691e-01 -3.689613650756811691e-01 -3.689613650756811691e-01
