0.000000000000000000e+00 -1.287706112374163547e+00 -1.287706112374163547e+00 -1.287706112374163547e+00 -1.287706112374163547e+00
1.000000000000000000e+00 8.122501058881413938e-01 8.122501058881413938e-01 8.122501058881413938e-01 8.122501058881413938e-01
2.000000000000000000e+00 4.221578406869973543e-01 4.221578406869973543e-01 4.221578406869973543e-01 4.221578406869973543e-01
3.000000000000000000e+00 1.247608001334708838e+00 1.247608001334708838e+00 1.247608001334708838e+00 1.247608001334708838e+00
4.000000000000000000e+00 2.301738635977159220e+00 2.301738635977159220e+00 2.301738635977159220e+00 2.301738635977159220e+00
5.000000000000000000e+00 2.547957413696081419e-01 2.547957413696081419e-01 2.547957413696081419e-01 2.547957413696081419e-01
6.000000000000000000e+00 1.171288542366278641e-02 1.171288542366278641e-02 1.171288542366278641e-02 1.171288542366278641e-02
7.000000000000000000e+00 4.455059118448028710e-01 4.455059118448028710e-01 4.455059118448028710e-01 4.455059118448028710e-01
8.000000000000000000e+00 -1.208171637160789125e+00 -1.208171637160789125e+00 -1.208171637160789125e+00 -1.208171637160789125e+00
9.000000000000000000e+00 -3.718135701948683224e-03 -3.718135701948683224e-03 -3.718135701948683224e-03 -3.718135701948683224e-03
1.000000000000000000e+01 -1.223448594954509305e+00 -1.223448594954509305e+00 -1.223448594954509305e+00 -1.223448594954509305e+00
1.100000000000000000e+01 -6.324441034613266233e-01 -6.324441034613266233e-01 -6.324441034613266233e-01 -6.324441034613266233e-01
1.200000000000000000e+01 -3.012981108134327179e-01 -3.012981108134327179e-01 -3.012981108134327179e-01 -3.012981108134327179e-01
1.300000000000000000e+01 7.899840000855811173e-01 7.899840000855811173e-01 7.899840000855811173e-01 7.899840000855811173e-01
1.400000000000000000e+01 1.866299498158289494e-01 1.866299498158289494e-01 1.866299498158289494e-01 1.866299498158289494e-01
1.500000000000000000e+01 7.569614219578919556e-01 7.569614219578919556e-01 7.569614219578919556e-01 7.569614219578919556e-01
1.600000000000000000e+01 -5.094922720232542002e-01 -5.094922720232542002e-01 -5.094922720232542002e-01 -5.094922720232542002e-01
1.700000000000000000e+01 8.615297814882090510e-02 8.615297814882090510e-02 8.615297814882090510e-02 8.615297814882090510e-02
1.800000000000000000e+01 -8.070148029399428768e-01 -8.070148029399428768e-01 -8.070148029399428768e-01 -8.070148029399428768e-01
1.900000000000000000e+01 -1.645023232405218971e+00 -1.645023232405218971e+00 -1.645023232405218971e+00 -1.645023232405218971e+00
2.000000000000000000e+01 1.213513177475100957e-01 1.213513177475100957e-01 1.213513177475100957e-01 1.213513177475100957e-01
2.100000000000000000e+01 -1.534994217071601774e+00 -1.534994217071601774e+00 -1.534994217071601774e+00 -1.534994217071601774e+00
2.200000000000000000e+01 -1.038154917025451596e+00 -1.038154917025451596e+00 -1.038154917025451596e+00 -1.038154917025451596e+00
2.300000000000000000e+01 -2.827362583118821604e+00 -2.827362583118821604e+00 -2.827362583118821604e+00 -2.827362583118821604e+00
2.400000000000000000e+01 -3.261144231253272630e-02 -3.261144231253272630e-02 -3.261144231253272630e-02 -3.261144231253272630e-02
2.500000000000000000e+01 -5.125231160497414895e-02 -5.125231160497414895e-02 -5.125231160497414895e-02 -5.125231160497414895e-02
2.600000000000000000e+01 1.501570891437594563e-02 1.501570891437594563e-02 1.501570891437594563e-02 1.501570891437594563e-02
2.700000000000000000e+01 -2.917390654111771675e-01 -2.917390654111771675e-01 -2.917390654111771675e-01 -2.917390654111771675e-01
2.800000000000000000e+01 -6.760518110167730299e-01 -6.760518110167730299e-01 -6.760518110167730299e-01 -6.760518110167730299e-01
2.900000000000000000e+01 2.415847209291803743e+00 2.415847209291803743e+00 2.415847209291803743e+00 2.415847209291803743e+00
3.000000000000000000e+01 -1.950695399156396226e+00 -1.950695399156396226e+00 -1.950695399156396226e+00 -1.950695399156396226e+00
3.100000000000000000e+01 1.800494785442428025e+00 1.800494785442428025e+00 1.800494785442428025e+00 1.800494785442428025e+00
3.200000000000000000e+01 -2.168886818167771457e-01 -2.168886818167771457e-01 -2.168886818167771457e-01 -2.168886818167771457e-01
3.300000000000000000e+01 5.485610094064483633e-01 5.485610094064483633e-01 5.485610094064483633e-01 5.485610094064483633e-01
3.400000000000000000e+01 8.310915954159090457e-01 8.310915954159090457e-01 8.310915954159090457e-01 8.310915954159090457e-01
3.500000000000000000e+01 1.673263481003100184e+00 1.673263481003100184e+00 1.673263481003100184e+00 1.673263481003100184e+00
3.600000000000000000e+01 7.973224284776231352e-01 7.973224284776231352e-01 7.973224284776231352e-01 7.973224284776231352e-01
3.700000000000000000e+01 3.944652760541219050e-01 3.944652760541219050e-01 3.944652760541219050e-01 3.944652760541219050e-01
3.800000000000000000e+01 1.618790196679010585e+00 1.618790196679010585e+00 1.618790196679010585e+00 1.618790196679010585e+00
3.900000000000000000e+01 -4.622364351451481168e-01 -4.622364351451481168e-01 -4.622364351451481168e-01 -4.622364351451481168e-01
4.000000000000000000e+01 -7.781873241829827259e-02 -7.781873241829827259e-02 -7.781873241829827259e-02 -7.781873241829827259e-02
4.100000000000000000e+01 1.181412596172578988e+00 1.181412596172578988e+00 1.181412596172578988e+00 1.181412596172578988e+00
4.200000000000000000e+01 2.929859610133610204e+01 2.929859610133610204e+01 2.929859610133610204e+01 2.929859610133610204e+01
4.300000000000000000e+01 2.336430112524137126e+00 2.336430112524137126e+00 2.336430112524137126e+00 2.336430112524137126e+00
4.400000000000000000e+01 7.863452662611285504e-01 7.863452662611285504e-01 7.863452662611285504e-01 7.863452662611285504e-01
4.500000000000000000e+01 3.570673323639112606e+00 3.570673323639112606e+00 3.570673323639112606e+00 3.570673323639112606e+00
4.600000000000000000e+01 -7.469442361331587454e-01 -7.469442361331587454e-01 -7.469442361331587454e-01 -7.469442361331587454e-01
4.700000000000000000e+01 -7.964863638704954285e-01 -7.964863638704954285e-01 -7.964863638704954285e-01 -7.964863638704954285e-01
4.800000000000000000e+01 -2.923662623583492159e+00 -2.923662623583492159e+00 -2.923662623583492159e+00 -2.923662623583492159e+00
4.900000000000000000e+01 -2.157381047471790048e+00 -2.157381047471790048e+00 -2.157381047471790048e+00 -2.157381047471790048e+00
5.000000000000000000e+01 1.724443109137567542e-01 1.724443109137567542e-01 1.724443109137567542e-01 1.724443109137567542e-01
5.100000000000000000e+01 1.688149558353760682e+00 1.688149558353760682e+00 1.688149558353760682e+00 1.688149558353760682e+00
5.200000000000000000e+01 -5.549261144278996305e-01 -5.549261144278996305e-01 -5.549261144278996305e-01 -5.549261144278996305e-01
5.300000000000000000e+01 -3.524911750414083111e-01 -3.524911750414083111e-01 -3.524911750414083111e-01 -3.524911750414083111e-01
5.400000000000000000e+01 2.502199528400687711e+00 2.502199528400687711e+00 2.502199528400687711e+00 2.502199528400687711e+00
5.500000000000000000e+01 -1.583440319025441134e+00 -1.583440319025441134e+00 -1.583440319025441134e+00 -1.583440319025441134e+00
5.600000000000000000e+01 2.351885075359773647e-01 2.351885075359773647e-01 2.351885075359773647e-01 2.351885075359773647e-01
5.700000000000000000e+01 -8.257705211803632039e-01 -8.257705211803632039e-01 -8.257705211803632039e-01 -8.257705211803632039e-01
5.800000000000000000e+01 -1.968366838669471652e-01 -1.968366838669471652e-01 -1.968366838669471652e-01 -1.968366838669471652e-01
5.900000000000000000e+01 1.102920745664726782e-01 1.102920745664726782e-01 1.102920745664726782e-01 1.102920745664726782e-01
6.000000000000000000e+01 -5.145642543898905075e-01 -5.145642543898905075e-01 -5.145642543898905075e-01 -5.145642543898905075e-01
6.100000000000000000e+01 1.059496649799901213e+00 1.059496649799901213e+00 1.059496649799901213e+00 1.059496649799901213e+00
6.200000000000000000e+01 1.080634905007270552e+00 1.080634905007270552e+00 1.080634905007270552e+00 1.080634905007270552e+00
6.300000000000000000e+01 -5.372041564831868676e-01 -5.372041564831868676e-01 -5.372041564831868676e-01 -5.372041564831868676e-01
6.400000000000000000e+01 1.524993928057469805e-01 1.524993928057469805e-01 1.524993928057469805e-01 1.524993928057469805e-01
6.500000000000000000e+01 2.076386522898223230e+00 2.076386522898223230e+00 2.076386522898223230e+00 2.076386522898223230e+00
6.600000000000000000e+01 9.474564799960605299e-02 9.474564799960605299e-02 9.474564799960605299e-02 9.474564799960605299e-02
6.700000000000000000e+01 6.831900940258346377e-01 6.831900940258346377e-01 6.831900940258346377e-01 6.831900940258346377e-01
6.800000000000000000e+01 -1.188435426114386795e+00 -1.188435426114386795e+00 -1.188435426114386795e+00 -1.188435426114386795e+00
6.900000000000000000e+01 -7.231122666483154049e-01 -7.231122666483154049e-01 -7.231122666483154049e-01 -7.231122666483154049e-01
7.000000000000000000e+01 1.236829805649561909e+00 1.236829805649561909e+00 1.236829805649561909e+00 1.236829805649561909e+00
7.100000000000000000e+01 5.951300445564703390e-01 5.951300445564703390e-01 5.951300445564703390e-01 5.951300445564703390e-01
7.200000000000000000e+01 1.315645657223751153e+00 1.315645657223751153e+00 1.315645657223751153e+00 1.315645657223751153e+00
7.300000000000000000e+01 7.708620406960640103e-01 7.708620406960640103e-01 7.708620406960640103e-01 7.708620406960640103e-01
7.400000000000000000e+01 -9.499220502963183488e-02 -9.499220502963183488e-02 -9.499220502963183488e-02 -9.499220502963183488e-02
7.500000000000000000e+01 1.853767405786109101e+00 1.853767405786109101e+00 1.853767405786109101e+00 1.853767405786109101e+00
7.600000000000000000e+01 1.203117091702542218e+00 1.203117091702542218e+00 1.203117091702542218e+00 1.203117091702542218e+00
7.700000000000000000e+01 -4.063359662938397787e-01 -4.063359662938397787e-01 -4.063359662938397787e-01 -4.063359662938397787e-01
7.800000000000000000e+01 5.322738244301877808e-02 5.322738244301877808e-02 5.322738244301877808e-02 5.322738244301877808e-02
7.900000000000000000e+01 -5.815594732325216620e-01 -5.815594732325216620e-01 -5.815594732325216620e-01 -5.815594732325216620e-01
8.000000000000000000e+01 6.747031343961482630e-01 6.747031343961482630e-01 6.747031343961482630e-01 6.747031343961482630e-01
8.100000000000000000e+01 6.753890332124909968e-01 6.753890332124909968e-01 6.753890332124909968e-01 6.753890332124909968e-01
8.200000000000000000e+01 1.220401494757250710e-01 1.220401494757250710e-01 1.220401494757250710e-01 1.220401494757250710e-01
8.300000000000000000e+01 1.920701941503633325e-01 1.920701941503633325e-01 1.920701941503633325e-01 1.920701941503633325e-01
8.400000000000000000e+01 1.610252357999018447e+00 1.610252357999018447e+00 1.610252357999018447e+00 1.610252357999018447e+00
8.500000000000000000e+01 4.517007294408677542e-01 4.517007294408677542e-01 4.517007294408677542e-01 4.517007294408677542e-01
8.600000000000000000e+01 1.024218003206647659e-01 1.024218003206647659e-01 1.024218003206647659e-01 1.024218003206647659e-01
8.700000000000000000e+01 3.860656380831253287e-01 3.860656380831253287e-01 3.860656380831253287e-01 3.860656380831253287e-01
8.800000000000000000e+01 -7.310526729088778763e-01 -7.310526729088778763e-01 -7.310526729088778763e-01 -7.310526729088778763e-01
8.900000000000000000e+01 3.805170571794886936e-01 3.805170571794886936e-01 3.805170571794886936e-01 3.805170571794886936e-01
9.000000000000000000e+01 8.163103472154339402e-01 8.163103472154339402e-01 8.163103472154339402e-01 8.163103472154339402e-01
9.100000000000000000e+01 -2.231472369964958846e-01 -2.231472369964958846e-01 -2.231472369964958846e-01 -2.231472369964958846e-01
9.200000000000000000e+01 1.880594923459701473e+00 1.880594923459701473e+00 1.880594923459701473e+00 1.880594923459701473e+00
9.300000000000000000e+01 -1.789806112518164127e-01 -1.789806112518164127e-01 -1.789806112518164127e-01 -1.789806112518164127e-01
9.400000000000000000e+01 -6.359902611439245401e-01 -6.359902611439245401e-01 -6.359902611439245401e-01 -6.359902611439245401e-01
9.500000000000000000e+01 1.346723436536465091e+00 1.346723436536465091e+00 1.346723436536465091e+00 1.346723436536465091e+00
9.600000000000000000e+01 1.298312368855785826e+00 1.298312368855785826e+00 1.298312368855785826e+00 1.298312368855785826e+00
9.700000000000000000e+01 7.534342686933870326e-01 7.534342686933870326e-01 7.534342686933870326e-01 7.534342686933870326e-01
9.800000000000000000e+01 2.826212305889295728e-01 2.826212305889295728e-01 2.826212305889295728e-01 2.826212305889295728e-01
9.900000000000000000e+01 1.248799503426280211e+00 1.248799503426280211e+00 1.248799503426280211e+00 1.248799503426280211e+00
