0.000000000000000000e+00 3.854685038572206235e+00 3.854685038572206235e+00 3.854685038572206235e+00 3.854685038572206235e+00
1.000000000000000000e+00 4.551774768029750007e+00 4.551774768029750007e+00 4.551774768029750007e+00 4.551774768029750007e+00
2.000000000000000000e+00 5.193155581089503592e+00 5.193155581089503592e+00 5.193155581089503592e+00 5.193155581089503592e+00
3.000000000000000000e+00 5.329961511758031456e+00 5.329961511758031456e+00 5.329961511758031456e+00 5.329961511758031456e+00
4.000000000000000000e+00 4.855467192590696257e+00 4.855467192590696257e+00 4.855467192590696257e+00 4.855467192590696257e+00
5.000000000000000000e+00 6.052193980839449594e+00 6.052193980839449594e+00 6.052193980839449594e+00 6.052193980839449594e+00
6.000000000000000000e+00 5.229848984260796030e+00 5.229848984260796030e+00 5.229848984260796030e+00 5.229848984260796030e+00
7.000000000000000000e+00 5.865060548273199004e+00 5.865060548273199004e+00 5.865060548273199004e+00 5.865060548273199004e+00
8.000000000000000000e+00 6.519969803705872202e+00 6.519969803705872202e+00 6.519969803705872202e+00 6.519969803705872202e+00
9.000000000000000000e+00 6.835476218518702574e+00 6.835476218518702574e+00 6.835476218518702574e+00 6.835476218518702574e+00
1.000000000000000000e+01 6.616734912898954768e+00 6.616734912898954768e+00 6.616734912898954768e+00 6.616734912898954768e+00
1.100000000000000000e+01 6.585846926659949752e+00 6.585846926659949752e+00 6.585846926659949752e+00 6.585846926659949752e+00
1.200000000000000000e+01 7.290574293517274818e+00 7.290574293517274818e+00 7.290574293517274818e+00 7.290574293517274818e+00
1.300000000000000000e+01 7.626374147653314672e+00 7.626374147653314672e+00 7.626374147653314672e+00 7.626374147653314672e+00
1.400000000000000000e+01 7.729295173855938117e+00 7.729295173855938117e+00 7.729295173855938117e+00 7.729295173855938117e+00
1.500000000000000000e+01 7.673786666389882605e+00 7.673786666389882605e+00 7.673786666389882605e+00 7.673786666389882605e+00
1.600000000000000000e+01 8.391242894522028095e+00 8.391242894522028095e+00 8.391242894522028095e+00 8.391242894522028095e+00
1.700000000000000000e+01 8.722305577223313122e+00 8.722305577223313122e+00 8.722305577223313122e+00 8.722305577223313122e+00
1.800000000000000000e+01 8.999797027325103116e+00 8.999797027325103116e+00 8.999797027325103116e+00 8.999797027325103116e+00
1.900000000000000000e+01 1.027528316375699013e+01 1.027528316375699013e+01 1.027528316375699013e+01 1.027528316375699013e+01
2.000000000000000000e+01 1.008716114361055460e+01 1.008716114361055460e+01 1.008716114361055460e+01 1.008716114361055460e+01
2.100000000000000000e+01 1.029753076493684461e+01 1.029753076493684461e+01 1.029753076493684461e+01 1.029753076493684461e+01
2.200000000000000000e+01 1.012130299268462963e+01 1.012130299268462963e+01 1.012130299268462963e+01 1.012130299268462963e+01
2.300000000000000000e+01 1.034688921379475524e+01 1.034688921379475524e+01 1.034688921379475524e+01 1.034688921379475524e+01
2.400000000000000000e+01 1.045799692689488758e+01 1.045799692689488758e+01 1.045799692689488758e+01 1.045799692689488758e+01
2.500000000000000000e+01 1.032038316552197976e+01 1.032038316552197976e+01 1.032038316552197976e+01 1.032038316552197976e+01
2.600000000000000000e+01 1.071641202288368255e+01 1.071641202288368255e+01 1.071641202288368255e+01 1.071641202288368255e+01
2.700000000000000000e+01 1.148518171745276994e+01 1.148518171745276994e+01 1.148518171745276994e+01 1.148518171745276994e+01
2.800000000000000000e+01 1.166128294628778050e+01 1.166128294628778050e+01 1.166128294628778050e+01 1.166128294628778050e+01
2.900000000000000000e+01 1.158000645337136625e+01 1.158000645337136625e+01 1.158000645337136625e+01 1.158000645337136625e+01
3.000000000000000000e+01 1.193090675903894216e+01 1.193090675903894216e+01 1.193090675903894216e+01 1.193090675903894216e+01
3.100000000000000000e+01 1.247950832692406387e+01 1.247950832692406387e+01 1.247950832692406387e+01 1.247950832692406387e+01
3.200000000000000000e+01 1.287397971833221888e+01 1.287397971833221888e+01 1.287397971833221888e+01 1.287397971833221888e+01
3.300000000000000000e+01 1.260387491068542332e+01 1.260387491068542332e+01 1.260387491068542332e+01 1.260387491068542332e+01
3.400000000000000000e+01 1.260850317206622861e+01 1.260850317206622861e+01 1.260850317206622861e+01 1.260850317206622861e+01
3.500000000000000000e+01 1.281783116030570113e+01 1.281783116030570113e+01 1.281783116030570113e+01 1.281783116030570113e+01
3.600000000000000000e+01 1.365704357666975355e+01 1.365704357666975355e+01 1.365704357666975355e+01 1.365704357666975355e+01
3.700000000000000000e+01 1.422061176657508241e+01 1.422061176657508241e+01 1.422061176657508241e+01 1.422061176657508241e+01
3.800000000000000000e+01 1.470215252801003736e+01 1.470215252801003736e+01 1.470215252801003736e+01 1.470215252801003736e+01
3.900000000000000000e+01 1.515327456701251130e+01 1.515327456701251130e+01 1.515327456701251130e+01 1.515327456701251130e+01
4.000000000000000000e+01 1.450905862772109600e+01 1.450905862772109600e+01 1.450905862772109600e+01 1.450905862772109600e+01
4.100000000000000000e+01 1.439896631911812008e+01 1.439896631911812008e+01 1.439896631911812008e+01 1.439896631911812008e+01
4.200000000000000000e+01 1.544850360340062778e+01 1.544850360340062778e+01 1.544850360340062778e+01 1.544850360340062778e+01
4.300000000000000000e+01 1.417738341922324530e+01 1.417738341922324530e+01 1.417738341922324530e+01 1.417738341922324530e+01
4.400000000000000000e+01 1.449332442495504836e+01 1.449332442495504836e+01 1.449332442495504836e+01 1.449332442495504836e+01
4.500000000000000000e+01 1.534634823908135814e+01 1.534634823908135814e+01 1.534634823908135814e+01 1.534634823908135814e+01
4.600000000000000000e+01 1.512898763592654738e+01 1.512898763592654738e+01 1.512898763592654738e+01 1.512898763592654738e+01
4.700000000000000000e+01 1.512115501202641177e+01 1.512115501202641177e+01 1.512115501202641177e+01 1.512115501202641177e+01
4.800000000000000000e+01 1.535692539058674733e+01 1.535692539058674733e+01 1.535692539058674733e+01 1.535692539058674733e+01
4.900000000000000000e+01 1.507815146133697048e+01 1.507815146133697048e+01 1.507815146133697048e+01 1.507815146133697048e+01
5.000000000000000000e+01 1.527824953201074898e+01 1.527824953201074898e+01 1.527824953201074898e+01 1.527824953201074898e+01
5.100000000000000000e+01 1.583754971791177191e+01 1.583754971791177191e+01 1.583754971791177191e+01 1.583754971791177191e+01
5.200000000000000000e+01 1.561936125460986702e+01 1.561936125460986702e+01 1.561936125460986702e+01 1.561936125460986702e+01
5.300000000000000000e+01 1.540781938198319523e+01 1.540781938198319523e+01 1.540781938198319523e+01 1.540781938198319523e+01
5.400000000000000000e+01 1.624450993636547480e+01 1.624450993636547480e+01 1.624450993636547480e+01 1.624450993636547480e+01
5.500000000000000000e+01 1.574063332875143750e+01 1.574063332875143750e+01 1.574063332875143750e+01 1.574063332875143750e+01
5.600000000000000000e+01 1.450073618539249765e+01 1.450073618539249765e+01 1.450073618539249765e+01 1.450073618539249765e+01
5.700000000000000000e+01 1.547490982942613513e+01 1.547490982942613513e+01 1.547490982942613513e+01 1.547490982942613513e+01
5.800000000000000000e+01 1.596138025695686657e+01 1.596138025695686657e+01 1.596138025695686657e+01 1.596138025695686657e+01
5.900000000000000000e+01 1.550525522499413356e+01 1.550525522499413356e+01 1.550525522499413356e+01 1.550525522499413356e+01
6.000000000000000000e+01 1.498351331078291970e+01 1.498351331078291970e+01 1.498351331078291970e+01 1.498351331078291970e+01
6.100000000000000000e+01 1.550753792842033008e+01 1.550753792842033008e+01 1.550753792842033008e+01 1.550753792842033008e+01
6.200000000000000000e+01 1.564663729382542989e+01 1.564663729382542989e+01 1.564663729382542989e+01 1.564663729382542989e+01
6.300000000000000000e+01 1.574115575740312600e+01 1.574115575740312600e+01 1.574115575740312600e+01 1.574115575740312600e+01
6.400000000000000000e+01 1.487683764567604783e+01 1.487683764567604783e+01 1.487683764567604783e+01 1.487683764567604783e+01
6.500000000000000000e+01 1.537157881691768857e+01 1.537157881691768857e+01 1.537157881691768857e+01 1.537157881691768857e+01
6.600000000000000000e+01 1.540010475966757220e+01 1.540010475966757220e+01 1.540010475966757220e+01 1.540010475966757220e+01
6.700000000000000000e+01 1.616785920395250997e+01 1.616785920395250997e+01 1.616785920395250997e+01 1.616785920395250997e+01
6.800000000000000000e+01 1.589197056053805923e+01 1.589197056053805923e+01 1.589197056053805923e+01 1.589197056053805923e+01
6.900000000000000000e+01 1.546578734908961650e+01 1.546578734908961650e+01 1.546578734908961650e+01 1.546578734908961650e+01
7.000000000000000000e+01 1.629804614709707877e+01 1.629804614709707877e+01 1.629804614709707877e+01 1.629804614709707877e+01
7.100000000000000000e+01 1.706977453525675159e+01 1.706977453525675159e+01 1.706977453525675159e+01 1.706977453525675159e+01
7.200000000000000000e+01 1.638063027003910577e+01 1.638063027003910577e+01 1.638063027003910577e+01 1.638063027003910577e+01
7.300000000000000000e+01 1.573083858357513698e+01 1.573083858357513698e+01 1.573083858357513698e+01 1.573083858357513698e+01
7.400000000000000000e+01 1.618235238089680550e+01 1.618235238089680550e+01 1.618235238089680550e+01 1.618235238089680550e+01
7.500000000000000000e+01 1.562328338447757936e+01 1.562328338447757936e+01 1.562328338447757936e+01 1.562328338447757936e+01
7.600000000000000000e+01 1.549164850681125216e+01 1.549164850681125216e+01 1.549164850681125216e+01 1.549164850681125216e+01
7.700000000000000000e+01 1.476695631530150443e+01 1.476695631530150443e+01 1.476695631530150443e+01 1.476695631530150443e+01
7.800000000000000000e+01 1.442085793133506222e+01 1.442085793133506222e+01 1.442085793133506222e+01 1.442085793133506222e+01
7.900000000000000000e+01 1.445182039031026378e+01 1.445182039031026378e+01 1.445182039031026378e+01 1.445182039031026378e+01
8.000000000000000000e+01 1.408961595261883204e+01 1.408961595261883204e+01 1.408961595261883204e+01 1.408961595261883204e+01
8.100000000000000000e+01 1.464824823955453859e+01 1.464824823955453859e+01 1.464824823955453859e+01 1.464824823955453859e+01
8.200000000000000000e+01 1.447674291151433401e+01 1.447674291151433401e+01 1.447674291151433401e+01 1.447674291151433401e+01
8.300000000000000000e+01 1.408814258764271266e+01 1.408814258764271266e+01 1.408814258764271266e+01 1.408814258764271266e+01
8.400000000000000000e+01 1.375783030243188243e+01 1.375783030243188243e+01 1.375783030243188243e+01 1.375783030243188243e+01
8.500000000000000000e+01 1.448478122257341383e+01 1.448478122257341383e+01 1.448478122257341383e+01 1.448478122257341383e+01
8.600000000000000000e+01 1.381284473677751912e+01 1.381284473677751912e+01 1.381284473677751912e+01 1.381284473677751912e+01
8.700000000000000000e+01 1.296541426747226744e+01 1.296541426747226744e+01 1.296541426747226744e+01 1.296541426747226744e+01
8.800000000000000000e+01 1.335849895426530232e+01 1.335849895426530232e+01 1.335849895426530232e+01 1.335849895426530232e+01
8.900000000000000000e+01 1.403545158824439909e+01 1.403545158824439909e+01 1.403545158824439909e+01 1.403545158824439909e+01
9.000000000000000000e+01 1.424341096383175653e+01 1.424341096383175653e+01 1.424341096383175653e+01 1.424341096383175653e+01
9.100000000000000000e+01 1.442927200146238853e+01 1.442927200146238853e+01 1.442927200146238853e+01 1.442927200146238853e+01
9.200000000000000000e+01 1.362887462017940265e+01 1.362887462017940265e+01 1.362887462017940265e+01 1.362887462017940265e+01
9.300000000000000000e+01 1.342492085274106550e+01 1.342492085274106550e+01 1.342492085274106550e+01 1.342492085274106550e+01
9.400000000000000000e+01 1.352420223977232361e+01 1.352420223977232361e+01 1.352420223977232361e+01 1.352420223977232361e+01
9.500000000000000000e+01 1.200395798366537825e+01 1.200395798366537825e+01 1.200395798366537825e+01 1.200395798366537825e+01
9.600000000000000000e+01 1.146516321995846432e+01 1.146516321995846432e+01 1.146516321995846432e+01 1.146516321995846432e+01
9.700000000000000000e+01 1.146002023799709768e+01 1.146002023799709768e+01 1.146002023799709768e+01 1.146002023799709768e+01
9.800000000000000000e+01 1.119545397632914430e+01 1.119545397632914430e+01 1.119545397632914430e+01 1.119545397632914430e+01
9.900000000000000000e+01 1.054100411892336098e+01 1.054100411892336098e+01 1.054100411892336098e+01 1.054100411892336098e+01
