0.000000000000000000e+00 -1.372040760836711781e+00 -1.372040760836711781e+00 -1.372040760836711781e+00 -1.372040760836711781e+00
1.000000000000000000e+00 -9.966414772931498911e-01 -9.966414772931498911e-01 -9.966414772931498911e-01 -9.966414772931498911e-01
2.000000000000000000e+00 -9.197145616894861764e-01 -9.197145616894861764e-01 -9.197145616894861764e-01 -9.197145616894861764e-01
3.000000000000000000e+00 -7.954386507940889306e-01 -7.954386507940889306e-01 -7.954386507940889306e-01 -7.954386507940889306e-01
4.000000000000000000e+00 -6.812258116901936944e-01 -6.812258116901936944e-01 -6.812258116901936944e-01 -6.812258116901936944e-01
5.000000000000000000e+00 -5.319235857445396842e-01 -5.319235857445396842e-01 -5.319235857445396842e-01 -5.319235857445396842e-01
6.000000000000000000e+00 -2.995358397748295043e-01 -2.995358397748295043e-01 -2.995358397748295043e-01 -2.995358397748295043e-01
7.000000000000000000e+00 -4.011249954544447438e-01 -4.011249954544447438e-01 -4.011249954544447438e-01 -4.011249954544447438e-01
8.000000000000000000e+00 -3.332467375621721573e-01 -3.332467375621721573e-01 -3.332467375621721573e-01 -3.332467375621721573e-01
9.000000000000000000e+00 -2.816722253329480008e-01 -2.816722253329480008e-01 -2.816722253329480008e-01 -2.816722253329480008e-01
1.000000000000000000e+01 -1.766139485424926825e-01 -1.766139485424926825e-01 -1.766139485424926825e-01 -1.766139485424926825e-01
1.100000000000000000e+01 -2.682157358798459845e-01 -2.682157358798459845e-01 -2.682157358798459845e-01 -2.682157358798459845e-01
1.200000000000000000e+01 -1.107071740660049985e-01 -1.107071740660049985e-01 -1.107071740660049985e-01 -1.107071740660049985e-01
1.300000000000000000e+01 -1.218988963565413308e-01 -1.218988963565413308e-01 -1.218988963565413308e-01 -1.218988963565413308e-01
1.400000000000000000e+01 -5.330887504086599671e-02 -5.330887504086599671e-02 -5.330887504086599671e-02 -5.330887504086599671e-02
1.500000000000000000e+01 8.068565225655443748e-03 8.068565225655443748e-03 8.068565225655443748e-03 8.068565225655443748e-03
1.600000000000000000e+01 -8.618917055837919949e-02 -8.618917055837919949e-02 -8.618917055837919949e-02 -8.618917055837919949e-02
1.700000000000000000e+01 2.669192097957727716e-01 2.669192097957727716e-01 2.669192097957727716e-01 2.669192097957727716e-01
1.800000000000000000e+01 1.155704750386125079e-01 1.155704750386125079e-01 1.155704750386125079e-01 1.155704750386125079e-01
1.900000000000000000e+01 -3.476381168227598694e-03 -3.476381168227598694e-03 -3.476381168227598694e-03 -3.476381168227598694e-03
2.000000000000000000e+01 2.767938646286376980e-01 2.767938646286376980e-01 2.767938646286376980e-01 2.767938646286376980e-01
2.100000000000000000e+01 2.241162895245776554e-01 2.241162895245776554e-01 2.241162895245776554e-01 2.241162895245776554e-01
2.200000000000000000e+01 2.689578564614071299e-01 2.689578564614071299e-01 2.689578564614071299e-01 2.689578564614071299e-01
2.300000000000000000e+01 3.312850699912676111e-01 3.312850699912676111e-01 3.312850699912676111e-01 3.312850699912676111e-01
2.400000000000000000e+01 2.791542534083066851e-01 2.791542534083066851e-01 2.791542534083066851e-01 2.791542534083066851e-01
2.500000000000000000e+01 5.778800607690820490e-01 5.778800607690820490e-01 5.778800607690820490e-01 5.778800607690820490e-01
2.600000000000000000e+01 3.453123106618207205e-01 3.453123106618207205e-01 3.453123106618207205e-01 3.453123106618207205e-01
2.700000000000000000e+01 2.932404084198100280e-01 2.932404084198100280e-01 2.932404084198100280e-01 2.932404084198100280e-01
2.800000000000000000e+01 2.032159278609598496e-01 2.032159278609598496e-01 2.032159278609598496e-01 2.032159278609598496e-01
2.900000000000000000e+01 3.534906724694044655e-01 3.534906724694044655e-01 3.534906724694044655e-01 3.534906724694044655e-01
3.000000000000000000e+01 3.107616665052726490e-01 3.107616665052726490e-01 3.107616665052726490e-01 3.107616665052726490e-01
3.100000000000000000e+01 4.560254133196000037e-01 4.560254133196000037e-01 4.560254133196000037e-01 4.560254133196000037e-01
3.200000000000000000e+01 5.591008501352343618e-01 5.591008501352343618e-01 5.591008501352343618e-01 5.591008501352343618e-01
3.300000000000000000e+01 4.535487744932954479e-01 4.535487744932954479e-01 4.535487744932954479e-01 4.535487744932954479e-01
3.400000000000000000e+01 7.553070429781814088e-01 7.553070429781814088e-01 7.553070429781814088e-01 7.553070429781814088e-01
3.500000000000000000e+01 6.839093384330950931e-01 6.839093384330950931e-01 6.839093384330950931e-01 6.839093384330950931e-01
3.600000000000000000e+01 6.266733070174336229e-01 6.266733070174336229e-01 6.266733070174336229e-01 6.266733070174336229e-01
3.700000000000000000e+01 8.718993586826362385e-01 8.718993586826362385e-01 8.718993586826362385e-01 8.718993586826362385e-01
3.800000000000000000e+01 6.010064928859336630e-01 6.010064928859336630e-01 6.010064928859336630e-01 6.010064928859336630e-01
3.900000000000000000e+01 9.374352312442095769e-01 9.374352312442095769e-01 9.374352312442095769e-01 9.374352312442095769e-01
4.000000000000000000e+01 7.647926434422203101e-01 7.647926434422203101e-01 7.647926434422203101e-01 7.647926434422203101e-01
4.100000000000000000e+01 8.298440009573778697e-01 8.298440009573778697e-01 8.298440009573778697e-01 8.298440009573778697e-01
4.200000000000000000e+01 8.994640623203452590e-01 8.994640623203452590e-01 8.994640623203452590e-01 8.994640623203452590e-01
4.300000000000000000e+01 8.688009467890434046e-01 8.688009467890434046e-01 8.688009467890434046e-01 8.688009467890434046e-01
4.400000000000000000e+01 9.559735579501511538e-01 9.559735579501511538e-01 9.559735579501511538e-01 9.559735579501511538e-01
4.500000000000000000e+01 9.821164471084141701e-01 9.821164471084141701e-01 9.821164471084141701e-01 9.821164471084141701e-01
4.600000000000000000e+01 8.544679689717348259e-01 8.544679689717348259e-01 8.544679689717348259e-01 8.544679689717348259e-01
4.700000000000000000e+01 6.536751629978998501e-01 6.536751629978998501e-01 6.536751629978998501e-01 6.536751629978998501e-01
4.800000000000000000e+01 7.054588009232116708e-01 7.054588009232116708e-01 7.054588009232116708e-01 7.054588009232116708e-01
4.900000000000000000e+01 7.611646399714971922e-01 7.611646399714971922e-01 7.611646399714971922e-01 7.611646399714971922e-01
5.000000000000000000e+01 8.225004820780664749e-01 8.225004820780664749e-01 8.225004820780664749e-01 8.225004820780664749e-01
5.100000000000000000e+01 9.582068085041998140e-01 9.582068085041998140e-01 9.582068085041998140e-01 9.582068085041998140e-01
5.200000000000000000e+01 1.006501754001700277e+00 1.006501754001700277e+00 1.006501754001700277e+00 1.006501754001700277e+00
5.300000000000000000e+01 1.114795126064518582e+00 1.114795126064518582e+00 1.114795126064518582e+00 1.114795126064518582e+00
5.400000000000000000e+01 1.051231660183597150e+00 1.051231660183597150e+00 1.051231660183597150e+00 1.051231660183597150e+00
5.500000000000000000e+01 1.169546920347282803e+00 1.169546920347282803e+00 1.169546920347282803e+00 1.169546920347282803e+00
5.600000000000000000e+01 1.157557531199196355e+00 1.157557531199196355e+00 1.157557531199196355e+00 1.157557531199196355e+00
5.700000000000000000e+01 9.997559422454961320e-01 9.997559422454961320e-01 9.997559422454961320e-01 9.997559422454961320e-01
5.800000000000000000e+01 1.131194662160501574e+00 1.131194662160501574e+00 1.131194662160501574e+00 1.131194662160501574e+00
5.900000000000000000e+01 1.011157759079459373e+00 1.011157759079459373e+00 1.011157759079459373e+00 1.011157759079459373e+00
6.000000000000000000e+01 7.377011996489488688e-01 7.377011996489488688e-01 7.377011996489488688e-01 7.377011996489488688e-01
6.100000000000000000e+01 1.226370687506223245e+00 1.226370687506223245e+00 1.226370687506223245e+00 1.226370687506223245e+00
6.200000000000000000e+01 1.073991680957637973e+00 1.073991680957637973e+00 1.073991680957637973e+00 1.073991680957637973e+00
6.300000000000000000e+01 8.336986999832041167e-01 8.336986999832041167e-01 8.336986999832041167e-01 8.336986999832041167e-01
6.400000000000000000e+01 1.152055351906161595e+00 1.152055351906161595e+00 1.152055351906161595e+00 1.152055351906161595e+00
6.500000000000000000e+01 1.082948027758812160e+00 1.082948027758812160e+00 1.082948027758812160e+00 1.082948027758812160e+00
6.600000000000000000e+01 9.405323534145930697e-01 9.405323534145930697e-01 9.405323534145930697e-01 9.405323534145930697e-01
6.700000000000000000e+01 9.912642619802330968e-01 9.912642619802330968e-01 9.912642619802330968e-01 9.912642619802330968e-01
6.800000000000000000e+01 1.043480540633477061e+00 1.043480540633477061e+00 1.043480540633477061e+00 1.043480540633477061e+00
6.900000000000000000e+01 1.105610256008013437e+00 1.105610256008013437e+00 1.105610256008013437e+00 1.105610256008013437e+00
7.000000000000000000e+01 1.247445309321003171e+00 1.247445309321003171e+00 1.247445309321003171e+00 1.247445309321003171e+00
7.100000000000000000e+01 1.326019342443480742e+00 1.326019342443480742e+00 1.326019342443480742e+00 1.326019342443480742e+00
7.200000000000000000e+01 1.419306707698066772e+00 1.419306707698066772e+00 1.419306707698066772e+00 1.419306707698066772e+00
7.300000000000000000e+01 1.347735255310954061e+00 1.347735255310954061e+00 1.347735255310954061e+00 1.347735255310954061e+00
7.400000000000000000e+01 1.382491651901750496e+00 1.382491651901750496e+00 1.382491651901750496e+00 1.382491651901750496e+00
7.500000000000000000e+01 1.250893280763307081e+00 1.250893280763307081e+00 1.250893280763307081e+00 1.250893280763307081e+00
7.600000000000000000e+01 1.313199511943806908e+00 1.313199511943806908e+00 1.313199511943806908e+00 1.313199511943806908e+00
7.700000000000000000e+01 1.153840319349544785e+00 1.153840319349544785e+00 1.153840319349544785e+00 1.153840319349544785e+00
7.800000000000000000e+01 1.093344235613695759e+00 1.093344235613695759e+00 1.093344235613695759e+00 1.093344235613695759e+00
7.900000000000000000e+01 9.873623001553384348e-01 9.873623001553384348e-01 9.873623001553384348e-01 9.873623001553384348e-01
8.000000000000000000e+01 1.036932493874652916e+00 1.036932493874652916e+00 1.036932493874652916e+00 1.036932493874652916e+00
8.100000000000000000e+01 1.004756460063655599e+00 1.004756460063655599e+00 1.004756460063655599e+00 1.004756460063655599e+00
8.200000000000000000e+01 1.199790053331764916e+00 1.199790053331764916e+00 1.199790053331764916e+00 1.199790053331764916e+00
8.300000000000000000e+01 1.129487390571331629e+00 1.129487390571331629e+00 1.129487390571331629e+00 1.129487390571331629e+00
8.400000000000000000e+01 1.236841062704711502e+00 1.236841062704711502e+00 1.236841062704711502e+00 1.236841062704711502e+00
8.500000000000000000e+01 9.830137985092388675e-01 9.830137985092388675e-01 9.830137985092388675e-01 9.830137985092388675e-01
8.600000000000000000e+01 1.347894604278490061e+00 1.347894604278490061e+00 1.347894604278490061e+00 1.347894604278490061e+00
8.700000000000000000e+01 1.025610476298499218e+00 1.025610476298499218e+00 1.025610476298499218e+00 1.025610476298499218e+00
8.800000000000000000e+01 1.280087706618051158e+00 1.280087706618051158e+00 1.280087706618051158e+00 1.280087706618051158e+00
8.900000000000000000e+01 1.265309052941750334e+00 1.265309052941750334e+00 1.265309052941750334e+00 1.265309052941750334e+00
9.000000000000000000e+01 1.442436094871532237e+00 1.442436094871532237e+00 1.442436094871532237e+00 1.442436094871532237e+00
9.100000000000000000e+01 1.449384884663769135e+00 1.449384884663769135e+00 1.449384884663769135e+00 1.449384884663769135e+00
9.200000000000000000e+01 1.588078895044320538e+00 1.588078895044320538e+00 1.588078895044320538e+00 1.588078895044320538e+00
9.300000000000000000e+01 1.416274450775721894e+00 1.416274450775721894e+00 1.416274450775721894e+00 1.416274450775721894e+00
9.400000000000000000e+01 1.459866898741048136e+00 1.459866898741048136e+00 1.459866898741048136e+00 1.459866898741048136e+00
9.500000000000000000e+01 1.379261072095240737e+00 1.379261072095240737e+00 1.379261072095240737e+00 1.379261072095240737e+00
9.600000000000000000e+01 1.248212935255723188e+00 1.248212935255723188e+00 1.248212935255723188e+00 1.248212935255723188e+00
9.700000000000000000e+01 1.159775541197322291e+00 1.159775541197322291e+00 1.159775541197322291e+00 1.159775541197322291e+00
9.800000000000000000e+01 1.100696871787783193e+00 1.100696871787783193e+00 1.100696871787783193e+00 1.100696871787783193e+00
9.900000000000000000e+01 1.011043259825327612e+00 1.011043259825327612e+00 1.011043259825327612e+00 1.011043259825327612e+00
