0.000000000000000000e+00 -4.922007111775788424e+00 -4.922007111775788424e+00 -4.922007111775788424e+00 -4.922007111775788424e+00
1.000000000000000000e+00 -2.628005064515965827e+00 -2.628005064515965827e+00 -2.628005064515965827e+00 -2.628005064515965827e+00
2.000000000000000000e+00 -1.455298952035420923e+00 -1.455298952035420923e+00 -1.455298952035420923e+00 -1.455298952035420923e+00
3.000000000000000000e+00 2.504287625870172951e-01 2.504287625870172951e-01 2.504287625870172951e-01 2.504287625870172951e-01
4.000000000000000000e+00 -3.942557677357170220e+00 -3.942557677357170220e+00 -3.942557677357170220e+00 -3.942557677357170220e+00
5.000000000000000000e+00 -2.296305440819311094e+00 -2.296305440819311094e+00 -2.296305440819311094e+00 -2.296305440819311094e+00
6.000000000000000000e+00 -6.108176905566620185e-01 -6.108176905566620185e-01 -6.108176905566620185e-01 -6.108176905566620185e-01
7.000000000000000000e+00 1.243624868923418392e+00 1.243624868923418392e+00 1.243624868923418392e+00 1.243624868923418392e+00
8.000000000000000000e+00 -1.397701125603655337e+00 -1.397701125603655337e+00 -1.397701125603655337e+00 -1.397701125603655337e+00
9.000000000000000000e+00 7.458972234294192205e-01 7.458972234294192205e-01 7.458972234294192205e-01 7.458972234294192205e-01
1.000000000000000000e+01 1.010515300131906935e+00 1.010515300131906935e+00 1.010515300131906935e+00 1.010515300131906935e+00
1.100000000000000000e+01 1.990634429421210827e+00 1.990634429421210827e+00 1.990634429421210827e+00 1.990634429421210827e+00
1.200000000000000000e+01 3.269084209167112398e+00 3.269084209167112398e+00 3.269084209167112398e+00 3.269084209167112398e+00
1.300000000000000000e+01 -1.529949845966408262e+00 -1.529949845966408262e+00 -1.529949845966408262e+00 -1.529949845966408262e+00
1.400000000000000000e+01 2.131896335557494082e-01 2.131896335557494082e-01 2.131896335557494082e-01 2.131896335557494082e-01
1.500000000000000000e+01 -3.741900023259024377e-01 -3.741900023259024377e-01 -3.741900023259024377e-01 -3.741900023259024377e-01
1.600000000000000000e+01 4.665633524612464278e+00 4.665633524612464278e+00 4.665633524612464278e+00 4.665633524612464278e+00
1.700000000000000000e+01 3.143191834865444179e+00 3.143191834865444179e+00 3.143191834865444179e+00 3.143191834865444179e+00
1.800000000000000000e+01 -1.354859258144742507e+00 -1.354859258144742507e+00 -1.354859258144742507e+00 -1.354859258144742507e+00
1.900000000000000000e+01 -8.287309167607463944e-01 -8.287309167607463944e-01 -8.287309167607463944e-01 -8.287309167607463944e-01
2.000000000000000000e+01 -6.707731778189703897e-01 -6.707731778189703897e-01 -6.707731778189703897e-01 -6.707731778189703897e-01
2.100000000000000000e+01 -1.371678650411500167e+00 -1.371678650411500167e+00 -1.371678650411500167e+00 -1.371678650411500167e+00
2.200000000000000000e+01 1.297154157451997802e+00 1.297154157451997802e+00 1.297154157451997802e+00 1.297154157451997802e+00
2.300000000000000000e+01 1.115781246703357210e+00 1.115781246703357210e+00 1.115781246703357210e+00 1.115781246703357210e+00
2.400000000000000000e+01 1.982738740549772727e+00 1.982738740549772727e+00 1.982738740549772727e+00 1.982738740549772727e+00
2.500000000000000000e+01 1.007044846620813505e+00 1.007044846620813505e+00 1.007044846620813505e+00 1.007044846620813505e+00
2.600000000000000000e+01 2.299000338843323998e+00 2.299000338843323998e+00 2.299000338843323998e+00 2.299000338843323998e+00
2.700000000000000000e+01 4.059288718648517147e+00 4.059288718648517147e+00 4.059288718648517147e+00 4.059288718648517147e+00
2.800000000000000000e+01 3.611354068454176725e-01 3.611354068454176725e-01 3.611354068454176725e-01 3.611354068454176725e-01
2.900000000000000000e+01 2.597679342328926388e+00 2.597679342328926388e+00 2.597679342328926388e+00 2.597679342328926388e+00
3.000000000000000000e+01 8.201857991346369614e-01 8.201857991346369614e-01 8.201857991346369614e-01 8.201857991346369614e-01
3.100000000000000000e+01 4.649995548891530661e-01 4.649995548891530661e-01 4.649995548891530661e-01 4.649995548891530661e-01
3.200000000000000000e+01 4.831144657181217994e+00 4.831144657181217994e+00 4.831144657181217994e+00 4.831144657181217994e+00
3.300000000000000000e+01 1.215391318595557157e+00 1.215391318595557157e+00 1.215391318595557157e+00 1.215391318595557157e+00
3.400000000000000000e+01 1.135339510604453039e+00 1.135339510604453039e+00 1.135339510604453039e+00 1.135339510604453039e+00
3.500000000000000000e+01 1.771091332855521783e+00 1.771091332855521783e+00 1.771091332855521783e+00 1.771091332855521783e+00
3.600000000000000000e+01 1.935808761697212610e+00 1.935808761697212610e+00 1.935808761697212610e+00 1.935808761697212610e+00
3.700000000000000000e+01 2.116569324636313532e+00 2.116569324636313532e+00 2.116569324636313532e+00 2.116569324636313532e+00
3.800000000000000000e+01 -2.135882940856623780e+00 -2.135882940856623780e+00 -2.135882940856623780e+00 -2.135882940856623780e+00
3.900000000000000000e+01 -1.005800077855712349e+00 -1.005800077855712349e+00 -1.005800077855712349e+00 -1.005800077855712349e+00
4.000000000000000000e+01 1.863560635971359236e+00 1.863560635971359236e+00 1.863560635971359236e+00 1.863560635971359236e+00
4.100000000000000000e+01 7.445935290562397668e-01 7.445935290562397668e-01 7.445935290562397668e-01 7.445935290562397668e-01
4.200000000000000000e+01 3.413275954399230372e+00 3.413275954399230372e+00 3.413275954399230372e+00 3.413275954399230372e+00
4.300000000000000000e+01 1.242344342130022206e+00 1.242344342130022206e+00 1.242344342130022206e+00 1.242344342130022206e+00
4.400000000000000000e+01 7.192865239558806634e-01 7.192865239558806634e-01 7.192865239558806634e-01 7.192865239558806634e-01
4.500000000000000000e+01 2.307308453505021451e+00 2.307308453505021451e+00 2.307308453505021451e+00 2.307308453505021451e+00
4.600000000000000000e+01 2.186154691757719259e+00 2.186154691757719259e+00 2.186154691757719259e+00 2.186154691757719259e+00
4.700000000000000000e+01 3.057144411848950138e+00 3.057144411848950138e+00 3.057144411848950138e+00 3.057144411848950138e+00
4.800000000000000000e+01 2.476461527024929499e+00 2.476461527024929499e+00 2.476461527024929499e+00 2.476461527024929499e+00
4.900000000000000000e+01 1.835377288396961681e+00 1.835377288396961681e+00 1.835377288396961681e+00 1.835377288396961681e+00
5.000000000000000000e+01 2.677075135543096174e+00 2.677075135543096174e+00 2.677075135543096174e+00 2.677075135543096174e+00
5.100000000000000000e+01 2.438993377269056850e+00 2.438993377269056850e+00 2.438993377269056850e+00 2.438993377269056850e+00
5.200000000000000000e+01 2.482495286857470340e+00 2.482495286857470340e+00 2.482495286857470340e+00 2.482495286857470340e+00
5.300000000000000000e+01 3.355911289561094080e+00 3.355911289561094080e+00 3.355911289561094080e+00 3.355911289561094080e+00
5.400000000000000000e+01 3.182304704970760345e-01 3.182304704970760345e-01 3.182304704970760345e-01 3.182304704970760345e-01
5.500000000000000000e+01 2.320250242890483428e+00 2.320250242890483428e+00 2.320250242890483428e+00 2.320250242890483428e+00
5.600000000000000000e+01 2.753736579275686047e+00 2.753736579275686047e+00 2.753736579275686047e+00 2.753736579275686047e+00
5.700000000000000000e+01 3.392974939676557611e+00 3.392974939676557611e+00 3.392974939676557611e+00 3.392974939676557611e+00
5.800000000000000000e+01 1.491720403393239636e+00 1.491720403393239636e+00 1.491720403393239636e+00 1.491720403393239636e+00
5.900000000000000000e+01 2.035515122983390768e+00 2.035515122983390768e+00 2.035515122983390768e+00 2.035515122983390768e+00
6.000000000000000000e+01 2.425738187359459008e+00 2.425738187359459008e+00 2.425738187359459008e+00 2.425738187359459008e+00
6.100000000000000000e+01 2.212512128191969296e+00 2.212512128191969296e+00 2.212512128191969296e+00 2.212512128191969296e+00
6.200000000000000000e+01 3.033685841271632544e+00 3.033685841271632544e+00 3.033685841271632544e+00 3.033685841271632544e+00
6.300000000000000000e+01 2.483515789719517919e+00 2.483515789719517919e+00 2.483515789719517919e+00 2.483515789719517919e+00
6.400000000000000000e+01 2.445099359798157401e+00 2.445099359798157401e+00 2.445099359798157401e+00 2.445099359798157401e+00
6.500000000000000000e+01 2.555189424800648812e+00 2.555189424800648812e+00 2.555189424800648812e+00 2.555189424800648812e+00
6.600000000000000000e+01 3.040768453608488908e+00 3.040768453608488908e+00 3.040768453608488908e+00 3.040768453608488908e+00
6.700000000000000000e+01 3.020327933897791972e+00 3.020327933897791972e+00 3.020327933897791972e+00 3.020327933897791972e+00
6.800000000000000000e+01 3.182554982252656206e+00 3.182554982252656206e+00 3.182554982252656206e+00 3.182554982252656206e+00
6.900000000000000000e+01 2.928888690162059660e+00 2.928888690162059660e+00 2.928888690162059660e+00 2.928888690162059660e+00
7.000000000000000000e+01 3.338495015829966661e+00 3.338495015829966661e+00 3.338495015829966661e+00 3.338495015829966661e+00
7.100000000000000000e+01 5.032250470701573164e+00 5.032250470701573164e+00 5.032250470701573164e+00 5.032250470701573164e+00
7.200000000000000000e+01 6.509274930328399211e-01 6.509274930328399211e-01 6.509274930328399211e-01 6.509274930328399211e-01
7.300000000000000000e+01 3.929702660040065076e+00 3.929702660040065076e+00 3.929702660040065076e+00 3.929702660040065076e+00
7.400000000000000000e+01 1.918083887080173078e+00 1.918083887080173078e+00 1.918083887080173078e+00 1.918083887080173078e+00
7.500000000000000000e+01 1.884310872634782363e+00 1.884310872634782363e+00 1.884310872634782363e+00 1.884310872634782363e+00
7.600000000000000000e+01 -1.051725350606594472e-01 -1.051725350606594472e-01 -1.051725350606594472e-01 -1.051725350606594472e-01
7.700000000000000000e+01 2.330435654571681781e+00 2.330435654571681781e+00 2.330435654571681781e+00 2.330435654571681781e+00
7.800000000000000000e+01 2.323908041491956844e+00 2.323908041491956844e+00 2.323908041491956844e+00 2.323908041491956844e+00
7.900000000000000000e+01 1.747314539024791946e+00 1.747314539024791946e+00 1.747314539024791946e+00 1.747314539024791946e+00
8.000000000000000000e+01 1.825314081225420049e+00 1.825314081225420049e+00 1.825314081225420049e+00 1.825314081225420049e+00
8.100000000000000000e+01 1.357227395266474845e+00 1.357227395266474845e+00 1.357227395266474845e+00 1.357227395266474845e+00
8.200000000000000000e+01 2.758354634815697093e+00 2.758354634815697093e+00 2.758354634815697093e+00 2.758354634815697093e+00
8.300000000000000000e+01 2.953677948895220062e+00 2.953677948895220062e+00 2.953677948895220062e+00 2.953677948895220062e+00
8.400000000000000000e+01 4.586667023643187235e+00 4.586667023643187235e+00 4.586667023643187235e+00 4.586667023643187235e+00
8.500000000000000000e+01 2.883027800283626263e+00 2.883027800283626263e+00 2.883027800283626263e+00 2.883027800283626263e+00
8.600000000000000000e+01 1.935249135189647474e+00 1.935249135189647474e+00 1.935249135189647474e+00 1.935249135189647474e+00
8.700000000000000000e+01 2.345905341038613923e+00 2.345905341038613923e+00 2.345905341038613923e+00 2.345905341038613923e+00
8.800000000000000000e+01 -1.607996262325087411e+00 -1.607996262325087411e+00 -1.607996262325087411e+00 -1.607996262325087411e+00
8.900000000000000000e+01 1.164642031261969191e+00 1.164642031261969191e+00 1.164642031261969191e+00 1.164642031261969191e+00
9.000000000000000000e+01 1.963921233608227013e+00 1.963921233608227013e+00 1.963921233608227013e+00 1.963921233608227013e+00
9.100000000000000000e+01 2.397036262235887616e+00 2.397036262235887616e+00 2.397036262235887616e+00 2.397036262235887616e+00
9.200000000000000000e+01 2.088808678059107748e+00 2.088808678059107748e+00 2.088808678059107748e+00 2.088808678059107748e+00
9.300000000000000000e+01 2.015081658924923413e+00 2.015081658924923413e+00 2.015081658924923413e+00 2.015081658924923413e+00
9.400000000000000000e+01 1.915230829052084971e+00 1.915230829052084971e+00 1.915230829052084971e+00 1.915230829052084971e+00
9.500000000000000000e+01 1.679155622363224243e+00 1.679155622363224243e+00 1.679155622363224243e+00 1.679155622363224243e+00
9.600000000000000000e+01 1.836944830691616959e+00 1.836944830691616959e+00 1.836944830691616959e+00 1.836944830691616959e+00
9.700000000000000000e+01 2.058867305391562930e+00 2.058867305391562930e+00 2.058867305391562930e+00 2.058867305391562930e+00
9.800000000000000000e+01 2.123494246035602995e+00 2.123494246035602995e+00 2.123494246035602995e+00 2.123494246035602995e+00
