0.000000000000000000e+00 2.934233487266646279e+01 2.934233487266646279e+01 2.934233487266646279e+01 2.934233487266646279e+01
1.000000000000000000e+00 2.649458990374667167e+01 2.649458990374667167e+01 2.649458990374667167e+01 2.649458990374667167e+01
2.000000000000000000e+00 2.090086338454743675e+00 2.090086338454743675e+00 2.090086338454743675e+00 2.090086338454743675e+00
3.000000000000000000e+00 -1.479242800802411040e+01 -1.479242800802411040e+01 -1.479242800802411040e+01 -1.479242800802411040e+01
4.000000000000000000e+00 -1.517453857790605198e+01 -1.517453857790605198e+01 -1.517453857790605198e+01 -1.517453857790605198e+01
5.000000000000000000e+00 6.678382740347797331e+00 6.678382740347797331e+00 6.678382740347797331e+00 6.678382740347797331e+00
6.000000000000000000e+00 4.092424225891924294e+01 4.092424225891924294e+01 4.092424225891924294e+01 4.092424225891924294e+01
7.000000000000000000e+00 1.539257417041834408e+01 1.539257417041834408e+01 1.539257417041834408e+01 1.539257417041834408e+01
8.000000000000000000e+00 1.292012465171949920e+01 1.292012465171949920e+01 1.292012465171949920e+01 1.292012465171949920e+01
9.000000000000000000e+00 -6.230410705386712777e+01 -6.230410705386712777e+01 -6.230410705386712777e+01 -6.230410705386712777e+01
1.000000000000000000e+01 -2.776262215269559874e+01 -2.776262215269559874e+01 -2.776262215269559874e+01 -2.776262215269559874e+01
1.100000000000000000e+01 -7.099232055597064573e+03 -7.099232055597064573e+03 -7.099232055597064573e+03 -7.099232055597064573e+03
1.200000000000000000e+01 -7.044434632755270286e+03 -7.044434632755270286e+03 -7.044434632755270286e+03 -7.044434632755270286e+03
1.300000000000000000e+01 -7.291421050282309807e+03 -7.291421050282309807e+03 -7.291421050282309807e+03 -7.291421050282309807e+03
1.400000000000000000e+01 4.604270559824409048e+01 4.604270559824409048e+01 4.604270559824409048e+01 4.604270559824409048e+01
1.500000000000000000e+01 1.651225041715653319e+01 1.651225041715653319e+01 1.651225041715653319e+01 1.651225041715653319e+01
1.600000000000000000e+01 -3.963094607741549424e+00 -3.963094607741549424e+00 -3.963094607741549424e+00 -3.963094607741549424e+00
1.700000000000000000e+01 4.842863474832953763e+00 4.842863474832953763e+00 4.842863474832953763e+00 4.842863474832953763e+00
1.800000000000000000e+01 -6.774493061430929629e+03 -6.774493061430929629e+03 -6.774493061430929629e+03 -6.774493061430929629e+03
1.900000000000000000e+01 1.503467838456698225e+01 1.503467838456698225e+01 1.503467838456698225e+01 1.503467838456698225e+01
2.000000000000000000e+01 1.395220697837561696e-01 1.395220697837561696e-01 1.395220697837561696e-01 1.395220697837561696e-01
2.100000000000000000e+01 9.822078684034755369e+00 9.822078684034755369e+00 9.822078684034755369e+00 9.822078684034755369e+00
2.200000000000000000e+01 1.536991385337796245e+01 1.536991385337796245e+01 1.536991385337796245e+01 1.536991385337796245e+01
2.300000000000000000e+01 3.182441803834094785e+01 3.182441803834094785e+01 3.182441803834094785e+01 3.182441803834094785e+01
2.400000000000000000e+01 4.264422220818192244e+01 4.264422220818192244e+01 4.264422220818192244e+01 4.264422220818192244e+01
2.500000000000000000e+01 -2.052609749290211383e+01 -2.052609749290211383e+01 -2.052609749290211383e+01 -2.052609749290211383e+01
2.600000000000000000e+01 2.177445662069166943e+01 2.177445662069166943e+01 2.177445662069166943e+01 2.177445662069166943e+01
2.700000000000000000e+01 -7.904372614948466946e+01 -7.904372614948466946e+01 -7.904372614948466946e+01 -7.904372614948466946e+01
2.800000000000000000e+01 -4.764208200868501990e+03 -4.764208200868501990e+03 -4.764208200868501990e+03 -4.764208200868501990e+03
2.900000000000000000e+01 2.664219032644023244e+01 2.664219032644023244e+01 2.664219032644023244e+01 2.664219032644023244e+01
3.000000000000000000e+01 5.268158251353419530e+01 5.268158251353419530e+01 5.268158251353419530e+01 5.268158251353419530e+01
3.100000000000000000e+01 -3.998444051369357322e+00 -3.998444051369357322e+00 -3.998444051369357322e+00 -3.998444051369357322e+00
3.200000000000000000e+01 -1.665721567392675340e+01 -1.665721567392675340e+01 -1.665721567392675340e+01 -1.665721567392675340e+01
3.300000000000000000e+01 1.034996940404334076e+01 1.034996940404334076e+01 1.034996940404334076e+01 1.034996940404334076e+01
3.400000000000000000e+01 -2.432975884899127905e+01 -2.432975884899127905e+01 -2.432975884899127905e+01 -2.432975884899127905e+01
3.500000000000000000e+01 -3.032863205926128103e+03 -3.032863205926128103e+03 -3.032863205926128103e+03 -3.032863205926128103e+03
3.600000000000000000e+01 3.898879645822908202e+01 3.898879645822908202e+01 3.898879645822908202e+01 3.898879645822908202e+01
3.700000000000000000e+01 9.995693481471635167e+00 9.995693481471635167e+00 9.995693481471635167e+00 9.995693481471635167e+00
3.800000000000000000e+01 3.032803009940870709e+01 3.032803009940870709e+01 3.032803009940870709e+01 3.032803009940870709e+01
3.900000000000000000e+01 9.664194198205924735e+00 9.664194198205924735e+00 9.664194198205924735e+00 9.664194198205924735e+00
4.000000000000000000e+01 2.203059266564414145e+02 2.203059266564414145e+02 2.203059266564414145e+02 2.203059266564414145e+02
4.100000000000000000e+01 1.985985439927994634e+01 1.985985439927994634e+01 1.985985439927994634e+01 1.985985439927994634e+01
4.200000000000000000e+01 4.480880534066726995e+01 4.480880534066726995e+01 4.480880534066726995e+01 4.480880534066726995e+01
4.300000000000000000e+01 3.741906965059917667e+01 3.741906965059917667e+01 3.741906965059917667e+01 3.741906965059917667e+01
4.400000000000000000e+01 6.980946451881669645e+01 6.980946451881669645e+01 6.980946451881669645e+01 6.980946451881669645e+01
4.500000000000000000e+01 1.659023279633055381e+01 1.659023279633055381e+01 1.659023279633055381e+01 1.659023279633055381e+01
4.600000000000000000e+01 -2.931480972031400256e+01 -2.931480972031400256e+01 -2.931480972031400256e+01 -2.931480972031400256e+01
4.700000000000000000e+01 6.450802938177094603e+00 6.450802938177094603e+00 6.450802938177094603e+00 6.450802938177094603e+00
4.800000000000000000e+01 -5.579261362256742629e+00 -5.579261362256742629e+00 -5.579261362256742629e+00 -5.579261362256742629e+00
4.900000000000000000e+01 -6.750770545833986169e+00 -6.750770545833986169e+00 -6.750770545833986169e+00 -6.750770545833986169e+00
5.000000000000000000e+01 -1.257946348223001287e+01 -1.257946348223001287e+01 -1.257946348223001287e+01 -1.257946348223001287e+01
5.100000000000000000e+01 -3.182842854950964639e+00 -3.182842854950964639e+00 -3.182842854950964639e+00 -3.182842854950964639e+00
5.200000000000000000e+01 2.090712681642516557e+01 2.090712681642516557e+01 2.090712681642516557e+01 2.090712681642516557e+01
5.300000000000000000e+01 3.015692713801445279e+01 3.015692713801445279e+01 3.015692713801445279e+01 3.015692713801445279e+01
5.400000000000000000e+01 6.068107375506858148e+01 6.068107375506858148e+01 6.068107375506858148e+01 6.068107375506858148e+01
5.500000000000000000e+01 -5.938432000810388800e+00 -5.938432000810388800e+00 -5.938432000810388800e+00 -5.938432000810388800e+00
5.600000000000000000e+01 1.320563143819145502e+01 1.320563143819145502e+01 1.320563143819145502e+01 1.320563143819145502e+01
5.700000000000000000e+01 3.991673504030423913e+01 3.991673504030423913e+01 3.991673504030423913e+01 3.991673504030423913e+01
5.800000000000000000e+01 1.905983500342253478e+01 1.905983500342253478e+01 1.905983500342253478e+01 1.905983500342253478e+01
5.900000000000000000e+01 2.274567882789855133e+01 2.274567882789855133e+01 2.274567882789855133e+01 2.274567882789855133e+01
6.000000000000000000e+01 3.754544142403830875e+01 3.754544142403830875e+01 3.754544142403830875e+01 3.754544142403830875e+01
6.100000000000000000e+01 -4.053702609326933270e+00 -4.053702609326933270e+00 -4.053702609326933270e+00 -4.053702609326933270e+00
6.200000000000000000e+01 1.411229461964777876e+01 1.411229461964777876e+01 1.411229461964777876e+01 1.411229461964777876e+01
6.300000000000000000e+01 7.183342391171418484e+00 7.183342391171418484e+00 7.183342391171418484e+00 7.183342391171418484e+00
6.400000000000000000e+01 2.823158249059645897e+01 2.823158249059645897e+01 2.823158249059645897e+01 2.823158249059645897e+01
6.500000000000000000e+01 -9.057474170412509906e+00 -9.057474170412509906e+00 -9.057474170412509906e+00 -9.057474170412509906e+00
6.600000000000000000e+01 1.699858355738827242e+01 1.699858355738827242e+01 1.699858355738827242e+01 1.699858355738827242e+01
6.700000000000000000e+01 1.967224672269501085e+01 1.967224672269501085e+01 1.967224672269501085e+01 1.967224672269501085e+01
6.800000000000000000e+01 1.288626944482843228e+01 1.288626944482843228e+01 1.288626944482843228e+01 1.288626944482843228e+01
6.900000000000000000e+01 6.057885371495018711e-01 6.057885371495018711e-01 6.057885371495018711e-01 6.057885371495018711e-01
7.000000000000000000e+01 3.982599411286665259e+01 3.982599411286665259e+01 3.982599411286665259e+01 3.982599411286665259e+01
7.100000000000000000e+01 3.497056331894365400e+01 3.497056331894365400e+01 3.497056331894365400e+01 3.497056331894365400e+01
7.200000000000000000e+01 3.552076622357314584e+00 3.552076622357314584e+00 3.552076622357314584e+00 3.552076622357314584e+00
7.300000000000000000e+01 1.033135185399718603e+00 1.033135185399718603e+00 1.033135185399718603e+00 1.033135185399718603e+00
7.400000000000000000e+01 3.276862414952003633e+01 3.276862414952003633e+01 3.276862414952003633e+01 3.276862414952003633e+01
7.500000000000000000e+01 1.621203350409250277e+01 1.621203350409250277e+01 1.621203350409250277e+01 1.621203350409250277e+01
7.600000000000000000e+01 3.550502603608628505e+01 3.550502603608628505e+01 3.550502603608628505e+01 3.550502603608628505e+01
7.700000000000000000e+01 1.713529764281317114e+01 1.713529764281317114e+01 1.713529764281317114e+01 1.713529764281317114e+01
7.800000000000000000e+01 -1.650000419769014215e+01 -1.650000419769014215e+01 -1.650000419769014215e+01 -1.650000419769014215e+01
7.900000000000000000e+01 2.062361346163232767e+01 2.062361346163232767e+01 2.062361346163232767e+01 2.062361346163232767e+01
8.000000000000000000e+01 -2.225571355240690963e+01 -2.225571355240690963e+01 -2.225571355240690963e+01 -2.225571355240690963e+01
8.100000000000000000e+01 1.045330437912353716e+01 1.045330437912353716e+01 1.045330437912353716e+01 1.045330437912353716e+01
8.200000000000000000e+01 2.855383074762670503e+01 2.855383074762670503e+01 2.855383074762670503e+01 2.855383074762670503e+01
8.300000000000000000e+01 -2.052296331887698955e+01 -2.052296331887698955e+01 -2.052296331887698955e+01 -2.052296331887698955e+01
8.400000000000000000e+01 8.164498819958678766e+00 8.164498819958678766e+00 8.164498819958678766e+00 8.164498819958678766e+00
8.500000000000000000e+01 5.492682854180648633e+01 5.492682854180648633e+01 5.492682854180648633e+01 5.492682854180648633e+01
8.600000000000000000e+01 3.556183854690940782e-01 3.556183854690940782e-01 3.556183854690940782e-01 3.556183854690940782e-01
8.700000000000000000e+01 1.304986919098877074e+01 1.304986919098877074e+01 1.304986919098877074e+01 1.304986919098877074e+01
8.800000000000000000e+01 1.709729342748035563e+01 1.709729342748035563e+01 1.709729342748035563e+01 1.709729342748035563e+01
8.900000000000000000e+01 3.271480038163702631e+01 3.271480038163702631e+01 3.271480038163702631e+01 3.271480038163702631e+01
9.000000000000000000e+01 3.815973709869074781e+01 3.815973709869074781e+01 3.815973709869074781e+01 3.815973709869074781e+01
9.100000000000000000e+01 9.001578969657529683e+00 9.001578969657529683e+00 9.001578969657529683e+00 9.001578969657529683e+00
9.200000000000000000e+01 -7.276671999419783788e+03 -7.276671999419783788e+03 -7.276671999419783788e+03 -7.276671999419783788e+03
9.300000000000000000e+01 -7.951709101511074351e+00 -7.951709101511074351e+00 -7.951709101511074351e+00 -7.951709101511074351e+00
9.400000000000000000e+01 8.156592855481061832e+00 8.156592855481061832e+00 8.156592855481061832e+00 8.156592855481061832e+00
9.500000000000000000e+01 -1.202230483636915359e+01 -1.202230483636915359e+01 -1.202230483636915359e+01 -1.202230483636915359e+01
9.600000000000000000e+01 4.861991263922123352e+01 4.861991263922123352e+01 4.861991263922123352e+01 4.861991263922123352e+01
9.700000000000000000e+01 2.914810756492174804e+01 2.914810756492174804e+01 2.914810756492174804e+01 2.914810756492174804e+01
9.800000000000000000e+01 -1.869335257014340002e+00 -1.869335257014340002e+00 -1.869335257014340002e+00 -1.869335257014340002e+00
