Delays Time-delay1 Time-delay2 Time-delay3 Time-delay4
0.000000000000000000e+00 -2.239543919883684175e+00 -2.239543919883684175e+00 -2.239543919883684175e+00 -2.239543919883684175e+00
1.000000000000000000e+00 -2.057494374722681929e+00 -2.057494374722681929e+00 -2.057494374722681929e+00 -2.057494374722681929e+00
2.000000000000000000e+00 -1.961510423400361303e+00 -1.961510423400361303e+00 -1.961510423400361303e+00 -1.961510423400361303e+00
3.000000000000000000e+00 -1.852820243910371145e+00 -1.852820243910371145e+00 -1.852820243910371145e+00 -1.852820243910371145e+00
4.000000000000000000e+00 -1.841009753774659918e+00 -1.841009753774659918e+00 -1.841009753774659918e+00 -1.841009753774659918e+00
5.000000000000000000e+00 -1.732556179974268584e+00 -1.732556179974268584e+00 -1.732556179974268584e+00 -1.732556179974268584e+00
6.000000000000000000e+00 -1.815259730355199386e+00 -1.815259730355199386e+00 -1.815259730355199386e+00 -1.815259730355199386e+00
7.000000000000000000e+00 -1.648954050627497780e+00 -1.648954050627497780e+00 -1.648954050627497780e+00 -1.648954050627497780e+00
8.000000000000000000e+00 -1.607561671572299566e+00 -1.607561671572299566e+00 -1.607561671572299566e+00 -1.607561671572299566e+00
9.000000000000000000e+00 -1.489758007125764561e+00 -1.489758007125764561e+00 -1.489758007125764561e+00 -1.489758007125764561e+00
1.000000000000000000e+01 -1.526273868706032877e+00 -1.526273868706032877e+00 -1.526273868706032877e+00 -1.526273868706032877e+00
1.100000000000000000e+01 -1.487542074326984487e+00 -1.487542074326984487e+00 -1.487542074326984487e+00 -1.487542074326984487e+00
1.200000000000000000e+01 -1.059783550634171068e+00 -1.059783550634171068e+00 -1.059783550634171068e+00 -1.059783550634171068e+00
1.300000000000000000e+01 -1.230493554038852411e+00 -1.230493554038852411e+00 -1.230493554038852411e+00 -1.230493554038852411e+00
1.400000000000000000e+01 -1.230712853362034398e+00 -1.230712853362034398e+00 -1.230712853362034398e+00 -1.230712853362034398e+00
1.500000000000000000e+01 -1.319177913338508867e+00 -1.319177913338508867e+00 -1.319177913338508867e+00 -1.319177913338508867e+00
1.600000000000000000e+01 -1.256370250524517562e+00 -1.256370250524517562e+00 -1.256370250524517562e+00 -1.256370250524517562e+00
1.700000000000000000e+01 -1.161924834325106959e+00 -1.161924834325106959e+00 -1.161924834325106959e+00 -1.161924834325106959e+00
1.800000000000000000e+01 -1.498295620611257206e+00 -1.498295620611257206e+00 -1.498295620611257206e+00 -1.498295620611257206e+00
1.900000000000000000e+01 -1.350486724050996346e+00 -1.350486724050996346e+00 -1.350486724050996346e+00 -1.350486724050996346e+00
2.000000000000000000e+01 -1.032328276957898749e+00 -1.032328276957898749e+00 -1.032328276957898749e+00 -1.032328276957898749e+00
2.100000000000000000e+01 -8.092474008534221719e-01 -8.092474008534221719e-01 -8.092474008534221719e-01 -8.092474008534221719e-01
2.200000000000000000e+01 -1.486374597534933839e+00 -1.486374597534933839e+00 -1.486374597534933839e+00 -1.486374597534933839e+00
2.300000000000000000e+01 -1.114401886454571500e+00 -1.114401886454571500e+00 -1.114401886454571500e+00 -1.114401886454571500e+00
2.400000000000000000e+01 -1.271033374311339559e+00 -1.271033374311339559e+00 -1.271033374311339559e+00 -1.271033374311339559e+00
2.500000000000000000e+01 -8.635800334538648038e-01 -8.635800334538648038e-01 -8.635800334538648038e-01 -8.635800334538648038e-01
2.600000000000000000e+01 -1.015898432043611521e+00 -1.015898432043611521e+00 -1.015898432043611521e+00 -1.015898432043611521e+00
2.700000000000000000e+01 -1.092196660419386900e+00 -1.092196660419386900e+00 -1.092196660419386900e+00 -1.092196660419386900e+00
2.800000000000000000e+01 -9.359484750422201182e-01 -9.359484750422201182e-01 -9.359484750422201182e-01 -9.359484750422201182e-01
2.900000000000000000e+01 -7.724232301827780311e-01 -7.724232301827780311e-01 -7.724232301827780311e-01 -7.724232301827780311e-01
3.000000000000000000e+01 -7.930005568265511284e-01 -7.930005568265511284e-01 -7.930005568265511284e-01 -7.930005568265511284e-01
3.100000000000000000e+01 -7.051765881870302177e-01 -7.051765881870302177e-01 -7.051765881870302177e-01 -7.051765881870302177e-01
3.200000000000000000e+01 -8.896637249445885631e-01 -8.896637249445885631e-01 -8.896637249445885631e-01 -8.896637249445885631e-01
3.300000000000000000e+01 -1.031561569062146688e+00 -1.031561569062146688e+00 -1.031561569062146688e+00 -1.031561569062146688e+00
3.400000000000000000e+01 -5.657883390508916532e-01 -5.657883390508916532e-01 -5.657883390508916532e-01 -5.657883390508916532e-01
3.500000000000000000e+01 -6.416641930119730830e-01 -6.416641930119730830e-01 -6.416641930119730830e-01 -6.416641930119730830e-01
3.600000000000000000e+01 -4.244410127740885774e-01 -4.244410127740885774e-01 -4.244410127740885774e-01 -4.244410127740885774e-01
3.700000000000000000e+01 -8.462794245243545621e-01 -8.462794245243545621e-01 -8.462794245243545621e-01 -8.462794245243545621e-01
3.800000000000000000e+01 -1.813806576828059236e-01 -1.813806576828059236e-01 -1.813806576828059236e-01 -1.813806576828059236e-01
3.900000000000000000e+01 -8.181972835500209706e-01 -8.181972835500209706e-01 -8.181972835500209706e-01 -8.181972835500209706e-01
4.000000000000000000e+01 -7.232805205828747308e-01 -7.232805205828747308e-01 -7.232805205828747308e-01 -7.232805205828747308e-01
4.100000000000000000e+01 -7.004307868020379635e-01 -7.004307868020379635e-01 -7.004307868020379635e-01 -7.004307868020379635e-01
4.200000000000000000e+01 -7.044006308810027983e-01 -7.044006308810027983e-01 -7.044006308810027983e-01 -7.044006308810027983e-01
4.300000000000000000e+01 -6.343208456626323599e-01 -6.343208456626323599e-01 -6.343208456626323599e-01 -6.343208456626323599e-01
4.400000000000000000e+01 -6.501183853927501310e-01 -6.501183853927501310e-01 -6.501183853927501310e-01 -6.501183853927501310e-01
4.500000000000000000e+01 -5.908006875763665011e-01 -5.908006875763665011e-01 -5.908006875763665011e-01 -5.908006875763665011e-01
4.600000000000000000e+01 -7.013022476340042832e-01 -7.013022476340042832e-01 -7.013022476340042832e-01 -7.013022476340042832e-01
4.700000000000000000e+01 -6.285607429117838763e-01 -6.285607429117838763e-01 -6.285607429117838763e-01 -6.285607429117838763e-01
4.800000000000000000e+01 -5.131893884217553214e-01 -5.131893884217553214e-01 -5.131893884217553214e-01 -5.131893884217553214e-01
4.900000000000000000e+01 -3.547699504155850669e-01 -3.547699504155850669e-01 -3.547699504155850669e-01 -3.547699504155850669e-01
5.000000000000000000e+01 -4.912891711772437442e-01 -4.912891711772437442e-01 -4.912891711772437442e-01 -4.912891711772437442e-01
5.100000000000000000e+01 -5.431402778636948980e-01 -5.431402778636948980e-01 -5.431402778636948980e-01 -5.431402778636948980e-01
5.200000000000000000e+01 -5.946848748395754392e-01 -5.946848748395754392e-01 -5.946848748395754392e-01 -5.946848748395754392e-01
5.300000000000000000e+01 -5.789843484720684774e-01 -5.789843484720684774e-01 -5.789843484720684774e-01 -5.789843484720684774e-01
5.400000000000000000e+01 -3.753680877699394625e-01 -3.753680877699394625e-01 -3.753680877699394625e-01 -3.753680877699394625e-01
5.500000000000000000e+01 -2.707313302795914534e-01 -2.707313302795914534e-01 -2.707313302795914534e-01 -2.707313302795914534e-01
5.600000000000000000e+01 -6.033820901561657291e-01 -6.033820901561657291e-01 -6.033820901561657291e-01 -6.033820901561657291e-01
5.700000000000000000e+01 -4.957984206416578554e-01 -4.957984206416578554e-01 -4.957984206416578554e-01 -4.957984206416578554e-01
5.800000000000000000e+01 -2.722873290789257772e-01 -2.722873290789257772e-01 -2.722873290789257772e-01 -2.722873290789257772e-01
5.900000000000000000e+01 -9.578286782394892507e-01 -9.578286782394892507e-01 -9.578286782394892507e-01 -9.578286782394892507e-01
6.000000000000000000e+01 -5.928710409238481249e-01 -5.928710409238481249e-01 -5.928710409238481249e-01 -5.928710409238481249e-01
6.100000000000000000e+01 -4.297616886672523395e-01 -4.297616886672523395e-01 -4.297616886672523395e-01 -4.297616886672523395e-01
6.200000000000000000e+01 -2.572255577274597527e-01 -2.572255577274597527e-01 -2.572255577274597527e-01 -2.572255577274597527e-01
6.300000000000000000e+01 -7.616099311496044022e-01 -7.616099311496044022e-01 -7.616099311496044022e-01 -7.616099311496044022e-01
6.400000000000000000e+01 -4.399934156961972653e-01 -4.399934156961972653e-01 -4.399934156961972653e-01 -4.399934156961972653e-01
6.500000000000000000e+01 -4.283455784128296640e-01 -4.283455784128296640e-01 -4.283455784128296640e-01 -4.283455784128296640e-01
6.600000000000000000e+01 -6.332578448046114472e-01 -6.332578448046114472e-01 -6.332578448046114472e-01 -6.332578448046114472e-01
6.700000000000000000e+01 -8.069182685738975902e-01 -8.069182685738975902e-01 -8.069182685738975902e-01 -8.069182685738975902e-01
6.800000000000000000e+01 -3.208715584415041122e-01 -3.208715584415041122e-01 -3.208715584415041122e-01 -3.208715584415041122e-01
6.900000000000000000e+01 -9.573670626487875701e-01 -9.573670626487875701e-01 -9.573670626487875701e-01 -9.573670626487875701e-01
7.000000000000000000e+01 -9.849859103429411955e-02 -9.849859103429411955e-02 -9.849859103429411955e-02 -9.849859103429411955e-02
7.100000000000000000e+01 -7.761158492778374995e-01 -7.761158492778374995e-01 -7.761158492778374995e-01 -7.761158492778374995e-01
7.200000000000000000e+01 -3.748557285319111254e-01 -3.748557285319111254e-01 -3.748557285319111254e-01 -3.748557285319111254e-01
7.300000000000000000e+01 -4.943895127473347806e-01 -4.943895127473347806e-01 -4.943895127473347806e-01 -4.943895127473347806e-01
7.400000000000000000e+01 -3.028216512663143289e-01 -3.028216512663143289e-01 -3.028216512663143289e-01 -3.028216512663143289e-01
7.500000000000000000e+01 -3.289460222471740081e-01 -3.289460222471740081e-01 -3.289460222471740081e-01 -3.289460222471740081e-01
7.600000000000000000e+01 -3.728895479722284245e-02 -3.728895479722284245e-02 -3.728895479722284245e-02 -3.728895479722284245e-02
7.700000000000000000e+01 -2.305175734048447722e-01 -2.305175734048447722e-01 -2.305175734048447722e-01 -2.305175734048447722e-01
7.800000000000000000e+01 -4.162830353191060428e-01 -4.162830353191060428e-01 -4.162830353191060428e-01 -4.162830353191060428e-01
7.900000000000000000e+01 -1.805099146849948599e-01 -1.805099146849948599e-01 -1.805099146849948599e-01 -1.805099146849948599e-01
8.000000000000000000e+01 -6.431867814480709544e-01 -6.431867814480709544e-01 -6.431867814480709544e-01 -6.431867814480709544e-01
8.100000000000000000e+01 -1.848263703376698819e-01 -1.848263703376698819e-01 -1.848263703376698819e-01 -1.848263703376698819e-01
8.200000000000000000e+01 -3.099651537241948640e-01 -3.099651537241948640e-01 -3.099651537241948640e-01 -3.099651537241948640e-01
8.300000000000000000e+01 -4.870383824531159256e-01 -4.870383824531159256e-01 -4.870383824531159256e-01 -4.870383824531159256e-01
8.400000000000000000e+01 -4.279835054298733454e-01 -4.279835054298733454e-01 -4.279835054298733454e-01 -4.279835054298733454e-01
8.500000000000000000e+01 -4.496581535454787226e-01 -4.496581535454787226e-01 -4.496581535454787226e-01 -4.496581535454787226e-01
8.600000000000000000e+01 -5.131687102453655891e-01 -5.131687102453655891e-01 -5.131687102453655891e-01 -5.131687102453655891e-01
8.700000000000000000e+01 -3.173966402273147858e-01 -3.173966402273147858e-01 -3.173966402273147858e-01 -3.173966402273147858e-01
8.800000000000000000e+01 -6.442605093718075659e-01 -6.442605093718075659e-01 -6.442605093718075659e-01 -6.442605093718075659e-01
8.900000000000000000e+01 -6.092002663835435206e-01 -6.092002663835435206e-01 -6.092002663835435206e-01 -6.092002663835435206e-01
9.000000000000000000e+01 -2.425723625318789156e-01 -2.425723625318789156e-01 -2.425723625318789156e-01 -2.425723625318789156e-01
9.100000000000000000e+01 -4.708323737271134513e-01 -4.708323737271134513e-01 -4.708323737271134513e-01 -4.708323737271134513e-01
9.200000000000000000e+01 -3.999058078598811128e-01 -3.999058078598811128e-01 -3.999058078598811128e-01 -3.999058078598811128e-01
9.300000000000000000e+01 -2.253336745475697789e-01 -2.253336745475697789e-01 -2.253336745475697789e-01 -2.253336745475697789e-01
9.400000000000000000e+01 1.501019649180548431e-03 1.501019649180548431e-03 1.501019649180548431e-03 1.501019649180548431e-03
9.500000000000000000e+01 1.291737240926454922e-02 1.291737240926454922e-02 1.291737240926454922e-02 1.291737240926454922e-02
9.600000000000000000e+01 1.935196859693079016e-02 1.935196859693079016e-02 1.935196859693079016e-02 1.935196859693079016e-02
9.700000000000000000e+01 3.839796999975438330e-01 3.839796999975438330e-01 3.839796999975438330e-01 3.839796999975438330e-01
9.800000000000000000e+01 -6.778011708943222635e-02 -6.778011708943222635e-02 -6.778011708943222635e-02 -6.778011708943222635e-02
9.900000000000000000e+01 5.159775148435290920e-02 5.159775148435290920e-02 5.159775148435290920e-02 5.159775148435290920e-02
1.000000000000000000e+02 -1.436733711329990781e-01 -1.436733711329990781e-01 -1.436733711329990781e-01 -1.436733711329990781e-01
1.010000000000000000e+02 1.749948220099392382e-01 1.749948220099392382e-01 1.749948220099392382e-01 1.749948220099392382e-01
1.020000000000000000e+02 3.271673774309175747e-02 3.271673774309175747e-02 3.271673774309175747e-02 3.271673774309175747e-02
1.030000000000000000e+02 -1.569405515239123694e-01 -1.569405515239123694e-01 -1.569405515239123694e-01 -1.569405515239123694e-01
1.040000000000000000e+02 2.580614803049861503e-02 2.580614803049861503e-02 2.580614803049861503e-02 2.580614803049861503e-02
1.050000000000000000e+02 -2.905286879262435895e-01 -2.905286879262435895e-01 -2.905286879262435895e-01 -2.905286879262435895e-01
1.060000000000000000e+02 -2.303574309777914053e-01 -2.303574309777914053e-01 -2.303574309777914053e-01 -2.303574309777914053e-01
1.070000000000000000e+02 2.037323538244321247e-02 2.037323538244321247e-02 2.037323538244321247e-02 2.037323538244321247e-02
1.080000000000000000e+02 -4.992527632891927136e-01 -4.992527632891927136e-01 -4.992527632891927136e-01 -4.992527632891927136e-01
1.090000000000000000e+02 2.144497529576435413e-01 2.144497529576435413e-01 2.144497529576435413e-01 2.144497529576435413e-01
1.100000000000000000e+02 -3.838604147903809660e-01 -3.838604147903809660e-01 -3.838604147903809660e-01 -3.838604147903809660e-01
1.110000000000000000e+02 -7.754273764927228918e-02 -7.754273764927228918e-02 -7.754273764927228918e-02 -7.754273764927228918e-02
1.120000000000000000e+02 -1.544881275881208882e-01 -1.544881275881208882e-01 -1.544881275881208882e-01 -1.544881275881208882e-01
1.130000000000000000e+02 3.827549384068121893e-03 3.827549384068121893e-03 3.827549384068121893e-03 3.827549384068121893e-03
1.140000000000000000e+02 -1.697812876497909462e-01 -1.697812876497909462e-01 -1.697812876497909462e-01 -1.697812876497909462e-01
1.150000000000000000e+02 2.524713466362146774e-01 2.524713466362146774e-01 2.524713466362146774e-01 2.524713466362146774e-01
1.160000000000000000e+02 1.706673485101732612e-01 1.706673485101732612e-01 1.706673485101732612e-01 1.706673485101732612e-01
1.170000000000000000e+02 -1.338273746859486579e-01 -1.338273746859486579e-01 -1.338273746859486579e-01 -1.338273746859486579e-01
1.180000000000000000e+02 1.266235004852092894e-01 1.266235004852092894e-01 1.266235004852092894e-01 1.266235004852092894e-01
1.190000000000000000e+02 -2.188935717034138362e-01 -2.188935717034138362e-01 -2.188935717034138362e-01 -2.188935717034138362e-01
