0.000000000000000000e+00 -2.053770476734461878e-02 -2.053770476734461878e-02 -2.053770476734461878e-02 -2.053770476734461878e-02
1.000000000000000000e+00 -4.167425674844472266e-02 -4.167425674844472266e-02 -4.167425674844472266e-02 -4.167425674844472266e-02
2.000000000000000000e+00 3.282744735609861159e-02 3.282744735609861159e-02 3.282744735609861159e-02 3.282744735609861159e-02
3.000000000000000000e+00 1.502150187956415861e-01 1.502150187956415861e-01 1.502150187956415861e-01 1.502150187956415861e-01
4.000000000000000000e+00 2.396757077298305172e-01 2.396757077298305172e-01 2.396757077298305172e-01 2.396757077298305172e-01
5.000000000000000000e+00 2.692013360621455798e-01 2.692013360621455798e-01 2.692013360621455798e-01 2.692013360621455798e-01
6.000000000000000000e+00 3.165782441647809198e-01 3.165782441647809198e-01 3.165782441647809198e-01 3.165782441647809198e-01
7.000000000000000000e+00 2.886553456990423872e-01 2.886553456990423872e-01 2.886553456990423872e-01 2.886553456990423872e-01
8.000000000000000000e+00 2.901888900754159839e-01 2.901888900754159839e-01 2.901888900754159839e-01 2.901888900754159839e-01
9.000000000000000000e+00 3.114334574141544576e-01 3.114334574141544576e-01 3.114334574141544576e-01 3.114334574141544576e-01
1.000000000000000000e+01 3.612852218998252596e-01 3.612852218998252596e-01 3.612852218998252596e-01 3.612852218998252596e-01
1.100000000000000000e+01 4.341956534271529389e-01 4.341956534271529389e-01 4.341956534271529389e-01 4.341956534271529389e-01
1.200000000000000000e+01 4.619754515072883039e-01 4.619754515072883039e-01 4.619754515072883039e-01 4.619754515072883039e-01
1.300000000000000000e+01 5.422447556859630868e-01 5.422447556859630868e-01 5.422447556859630868e-01 5.422447556859630868e-01
1.400000000000000000e+01 6.295540732531672568e-01 6.295540732531672568e-01 6.295540732531672568e-01 6.295540732531672568e-01
1.500000000000000000e+01 6.383234054849779016e-01 6.383234054849779016e-01 6.383234054849779016e-01 6.383234054849779016e-01
1.600000000000000000e+01 6.655543057356477776e-01 6.655543057356477776e-01 6.655543057356477776e-01 6.655543057356477776e-01
1.700000000000000000e+01 5.874218186182047496e-01 5.874218186182047496e-01 5.874218186182047496e-01 5.874218186182047496e-01
1.800000000000000000e+01 6.125729440806052528e-01 6.125729440806052528e-01 6.125729440806052528e-01 6.125729440806052528e-01
1.900000000000000000e+01 4.736617935816039848e-01 4.736617935816039848e-01 4.736617935816039848e-01 4.736617935816039848e-01
2.000000000000000000e+01 5.368616694109303866e-01 5.368616694109303866e-01 5.368616694109303866e-01 5.368616694109303866e-01
2.100000000000000000e+01 5.209330706814612189e-01 5.209330706814612189e-01 5.209330706814612189e-01 5.209330706814612189e-01
2.200000000000000000e+01 5.326638764614051169e-01 5.326638764614051169e-01 5.326638764614051169e-01 5.326638764614051169e-01
2.300000000000000000e+01 5.292191789899328702e-01 5.292191789899328702e-01 5.292191789899328702e-01 5.292191789899328702e-01
2.400000000000000000e+01 6.037111083266939460e-01 6.037111083266939460e-01 6.037111083266939460e-01 6.037111083266939460e-01
2.500000000000000000e+01 4.788357940900187515e-01 4.788357940900187515e-01 4.788357940900187515e-01 4.788357940900187515e-01
2.600000000000000000e+01 5.113289173416016853e-01 5.113289173416016853e-01 5.113289173416016853e-01 5.113289173416016853e-01
2.700000000000000000e+01 5.030830592808349655e-01 5.030830592808349655e-01 5.030830592808349655e-01 5.030830592808349655e-01
2.800000000000000000e+01 5.013884232100649374e-01 5.013884232100649374e-01 5.013884232100649374e-01 5.013884232100649374e-01
2.900000000000000000e+01 5.159291821821397894e-01 5.159291821821397894e-01 5.159291821821397894e-01 5.159291821821397894e-01
3.000000000000000000e+01 5.379505875374763768e-01 5.379505875374763768e-01 5.379505875374763768e-01 5.379505875374763768e-01
3.100000000000000000e+01 7.237101040571674027e-01 7.237101040571674027e-01 7.237101040571674027e-01 7.237101040571674027e-01
3.200000000000000000e+01 7.589450018639180007e-01 7.589450018639180007e-01 7.589450018639180007e-01 7.589450018639180007e-01
3.300000000000000000e+01 8.563095436494562174e-01 8.563095436494562174e-01 8.563095436494562174e-01 8.563095436494562174e-01
3.400000000000000000e+01 7.671604756050325324e-01 7.671604756050325324e-01 7.671604756050325324e-01 7.671604756050325324e-01
3.500000000000000000e+01 6.904561379874643023e-01 6.904561379874643023e-01 6.904561379874643023e-01 6.904561379874643023e-01
3.600000000000000000e+01 5.665253200523353572e-01 5.665253200523353572e-01 5.665253200523353572e-01 5.665253200523353572e-01
3.700000000000000000e+01 4.220664540105669715e-01 4.220664540105669715e-01 4.220664540105669715e-01 4.220664540105669715e-01
3.800000000000000000e+01 4.608779989445188630e-01 4.608779989445188630e-01 4.608779989445188630e-01 4.608779989445188630e-01
3.900000000000000000e+01 5.411797340705688519e-01 5.411797340705688519e-01 5.411797340705688519e-01 5.411797340705688519e-01
4.000000000000000000e+01 5.162652293773797307e-01 5.162652293773797307e-01 5.162652293773797307e-01 5.162652293773797307e-01
4.100000000000000000e+01 4.795789750969295384e-01 4.795789750969295384e-01 4.795789750969295384e-01 4.795789750969295384e-01
4.200000000000000000e+01 5.491057182451838381e-01 5.491057182451838381e-01 5.491057182451838381e-01 5.491057182451838381e-01
4.300000000000000000e+01 5.489973777070280558e-01 5.489973777070280558e-01 5.489973777070280558e-01 5.489973777070280558e-01
4.400000000000000000e+01 5.437878643197032735e-01 5.437878643197032735e-01 5.437878643197032735e-01 5.437878643197032735e-01
4.500000000000000000e+01 4.979260958429899131e-01 4.979260958429899131e-01 4.979260958429899131e-01 4.979260958429899131e-01
4.600000000000000000e+01 5.900188571190454478e-01 5.900188571190454478e-01 5.900188571190454478e-01 5.900188571190454478e-01
4.700000000000000000e+01 5.394308088970645176e-01 5.394308088970645176e-01 5.394308088970645176e-01 5.394308088970645176e-01
4.800000000000000000e+01 5.782437837374974077e-01 5.782437837374974077e-01 5.782437837374974077e-01 5.782437837374974077e-01
4.900000000000000000e+01 5.513573581878248309e-01 5.513573581878248309e-01 5.513573581878248309e-01 5.513573581878248309e-01
5.000000000000000000e+01 6.340643294123490259e-01 6.340643294123490259e-01 6.340643294123490259e-01 6.340643294123490259e-01
5.100000000000000000e+01 7.699551308111103332e-01 7.699551308111103332e-01 7.699551308111103332e-01 7.699551308111103332e-01
5.200000000000000000e+01 7.461659092358932099e-01 7.461659092358932099e-01 7.461659092358932099e-01 7.461659092358932099e-01
5.300000000000000000e+01 8.912903516190571196e-01 8.912903516190571196e-01 8.912903516190571196e-01 8.912903516190571196e-01
5.400000000000000000e+01 8.666567158113517300e-01 8.666567158113517300e-01 8.666567158113517300e-01 8.666567158113517300e-01
5.500000000000000000e+01 8.634393827952026035e-01 8.634393827952026035e-01 8.634393827952026035e-01 8.634393827952026035e-01
5.600000000000000000e+01 7.532132352588795099e-01 7.532132352588795099e-01 7.532132352588795099e-01 7.532132352588795099e-01
5.700000000000000000e+01 7.480926604384234846e-01 7.480926604384234846e-01 7.480926604384234846e-01 7.480926604384234846e-01
5.800000000000000000e+01 7.060750729087784672e-01 7.060750729087784672e-01 7.060750729087784672e-01 7.060750729087784672e-01
5.900000000000000000e+01 7.001077873022929499e-01 7.001077873022929499e-01 7.001077873022929499e-01 7.001077873022929499e-01
6.000000000000000000e+01 6.622975207137785647e-01 6.622975207137785647e-01 6.622975207137785647e-01 6.622975207137785647e-01
6.100000000000000000e+01 6.655793664346424388e-01 6.655793664346424388e-01 6.655793664346424388e-01 6.655793664346424388e-01
6.200000000000000000e+01 6.890667375788073201e-01 6.890667375788073201e-01 6.890667375788073201e-01 6.890667375788073201e-01
6.300000000000000000e+01 7.303165879218372902e-01 7.303165879218372902e-01 7.303165879218372902e-01 7.303165879218372902e-01
6.400000000000000000e+01 6.972577540377883354e-01 6.972577540377883354e-01 6.972577540377883354e-01 6.972577540377883354e-01
6.500000000000000000e+01 7.205392961252942152e-01 7.205392961252942152e-01 7.205392961252942152e-01 7.205392961252942152e-01
6.600000000000000000e+01 6.633506597291891627e-01 6.633506597291891627e-01 6.633506597291891627e-01 6.633506597291891627e-01
6.700000000000000000e+01 8.112149717147758565e-01 8.112149717147758565e-01 8.112149717147758565e-01 8.112149717147758565e-01
6.800000000000000000e+01 8.798924556988894086e-01 8.798924556988894086e-01 8.798924556988894086e-01 8.798924556988894086e-01
6.900000000000000000e+01 7.655070841327894504e-01 7.655070841327894504e-01 7.655070841327894504e-01 7.655070841327894504e-01
7.000000000000000000e+01 8.100988980754514346e-01 8.100988980754514346e-01 8.100988980754514346e-01 8.100988980754514346e-01
7.100000000000000000e+01 9.239073993757531689e-01 9.239073993757531689e-01 9.239073993757531689e-01 9.239073993757531689e-01
7.200000000000000000e+01 9.641783255429987598e-01 9.641783255429987598e-01 9.641783255429987598e-01 9.641783255429987598e-01
7.300000000000000000e+01 1.035086194858333419e+00 1.035086194858333419e+00 1.035086194858333419e+00 1.035086194858333419e+00
7.400000000000000000e+01 1.098919673661789664e+00 1.098919673661789664e+00 1.098919673661789664e+00 1.098919673661789664e+00
7.500000000000000000e+01 1.091043667410128482e+00 1.091043667410128482e+00 1.091043667410128482e+00 1.091043667410128482e+00
7.600000000000000000e+01 1.066015168590872086e+00 1.066015168590872086e+00 1.066015168590872086e+00 1.066015168590872086e+00
7.700000000000000000e+01 1.028782275954887915e+00 1.028782275954887915e+00 1.028782275954887915e+00 1.028782275954887915e+00
7.800000000000000000e+01 9.079166059565064728e-01 9.079166059565064728e-01 9.079166059565064728e-01 9.079166059565064728e-01
7.900000000000000000e+01 9.111758616646028486e-01 9.111758616646028486e-01 9.111758616646028486e-01 9.111758616646028486e-01
8.000000000000000000e+01 8.407423888856936367e-01 8.407423888856936367e-01 8.407423888856936367e-01 8.407423888856936367e-01
8.100000000000000000e+01 7.694499683525117817e-01 7.694499683525117817e-01 7.694499683525117817e-01 7.694499683525117817e-01
8.200000000000000000e+01 7.918388743438937727e-01 7.918388743438937727e-01 7.918388743438937727e-01 7.918388743438937727e-01
8.300000000000000000e+01 7.933262416089633673e-01 7.933262416089633673e-01 7.933262416089633673e-01 7.933262416089633673e-01
8.400000000000000000e+01 8.743288061091657459e-01 8.743288061091657459e-01 8.743288061091657459e-01 8.743288061091657459e-01
8.500000000000000000e+01 8.329651145530418965e-01 8.329651145530418965e-01 8.329651145530418965e-01 8.329651145530418965e-01
8.600000000000000000e+01 8.785590493806568757e-01 8.785590493806568757e-01 8.785590493806568757e-01 8.785590493806568757e-01
8.700000000000000000e+01 9.329971291602879857e-01 9.329971291602879857e-01 9.329971291602879857e-01 9.329971291602879857e-01
8.800000000000000000e+01 9.425982104130231631e-01 9.425982104130231631e-01 9.425982104130231631e-01 9.425982104130231631e-01
8.900000000000000000e+01 9.737135674963318666e-01 9.737135674963318666e-01 9.737135674963318666e-01 9.737135674963318666e-01
9.000000000000000000e+01 1.027768834161934874e+00 1.027768834161934874e+00 1.027768834161934874e+00 1.027768834161934874e+00
9.100000000000000000e+01 1.094044265065734045e+00 1.094044265065734045e+00 1.094044265065734045e+00 1.094044265065734045e+00
9.200000000000000000e+01 1.126055670313590218e+00 1.126055670313590218e+00 1.126055670313590218e+00 1.126055670313590218e+00
9.300000000000000000e+01 1.202737582026169427e+00 1.202737582026169427e+00 1.202737582026169427e+00 1.202737582026169427e+00
9.400000000000000000e+01 1.152399066367748581e+00 1.152399066367748581e+00 1.152399066367748581e+00 1.152399066367748581e+00
9.500000000000000000e+01 1.211313826980145336e+00 1.211313826980145336e+00 1.211313826980145336e+00 1.211313826980145336e+00
9.600000000000000000e+01 1.119325335615450889e+00 1.119325335615450889e+00 1.119325335615450889e+00 1.119325335615450889e+00
9.700000000000000000e+01 1.111592738070816599e+00 1.111592738070816599e+00 1.111592738070816599e+00 1.111592738070816599e+00
9.800000000000000000e+01 1.069081356496501378e+00 1.069081356496501378e+00 1.069081356496501378e+00 1.069081356496501378e+00
