0.000000000000000000e+00 6.042831430272062043e+00 6.042831430272062043e+00 6.042831430272062043e+00 6.042831430272062043e+00
1.000000000000000000e+00 -3.837103494355091904e+00 -3.837103494355091904e+00 -3.837103494355091904e+00 -3.837103494355091904e+00
2.000000000000000000e+00 -3.335073952820107657e+00 -3.335073952820107657e+00 -3.335073952820107657e+00 -3.335073952820107657e+00
3.000000000000000000e+00 -2.764989040237861406e+00 -2.764989040237861406e+00 -2.764989040237861406e+00 -2.764989040237861406e+00
4.000000000000000000e+00 8.989817726901147665e+00 8.989817726901147665e+00 8.989817726901147665e+00 8.989817726901147665e+00
5.000000000000000000e+00 6.451663052644227569e+00 6.451663052644227569e+00 6.451663052644227569e+00 6.451663052644227569e+00
6.000000000000000000e+00 3.063716700179935692e+00 3.063716700179935692e+00 3.063716700179935692e+00 3.063716700179935692e+00
7.000000000000000000e+00 1.769316335487265412e+00 1.769316335487265412e+00 1.769316335487265412e+00 1.769316335487265412e+00
8.000000000000000000e+00 1.127750754124022148e+00 1.127750754124022148e+00 1.127750754124022148e+00 1.127750754124022148e+00
9.000000000000000000e+00 7.655669891208122246e-01 7.655669891208122246e-01 7.655669891208122246e-01 7.655669891208122246e-01
1.000000000000000000e+01 3.540540010594545706e+00 3.540540010594545706e+00 3.540540010594545706e+00 3.540540010594545706e+00
1.100000000000000000e+01 5.133626676512355047e+00 5.133626676512355047e+00 5.133626676512355047e+00 5.133626676512355047e+00
1.200000000000000000e+01 6.866182657102384290e+00 6.866182657102384290e+00 6.866182657102384290e+00 6.866182657102384290e+00
1.300000000000000000e+01 9.978815911991217646e+00 9.978815911991217646e+00 9.978815911991217646e+00 9.978815911991217646e+00
1.400000000000000000e+01 1.189668002165612926e+01 1.189668002165612926e+01 1.189668002165612926e+01 1.189668002165612926e+01
1.500000000000000000e+01 1.348947907842670801e+01 1.348947907842670801e+01 1.348947907842670801e+01 1.348947907842670801e+01
1.600000000000000000e+01 1.585401363879551440e+01 1.585401363879551440e+01 1.585401363879551440e+01 1.585401363879551440e+01
1.700000000000000000e+01 1.596339357207183696e+01 1.596339357207183696e+01 1.596339357207183696e+01 1.596339357207183696e+01
1.800000000000000000e+01 1.743837326672320032e+01 1.743837326672320032e+01 1.743837326672320032e+01 1.743837326672320032e+01
1.900000000000000000e+01 1.524816110589998353e+01 1.524816110589998353e+01 1.524816110589998353e+01 1.524816110589998353e+01
2.000000000000000000e+01 1.049798463091835465e+01 1.049798463091835465e+01 1.049798463091835465e+01 1.049798463091835465e+01
2.100000000000000000e+01 9.965104800742027535e+00 9.965104800742027535e+00 9.965104800742027535e+00 9.965104800742027535e+00
2.200000000000000000e+01 7.898666662648230918e+00 7.898666662648230918e+00 7.898666662648230918e+00 7.898666662648230918e+00
2.300000000000000000e+01 5.569746208835517187e+00 5.569746208835517187e+00 5.569746208835517187e+00 5.569746208835517187e+00
2.400000000000000000e+01 1.729614503483567489e+01 1.729614503483567489e+01 1.729614503483567489e+01 1.729614503483567489e+01
2.500000000000000000e+01 1.512269814435098958e+01 1.512269814435098958e+01 1.512269814435098958e+01 1.512269814435098958e+01
2.600000000000000000e+01 1.176839751893271568e+01 1.176839751893271568e+01 1.176839751893271568e+01 1.176839751893271568e+01
2.700000000000000000e+01 8.985864912643290126e+00 8.985864912643290126e+00 8.985864912643290126e+00 8.985864912643290126e+00
2.800000000000000000e+01 8.914478778477453957e+00 8.914478778477453957e+00 8.914478778477453957e+00 8.914478778477453957e+00
2.900000000000000000e+01 9.194243671431417297e+00 9.194243671431417297e+00 9.194243671431417297e+00 9.194243671431417297e+00
3.000000000000000000e+01 9.964526762728446840e+00 9.964526762728446840e+00 9.964526762728446840e+00 9.964526762728446840e+00
3.100000000000000000e+01 1.215953169008644252e+01 1.215953169008644252e+01 1.215953169008644252e+01 1.215953169008644252e+01
3.200000000000000000e+01 1.398784303654509031e+01 1.398784303654509031e+01 1.398784303654509031e+01 1.398784303654509031e+01
3.300000000000000000e+01 1.708032144474898928e+01 1.708032144474898928e+01 1.708032144474898928e+01 1.708032144474898928e+01
3.400000000000000000e+01 1.888952695036616092e+01 1.888952695036616092e+01 1.888952695036616092e+01 1.888952695036616092e+01
3.500000000000000000e+01 1.967913736547027881e+01 1.967913736547027881e+01 1.967913736547027881e+01 1.967913736547027881e+01
3.600000000000000000e+01 2.199238259979736654e+01 2.199238259979736654e+01 2.199238259979736654e+01 2.199238259979736654e+01
3.700000000000000000e+01 2.173561621051221238e+01 2.173561621051221238e+01 2.173561621051221238e+01 2.173561621051221238e+01
3.800000000000000000e+01 2.409821800614060905e+01 2.409821800614060905e+01 2.409821800614060905e+01 2.409821800614060905e+01
3.900000000000000000e+01 2.493112877191508048e+01 2.493112877191508048e+01 2.493112877191508048e+01 2.493112877191508048e+01
4.000000000000000000e+01 2.254145626579654049e+01 2.254145626579654049e+01 2.254145626579654049e+01 2.254145626579654049e+01
4.100000000000000000e+01 1.595577274266738144e+01 1.595577274266738144e+01 1.595577274266738144e+01 1.595577274266738144e+01
4.200000000000000000e+01 1.233866781866774076e+01 1.233866781866774076e+01 1.233866781866774076e+01 1.233866781866774076e+01
4.300000000000000000e+01 1.082805393170255570e+01 1.082805393170255570e+01 1.082805393170255570e+01 1.082805393170255570e+01
4.400000000000000000e+01 1.315111159065631341e+01 1.315111159065631341e+01 1.315111159065631341e+01 1.315111159065631341e+01
4.500000000000000000e+01 2.097721815598107042e+01 2.097721815598107042e+01 2.097721815598107042e+01 2.097721815598107042e+01
4.600000000000000000e+01 1.697858780338597029e+01 1.697858780338597029e+01 1.697858780338597029e+01 1.697858780338597029e+01
4.700000000000000000e+01 1.354201831500538233e+01 1.354201831500538233e+01 1.354201831500538233e+01 1.354201831500538233e+01
4.800000000000000000e+01 1.212673388156501808e+01 1.212673388156501808e+01 1.212673388156501808e+01 1.212673388156501808e+01
4.900000000000000000e+01 1.281409641648220976e+01 1.281409641648220976e+01 1.281409641648220976e+01 1.281409641648220976e+01
5.000000000000000000e+01 1.355874216406120247e+01 1.355874216406120247e+01 1.355874216406120247e+01 1.355874216406120247e+01
5.100000000000000000e+01 1.615426720833082541e+01 1.615426720833082541e+01 1.615426720833082541e+01 1.615426720833082541e+01
5.200000000000000000e+01 1.975757357024583882e+01 1.975757357024583882e+01 1.975757357024583882e+01 1.975757357024583882e+01
5.300000000000000000e+01 2.211490356541720104e+01 2.211490356541720104e+01 2.211490356541720104e+01 2.211490356541720104e+01
5.400000000000000000e+01 2.372512031032276170e+01 2.372512031032276170e+01 2.372512031032276170e+01 2.372512031032276170e+01
5.500000000000000000e+01 2.450161839774339967e+01 2.450161839774339967e+01 2.450161839774339967e+01 2.450161839774339967e+01
5.600000000000000000e+01 2.658798821018880787e+01 2.658798821018880787e+01 2.658798821018880787e+01 2.658798821018880787e+01
5.700000000000000000e+01 2.755707561137826289e+01 2.755707561137826289e+01 2.755707561137826289e+01 2.755707561137826289e+01
5.800000000000000000e+01 2.944210104064935507e+01 2.944210104064935507e+01 2.944210104064935507e+01 2.944210104064935507e+01
5.900000000000000000e+01 2.283668751070232616e+01 2.283668751070232616e+01 2.283668751070232616e+01 2.283668751070232616e+01
6.000000000000000000e+01 2.098254672883032868e+01 2.098254672883032868e+01 2.098254672883032868e+01 2.098254672883032868e+01
6.100000000000000000e+01 2.038958964073002278e+01 2.038958964073002278e+01 2.038958964073002278e+01 2.038958964073002278e+01
6.200000000000000000e+01 1.710577907733904013e+01 1.710577907733904013e+01 1.710577907733904013e+01 1.710577907733904013e+01
6.300000000000000000e+01 1.961291074063148088e+01 1.961291074063148088e+01 1.961291074063148088e+01 1.961291074063148088e+01
6.400000000000000000e+01 2.167151964109068274e+01 2.167151964109068274e+01 2.167151964109068274e+01 2.167151964109068274e+01
6.500000000000000000e+01 1.874687573491899784e+01 1.874687573491899784e+01 1.874687573491899784e+01 1.874687573491899784e+01
6.600000000000000000e+01 1.718069381478499125e+01 1.718069381478499125e+01 1.718069381478499125e+01 1.718069381478499125e+01
6.700000000000000000e+01 1.344782320584379853e+01 1.344782320584379853e+01 1.344782320584379853e+01 1.344782320584379853e+01
6.800000000000000000e+01 1.338780935869479727e+01 1.338780935869479727e+01 1.338780935869479727e+01 1.338780935869479727e+01
6.900000000000000000e+01 1.390162556930989979e+01 1.390162556930989979e+01 1.390162556930989979e+01 1.390162556930989979e+01
7.000000000000000000e+01 1.476459758630889141e+01 1.476459758630889141e+01 1.476459758630889141e+01 1.476459758630889141e+01
7.100000000000000000e+01 1.679249470209985873e+01 1.679249470209985873e+01 1.679249470209985873e+01 1.679249470209985873e+01
7.200000000000000000e+01 1.893406369189538196e+01 1.893406369189538196e+01 1.893406369189538196e+01 1.893406369189538196e+01
7.300000000000000000e+01 2.207084958080980641e+01 2.207084958080980641e+01 2.207084958080980641e+01 2.207084958080980641e+01
7.400000000000000000e+01 2.418688235864580349e+01 2.418688235864580349e+01 2.418688235864580349e+01 2.418688235864580349e+01
7.500000000000000000e+01 2.388533479902717716e+01 2.388533479902717716e+01 2.388533479902717716e+01 2.388533479902717716e+01
7.600000000000000000e+01 2.597994646254459639e+01 2.597994646254459639e+01 2.597994646254459639e+01 2.597994646254459639e+01
7.700000000000000000e+01 3.185911993015479382e+01 3.185911993015479382e+01 3.185911993015479382e+01 3.185911993015479382e+01
7.800000000000000000e+01 3.292590269004630699e+01 3.292590269004630699e+01 3.292590269004630699e+01 3.292590269004630699e+01
7.900000000000000000e+01 2.270826103546619379e+01 2.270826103546619379e+01 2.270826103546619379e+01 2.270826103546619379e+01
8.000000000000000000e+01 2.035887850988226688e+01 2.035887850988226688e+01 2.035887850988226688e+01 2.035887850988226688e+01
8.100000000000000000e+01 2.065244234171734661e+01 2.065244234171734661e+01 2.065244234171734661e+01 2.065244234171734661e+01
8.200000000000000000e+01 1.844924840455495030e+01 1.844924840455495030e+01 1.844924840455495030e+01 1.844924840455495030e+01
8.300000000000000000e+01 1.433708941960835936e+01 1.433708941960835936e+01 1.433708941960835936e+01 1.433708941960835936e+01
8.400000000000000000e+01 1.453104118167896353e+01 1.453104118167896353e+01 1.453104118167896353e+01 1.453104118167896353e+01
8.500000000000000000e+01 2.357149268447803792e+01 2.357149268447803792e+01 2.357149268447803792e+01 2.357149268447803792e+01
8.600000000000000000e+01 2.158868943464713652e+01 2.158868943464713652e+01 2.158868943464713652e+01 2.158868943464713652e+01
8.700000000000000000e+01 1.791020334709374140e+01 1.791020334709374140e+01 1.791020334709374140e+01 1.791020334709374140e+01
8.800000000000000000e+01 1.625712893620899990e+01 1.625712893620899990e+01 1.625712893620899990e+01 1.625712893620899990e+01
8.900000000000000000e+01 1.646888719729108530e+01 1.646888719729108530e+01 1.646888719729108530e+01 1.646888719729108530e+01
9.000000000000000000e+01 1.482804186614110087e+01 1.482804186614110087e+01 1.482804186614110087e+01 1.482804186614110087e+01
9.100000000000000000e+01 1.560688368155334338e+01 1.560688368155334338e+01 1.560688368155334338e+01 1.560688368155334338e+01
9.200000000000000000e+01 1.546365222407702511e+01 1.546365222407702511e+01 1.546365222407702511e+01 1.546365222407702511e+01
9.300000000000000000e+01 1.606399234765977724e+01 1.606399234765977724e+01 1.606399234765977724e+01 1.606399234765977724e+01
9.400000000000000000e+01 1.656725636749529684e+01 1.656725636749529684e+01 1.656725636749529684e+01 1.656725636749529684e+01
9.500000000000000000e+01 1.666304796075599981e+01 1.666304796075599981e+01 1.666304796075599981e+01 1.666304796075599981e+01
9.600000000000000000e+01 1.668409694306138391e+01 1.668409694306138391e+01 1.668409694306138391e+01 1.668409694306138391e+01
9.700000000000000000e+01 1.642824475900590997e+01 1.642824475900590997e+01 1.642824475900590997e+01 1.642824475900590997e+01
9.800000000000000000e+01 1.690339036097229197e+01 1.690339036097229197e+01 1.690339036097229197e+01 1.690339036097229197e+01
9.900000000000000000e+01 1.129832335848684011e+01 1.129832335848684011e+01 1.129832335848684011e+01 1.129832335848684011e+01
