0.000000000000000000e+00 5.462002963143538364e-02 5.462002963143538364e-02 5.462002963143538364e-02 5.462002963143538364e-02
1.000000000000000000e+00 3.501067501501730073e-01 3.501067501501730073e-01 3.501067501501730073e-01 3.501067501501730073e-01
2.000000000000000000e+00 -4.111702586819475369e-02 -4.111702586819475369e-02 -4.111702586819475369e-02 -4.111702586819475369e-02
3.000000000000000000e+00 1.136485268985871350e-01 1.136485268985871350e-01 1.136485268985871350e-01 1.136485268985871350e-01
4.000000000000000000e+00 4.176382667736210919e-01 4.176382667736210919e-01 4.176382667736210919e-01 4.176382667736210919e-01
5.000000000000000000e+00 3.419273324163268346e-01 3.419273324163268346e-01 3.419273324163268346e-01 3.419273324163268346e-01
6.000000000000000000e+00 -4.883651339138503876e-03 -4.883651339138503876e-03 -4.883651339138503876e-03 -4.883651339138503876e-03
7.000000000000000000e+00 -1.015347541431434741e-01 -1.015347541431434741e-01 -1.015347541431434741e-01 -1.015347541431434741e-01
8.000000000000000000e+00 5.764794553465398819e-01 5.764794553465398819e-01 5.764794553465398819e-01 5.764794553465398819e-01
9.000000000000000000e+00 2.089430265979854429e-01 2.089430265979854429e-01 2.089430265979854429e-01 2.089430265979854429e-01
1.000000000000000000e+01 -5.147934602604000709e-01 -5.147934602604000709e-01 -5.147934602604000709e-01 -5.147934602604000709e-01
1.100000000000000000e+01 6.626419112600644423e-01 6.626419112600644423e-01 6.626419112600644423e-01 6.626419112600644423e-01
1.200000000000000000e+01 2.827631269658672508e-01 2.827631269658672508e-01 2.827631269658672508e-01 2.827631269658672508e-01
1.300000000000000000e+01 -2.144674059077449624e-01 -2.144674059077449624e-01 -2.144674059077449624e-01 -2.144674059077449624e-01
1.400000000000000000e+01 6.754269801005628737e-02 6.754269801005628737e-02 6.754269801005628737e-02 6.754269801005628737e-02
1.500000000000000000e+01 5.172522347873690363e-01 5.172522347873690363e-01 5.172522347873690363e-01 5.172522347873690363e-01
1.600000000000000000e+01 3.114618603311304912e-01 3.114618603311304912e-01 3.114618603311304912e-01 3.114618603311304912e-01
1.700000000000000000e+01 -1.266770326873038754e-01 -1.266770326873038754e-01 -1.266770326873038754e-01 -1.266770326873038754e-01
1.800000000000000000e+01 4.436228197387819677e-02 4.436228197387819677e-02 4.436228197387819677e-02 4.436228197387819677e-02
1.900000000000000000e+01 5.684584638094136722e-01 5.684584638094136722e-01 5.684584638094136722e-01 5.684584638094136722e-01
2.000000000000000000e+01 5.651221896140341538e-01 5.651221896140341538e-01 5.651221896140341538e-01 5.651221896140341538e-01
2.100000000000000000e+01 4.680283477307289330e-01 4.680283477307289330e-01 4.680283477307289330e-01 4.680283477307289330e-01
2.200000000000000000e+01 6.745486198237488074e-02 6.745486198237488074e-02 6.745486198237488074e-02 6.745486198237488074e-02
2.300000000000000000e+01 4.884078460389871257e-01 4.884078460389871257e-01 4.884078460389871257e-01 4.884078460389871257e-01
2.400000000000000000e+01 1.479303984494676621e-02 1.479303984494676621e-02 1.479303984494676621e-02 1.479303984494676621e-02
2.500000000000000000e+01 4.956422679801725240e-01 4.956422679801725240e-01 4.956422679801725240e-01 4.956422679801725240e-01
2.600000000000000000e+01 1.000444362138730225e+00 1.000444362138730225e+00 1.000444362138730225e+00 1.000444362138730225e+00
2.700000000000000000e+01 1.496303460804388474e-01 1.496303460804388474e-01 1.496303460804388474e-01 1.496303460804388474e-01
2.800000000000000000e+01 -1.518015654321158425e-01 -1.518015654321158425e-01 -1.518015654321158425e-01 -1.518015654321158425e-01
2.900000000000000000e+01 8.360372335283329237e-01 8.360372335283329237e-01 8.360372335283329237e-01 8.360372335283329237e-01
3.000000000000000000e+01 7.020519932563118459e-02 7.020519932563118459e-02 7.020519932563118459e-02 7.020519932563118459e-02
3.100000000000000000e+01 4.225506114414723235e-01 4.225506114414723235e-01 4.225506114414723235e-01 4.225506114414723235e-01
3.200000000000000000e+01 8.243606275879387102e-01 8.243606275879387102e-01 8.243606275879387102e-01 8.243606275879387102e-01
3.300000000000000000e+01 -1.095933487812297408e-01 -1.095933487812297408e-01 -1.095933487812297408e-01 -1.095933487812297408e-01
3.400000000000000000e+01 1.119228268110532776e+00 1.119228268110532776e+00 1.119228268110532776e+00 1.119228268110532776e+00
3.500000000000000000e+01 1.005699113630406982e+00 1.005699113630406982e+00 1.005699113630406982e+00 1.005699113630406982e+00
3.600000000000000000e+01 9.328720075546940993e-02 9.328720075546940993e-02 9.328720075546940993e-02 9.328720075546940993e-02
3.700000000000000000e+01 5.629905662512099118e-01 5.629905662512099118e-01 5.629905662512099118e-01 5.629905662512099118e-01
3.800000000000000000e+01 8.395549516517910593e-01 8.395549516517910593e-01 8.395549516517910593e-01 8.395549516517910593e-01
3.900000000000000000e+01 2.771817960558202176e-01 2.771817960558202176e-01 2.771817960558202176e-01 2.771817960558202176e-01
4.000000000000000000e+01 7.950171784091375482e-01 7.950171784091375482e-01 7.950171784091375482e-01 7.950171784091375482e-01
4.100000000000000000e+01 1.281483479204866160e+00 1.281483479204866160e+00 1.281483479204866160e+00 1.281483479204866160e+00
4.200000000000000000e+01 3.272556515125709265e-03 3.272556515125709265e-03 3.272556515125709265e-03 3.272556515125709265e-03
4.300000000000000000e+01 4.103908644903336844e-01 4.103908644903336844e-01 4.103908644903336844e-01 4.103908644903336844e-01
4.400000000000000000e+01 1.065207372414235021e+00 1.065207372414235021e+00 1.065207372414235021e+00 1.065207372414235021e+00
4.500000000000000000e+01 2.027878952103576160e-01 2.027878952103576160e-01 2.027878952103576160e-01 2.027878952103576160e-01
4.600000000000000000e+01 2.730134565468442243e-01 2.730134565468442243e-01 2.730134565468442243e-01 2.730134565468442243e-01
4.700000000000000000e+01 7.371350285068283270e-01 7.371350285068283270e-01 7.371350285068283270e-01 7.371350285068283270e-01
4.800000000000000000e+01 7.523648179000141933e-01 7.523648179000141933e-01 7.523648179000141933e-01 7.523648179000141933e-01
4.900000000000000000e+01 -3.863160227226778431e-01 -3.863160227226778431e-01 -3.863160227226778431e-01 -3.863160227226778431e-01
5.000000000000000000e+01 8.046337643279301011e-01 8.046337643279301011e-01 8.046337643279301011e-01 8.046337643279301011e-01
5.100000000000000000e+01 7.852737368949338492e-01 7.852737368949338492e-01 7.852737368949338492e-01 7.852737368949338492e-01
5.200000000000000000e+01 -2.090441488989384922e-01 -2.090441488989384922e-01 -2.090441488989384922e-01 -2.090441488989384922e-01
5.300000000000000000e+01 7.187817082966366788e-01 7.187817082966366788e-01 7.187817082966366788e-01 7.187817082966366788e-01
5.400000000000000000e+01 1.086403277351096097e+00 1.086403277351096097e+00 1.086403277351096097e+00 1.086403277351096097e+00
5.500000000000000000e+01 3.823782167992759856e-02 3.823782167992759856e-02 3.823782167992759856e-02 3.823782167992759856e-02
5.600000000000000000e+01 5.667590680539068559e-01 5.667590680539068559e-01 5.667590680539068559e-01 5.667590680539068559e-01
5.700000000000000000e+01 9.866041794272263354e-01 9.866041794272263354e-01 9.866041794272263354e-01 9.866041794272263354e-01
5.800000000000000000e+01 4.631826900455551232e-01 4.631826900455551232e-01 4.631826900455551232e-01 4.631826900455551232e-01
5.900000000000000000e+01 4.585040727422293738e-01 4.585040727422293738e-01 4.585040727422293738e-01 4.585040727422293738e-01
6.000000000000000000e+01 8.800680656621422404e-01 8.800680656621422404e-01 8.800680656621422404e-01 8.800680656621422404e-01
6.100000000000000000e+01 5.627623570892034133e-01 5.627623570892034133e-01 5.627623570892034133e-01 5.627623570892034133e-01
6.200000000000000000e+01 3.981119363351913742e-01 3.981119363351913742e-01 3.981119363351913742e-01 3.981119363351913742e-01
6.300000000000000000e+01 8.938513303237647367e-01 8.938513303237647367e-01 8.938513303237647367e-01 8.938513303237647367e-01
6.400000000000000000e+01 8.065338855400653317e-01 8.065338855400653317e-01 8.065338855400653317e-01 8.065338855400653317e-01
6.500000000000000000e+01 5.862853295036638546e-01 5.862853295036638546e-01 5.862853295036638546e-01 5.862853295036638546e-01
6.600000000000000000e+01 8.038479303715094781e-01 8.038479303715094781e-01 8.038479303715094781e-01 8.038479303715094781e-01
6.700000000000000000e+01 1.746537092223056642e-01 1.746537092223056642e-01 1.746537092223056642e-01 1.746537092223056642e-01
6.800000000000000000e+01 3.275182569243521025e-01 3.275182569243521025e-01 3.275182569243521025e-01 3.275182569243521025e-01
6.900000000000000000e+01 6.108616271100397732e-01 6.108616271100397732e-01 6.108616271100397732e-01 6.108616271100397732e-01
7.000000000000000000e+01 1.614885445135137432e-01 1.614885445135137432e-01 1.614885445135137432e-01 1.614885445135137432e-01
7.100000000000000000e+01 9.195998800672543494e-01 9.195998800672543494e-01 9.195998800672543494e-01 9.195998800672543494e-01
7.200000000000000000e+01 4.237275327208093745e-01 4.237275327208093745e-01 4.237275327208093745e-01 4.237275327208093745e-01
7.300000000000000000e+01 5.596423179478658971e-01 5.596423179478658971e-01 5.596423179478658971e-01 5.596423179478658971e-01
7.400000000000000000e+01 2.289467922728739002e-01 2.289467922728739002e-01 2.289467922728739002e-01 2.289467922728739002e-01
7.500000000000000000e+01 9.863315519268212039e-01 9.863315519268212039e-01 9.863315519268212039e-01 9.863315519268212039e-01
7.600000000000000000e+01 4.830790938334273421e-01 4.830790938334273421e-01 4.830790938334273421e-01 4.830790938334273421e-01
7.700000000000000000e+01 9.318584407015639837e-01 9.318584407015639837e-01 9.318584407015639837e-01 9.318584407015639837e-01
7.800000000000000000e+01 7.270110032703521741e-01 7.270110032703521741e-01 7.270110032703521741e-01 7.270110032703521741e-01
7.900000000000000000e+01 3.832807100013504997e-01 3.832807100013504997e-01 3.832807100013504997e-01 3.832807100013504997e-01
8.000000000000000000e+01 4.807579739593708656e-01 4.807579739593708656e-01 4.807579739593708656e-01 4.807579739593708656e-01
8.100000000000000000e+01 2.798914067779710302e-01 2.798914067779710302e-01 2.798914067779710302e-01 2.798914067779710302e-01
8.200000000000000000e+01 7.258470982184254128e-01 7.258470982184254128e-01 7.258470982184254128e-01 7.258470982184254128e-01
8.300000000000000000e+01 7.151405459939027542e-01 7.151405459939027542e-01 7.151405459939027542e-01 7.151405459939027542e-01
8.400000000000000000e+01 2.526316978327252105e-01 2.526316978327252105e-01 2.526316978327252105e-01 2.526316978327252105e-01
8.500000000000000000e+01 9.256087570629348837e-01 9.256087570629348837e-01 9.256087570629348837e-01 9.256087570629348837e-01
8.600000000000000000e+01 1.159432682600511244e+00 1.159432682600511244e+00 1.159432682600511244e+00 1.159432682600511244e+00
8.700000000000000000e+01 1.237528957852363082e-01 1.237528957852363082e-01 1.237528957852363082e-01 1.237528957852363082e-01
8.800000000000000000e+01 -2.620884616818520141e-01 -2.620884616818520141e-01 -2.620884616818520141e-01 -2.620884616818520141e-01
8.900000000000000000e+01 1.336574479073450172e+00 1.336574479073450172e+00 1.336574479073450172e+00 1.336574479073450172e+00
9.000000000000000000e+01 9.249023913167178090e-01 9.249023913167178090e-01 9.249023913167178090e-01 9.249023913167178090e-01
9.100000000000000000e+01 6.047183398141035005e-01 6.047183398141035005e-01 6.047183398141035005e-01 6.047183398141035005e-01
9.200000000000000000e+01 -1.801147679724059494e-02 -1.801147679724059494e-02 -1.801147679724059494e-02 -1.801147679724059494e-02
9.300000000000000000e+01 3.024597022992258077e-01 3.024597022992258077e-01 3.024597022992258077e-01 3.024597022992258077e-01
9.400000000000000000e+01 7.643275150423354258e-01 7.643275150423354258e-01 7.643275150423354258e-01 7.643275150423354258e-01
9.500000000000000000e+01 -8.509325634100634028e-02 -8.509325634100634028e-02 -8.509325634100634028e-02 -8.509325634100634028e-02
9.600000000000000000e+01 7.786964876114023104e-01 7.786964876114023104e-01 7.786964876114023104e-01 7.786964876114023104e-01
9.700000000000000000e+01 9.205745632184374472e-01 9.205745632184374472e-01 9.205745632184374472e-01 9.205745632184374472e-01
9.800000000000000000e+01 1.401480514155485135e+00 1.401480514155485135e+00 1.401480514155485135e+00 1.401480514155485135e+00
