0.000000000000000000e+00 3.616341382699268081e+00 3.616341382699268081e+00 3.616341382699268081e+00 3.616341382699268081e+00
1.000000000000000000e+00 3.995652508924933066e+00 3.995652508924933066e+00 3.995652508924933066e+00 3.995652508924933066e+00
2.000000000000000000e+00 5.022060204898976643e+00 5.022060204898976643e+00 5.022060204898976643e+00 5.022060204898976643e+00
3.000000000000000000e+00 4.971828228445228426e+00 4.971828228445228426e+00 4.971828228445228426e+00 4.971828228445228426e+00
4.000000000000000000e+00 4.522487711016177414e+00 4.522487711016177414e+00 4.522487711016177414e+00 4.522487711016177414e+00
5.000000000000000000e+00 5.567832005119679017e+00 5.567832005119679017e+00 5.567832005119679017e+00 5.567832005119679017e+00
6.000000000000000000e+00 5.297945684328083438e+00 5.297945684328083438e+00 5.297945684328083438e+00 5.297945684328083438e+00
7.000000000000000000e+00 5.122381713016250337e+00 5.122381713016250337e+00 5.122381713016250337e+00 5.122381713016250337e+00
8.000000000000000000e+00 6.603026572499345548e+00 6.603026572499345548e+00 6.603026572499345548e+00 6.603026572499345548e+00
9.000000000000000000e+00 6.255350233356078427e+00 6.255350233356078427e+00 6.255350233356078427e+00 6.255350233356078427e+00
1.000000000000000000e+01 6.187838993574172441e+00 6.187838993574172441e+00 6.187838993574172441e+00 6.187838993574172441e+00
1.100000000000000000e+01 6.580004543765781477e+00 6.580004543765781477e+00 6.580004543765781477e+00 6.580004543765781477e+00
1.200000000000000000e+01 7.244584330942875461e+00 7.244584330942875461e+00 7.244584330942875461e+00 7.244584330942875461e+00
1.300000000000000000e+01 7.208800546622876837e+00 7.208800546622876837e+00 7.208800546622876837e+00 7.208800546622876837e+00
1.400000000000000000e+01 7.353922630317872411e+00 7.353922630317872411e+00 7.353922630317872411e+00 7.353922630317872411e+00
1.500000000000000000e+01 7.679564307255927424e+00 7.679564307255927424e+00 7.679564307255927424e+00 7.679564307255927424e+00
1.600000000000000000e+01 7.998031698693099045e+00 7.998031698693099045e+00 7.998031698693099045e+00 7.998031698693099045e+00
1.700000000000000000e+01 8.165347333947163833e+00 8.165347333947163833e+00 8.165347333947163833e+00 8.165347333947163833e+00
1.800000000000000000e+01 9.181343477033932388e+00 9.181343477033932388e+00 9.181343477033932388e+00 9.181343477033932388e+00
1.900000000000000000e+01 9.964798052472715995e+00 9.964798052472715995e+00 9.964798052472715995e+00 9.964798052472715995e+00
2.000000000000000000e+01 9.946670536547440378e+00 9.946670536547440378e+00 9.946670536547440378e+00 9.946670536547440378e+00
2.100000000000000000e+01 9.845064078186455347e+00 9.845064078186455347e+00 9.845064078186455347e+00 9.845064078186455347e+00
2.200000000000000000e+01 1.009070256902837848e+01 1.009070256902837848e+01 1.009070256902837848e+01 1.009070256902837848e+01
2.300000000000000000e+01 1.009715850636131940e+01 1.009715850636131940e+01 1.009715850636131940e+01 1.009715850636131940e+01
2.400000000000000000e+01 1.030059968153819305e+01 1.030059968153819305e+01 1.030059968153819305e+01 1.030059968153819305e+01
2.500000000000000000e+01 1.016780521703254792e+01 1.016780521703254792e+01 1.016780521703254792e+01 1.016780521703254792e+01
2.600000000000000000e+01 1.120463462905682128e+01 1.120463462905682128e+01 1.120463462905682128e+01 1.120463462905682128e+01
2.700000000000000000e+01 1.165848531671064592e+01 1.165848531671064592e+01 1.165848531671064592e+01 1.165848531671064592e+01
2.800000000000000000e+01 1.153109954312987107e+01 1.153109954312987107e+01 1.153109954312987107e+01 1.153109954312987107e+01
2.900000000000000000e+01 1.150855210808339102e+01 1.150855210808339102e+01 1.150855210808339102e+01 1.150855210808339102e+01
3.000000000000000000e+01 1.187329097851378634e+01 1.187329097851378634e+01 1.187329097851378634e+01 1.187329097851378634e+01
3.100000000000000000e+01 1.264163438302095166e+01 1.264163438302095166e+01 1.264163438302095166e+01 1.264163438302095166e+01
3.200000000000000000e+01 1.248141393620654860e+01 1.248141393620654860e+01 1.248141393620654860e+01 1.248141393620654860e+01
3.300000000000000000e+01 1.262759448221208558e+01 1.262759448221208558e+01 1.262759448221208558e+01 1.262759448221208558e+01
3.400000000000000000e+01 1.268087325930175702e+01 1.268087325930175702e+01 1.268087325930175702e+01 1.268087325930175702e+01
3.500000000000000000e+01 1.247691864745441492e+01 1.247691864745441492e+01 1.247691864745441492e+01 1.247691864745441492e+01
3.600000000000000000e+01 1.330497426553265150e+01 1.330497426553265150e+01 1.330497426553265150e+01 1.330497426553265150e+01
3.700000000000000000e+01 1.386390878353414280e+01 1.386390878353414280e+01 1.386390878353414280e+01 1.386390878353414280e+01
3.800000000000000000e+01 1.416055500325209060e+01 1.416055500325209060e+01 1.416055500325209060e+01 1.416055500325209060e+01
3.900000000000000000e+01 1.484881142760269768e+01 1.484881142760269768e+01 1.484881142760269768e+01 1.484881142760269768e+01
4.000000000000000000e+01 1.484405630000342846e+01 1.484405630000342846e+01 1.484405630000342846e+01 1.484405630000342846e+01
4.100000000000000000e+01 1.544339684952376857e+01 1.544339684952376857e+01 1.544339684952376857e+01 1.544339684952376857e+01
4.200000000000000000e+01 1.530299176773066350e+01 1.530299176773066350e+01 1.530299176773066350e+01 1.530299176773066350e+01
4.300000000000000000e+01 1.492239117271833493e+01 1.492239117271833493e+01 1.492239117271833493e+01 1.492239117271833493e+01
4.400000000000000000e+01 1.455740671789134666e+01 1.455740671789134666e+01 1.455740671789134666e+01 1.455740671789134666e+01
4.500000000000000000e+01 1.534479346020076562e+01 1.534479346020076562e+01 1.534479346020076562e+01 1.534479346020076562e+01
4.600000000000000000e+01 1.517659101917392306e+01 1.517659101917392306e+01 1.517659101917392306e+01 1.517659101917392306e+01
4.700000000000000000e+01 1.442867667665595199e+01 1.442867667665595199e+01 1.442867667665595199e+01 1.442867667665595199e+01
4.800000000000000000e+01 1.493596809017331672e+01 1.493596809017331672e+01 1.493596809017331672e+01 1.493596809017331672e+01
4.900000000000000000e+01 1.554065288338288475e+01 1.554065288338288475e+01 1.554065288338288475e+01 1.554065288338288475e+01
5.000000000000000000e+01 1.526806315773680645e+01 1.526806315773680645e+01 1.526806315773680645e+01 1.526806315773680645e+01
5.100000000000000000e+01 1.583007042367237993e+01 1.583007042367237993e+01 1.583007042367237993e+01 1.583007042367237993e+01
5.200000000000000000e+01 1.510762416882410619e+01 1.510762416882410619e+01 1.510762416882410619e+01 1.510762416882410619e+01
5.300000000000000000e+01 1.523142498343774243e+01 1.523142498343774243e+01 1.523142498343774243e+01 1.523142498343774243e+01
5.400000000000000000e+01 1.608259662626105069e+01 1.608259662626105069e+01 1.608259662626105069e+01 1.608259662626105069e+01
5.500000000000000000e+01 1.544740465103462412e+01 1.544740465103462412e+01 1.544740465103462412e+01 1.544740465103462412e+01
5.600000000000000000e+01 1.458358130791782337e+01 1.458358130791782337e+01 1.458358130791782337e+01 1.458358130791782337e+01
5.700000000000000000e+01 1.526515242751492174e+01 1.526515242751492174e+01 1.526515242751492174e+01 1.526515242751492174e+01
5.800000000000000000e+01 1.542031799215266297e+01 1.542031799215266297e+01 1.542031799215266297e+01 1.542031799215266297e+01
5.900000000000000000e+01 1.570681710408957343e+01 1.570681710408957343e+01 1.570681710408957343e+01 1.570681710408957343e+01
6.000000000000000000e+01 1.535422442973603374e+01 1.535422442973603374e+01 1.535422442973603374e+01 1.535422442973603374e+01
6.100000000000000000e+01 1.574076630349685146e+01 1.574076630349685146e+01 1.574076630349685146e+01 1.574076630349685146e+01
6.200000000000000000e+01 1.530856362217337896e+01 1.530856362217337896e+01 1.530856362217337896e+01 1.530856362217337896e+01
6.300000000000000000e+01 1.611317116280645578e+01 1.611317116280645578e+01 1.611317116280645578e+01 1.611317116280645578e+01
6.400000000000000000e+01 1.569913256400593760e+01 1.569913256400593760e+01 1.569913256400593760e+01 1.569913256400593760e+01
6.500000000000000000e+01 1.596878233018222559e+01 1.596878233018222559e+01 1.596878233018222559e+01 1.596878233018222559e+01
6.600000000000000000e+01 1.592290278212401056e+01 1.592290278212401056e+01 1.592290278212401056e+01 1.592290278212401056e+01
6.700000000000000000e+01 1.563487120609194037e+01 1.563487120609194037e+01 1.563487120609194037e+01 1.563487120609194037e+01
6.800000000000000000e+01 1.561064720850338361e+01 1.561064720850338361e+01 1.561064720850338361e+01 1.561064720850338361e+01
6.900000000000000000e+01 1.553592028772379052e+01 1.553592028772379052e+01 1.553592028772379052e+01 1.553592028772379052e+01
7.000000000000000000e+01 1.631772683321752737e+01 1.631772683321752737e+01 1.631772683321752737e+01 1.631772683321752737e+01
7.100000000000000000e+01 1.639089733220329492e+01 1.639089733220329492e+01 1.639089733220329492e+01 1.639089733220329492e+01
7.200000000000000000e+01 1.605233827940554292e+01 1.605233827940554292e+01 1.605233827940554292e+01 1.605233827940554292e+01
7.300000000000000000e+01 1.488340581251392081e+01 1.488340581251392081e+01 1.488340581251392081e+01 1.488340581251392081e+01
7.400000000000000000e+01 1.626209161253559188e+01 1.626209161253559188e+01 1.626209161253559188e+01 1.626209161253559188e+01
7.500000000000000000e+01 1.636981588507993024e+01 1.636981588507993024e+01 1.636981588507993024e+01 1.636981588507993024e+01
7.600000000000000000e+01 1.455631169481560150e+01 1.455631169481560150e+01 1.455631169481560150e+01 1.455631169481560150e+01
7.700000000000000000e+01 1.446628626229044201e+01 1.446628626229044201e+01 1.446628626229044201e+01 1.446628626229044201e+01
7.800000000000000000e+01 1.448740840018803411e+01 1.448740840018803411e+01 1.448740840018803411e+01 1.448740840018803411e+01
7.900000000000000000e+01 1.461775951368567661e+01 1.461775951368567661e+01 1.461775951368567661e+01 1.461775951368567661e+01
8.000000000000000000e+01 1.407539559825988817e+01 1.407539559825988817e+01 1.407539559825988817e+01 1.407539559825988817e+01
8.100000000000000000e+01 1.436964113009477195e+01 1.436964113009477195e+01 1.436964113009477195e+01 1.436964113009477195e+01
8.200000000000000000e+01 1.400222813650424669e+01 1.400222813650424669e+01 1.400222813650424669e+01 1.400222813650424669e+01
8.300000000000000000e+01 1.391775865812568647e+01 1.391775865812568647e+01 1.391775865812568647e+01 1.391775865812568647e+01
8.400000000000000000e+01 1.327288756823632276e+01 1.327288756823632276e+01 1.327288756823632276e+01 1.327288756823632276e+01
8.500000000000000000e+01 1.417412944978817180e+01 1.417412944978817180e+01 1.417412944978817180e+01 1.417412944978817180e+01
8.600000000000000000e+01 1.398789056813659748e+01 1.398789056813659748e+01 1.398789056813659748e+01 1.398789056813659748e+01
8.700000000000000000e+01 1.352127407869335229e+01 1.352127407869335229e+01 1.352127407869335229e+01 1.352127407869335229e+01
8.800000000000000000e+01 1.305200014779539508e+01 1.305200014779539508e+01 1.305200014779539508e+01 1.305200014779539508e+01
8.900000000000000000e+01 1.296424927056362897e+01 1.296424927056362897e+01 1.296424927056362897e+01 1.296424927056362897e+01
9.000000000000000000e+01 1.459696701290832443e+01 1.459696701290832443e+01 1.459696701290832443e+01 1.459696701290832443e+01
9.100000000000000000e+01 1.447051806859841605e+01 1.447051806859841605e+01 1.447051806859841605e+01 1.447051806859841605e+01
9.200000000000000000e+01 1.345253886534683296e+01 1.345253886534683296e+01 1.345253886534683296e+01 1.345253886534683296e+01
9.300000000000000000e+01 1.341015783804701478e+01 1.341015783804701478e+01 1.341015783804701478e+01 1.341015783804701478e+01
9.400000000000000000e+01 1.383469041435253111e+01 1.383469041435253111e+01 1.383469041435253111e+01 1.383469041435253111e+01
9.500000000000000000e+01 1.255477613307607143e+01 1.255477613307607143e+01 1.255477613307607143e+01 1.255477613307607143e+01
9.600000000000000000e+01 1.162462780922279038e+01 1.162462780922279038e+01 1.162462780922279038e+01 1.162462780922279038e+01
9.700000000000000000e+01 1.179192974166199548e+01 1.179192974166199548e+01 1.179192974166199548e+01 1.179192974166199548e+01
9.800000000000000000e+01 1.095170441987616350e+01 1.095170441987616350e+01 1.095170441987616350e+01 1.095170441987616350e+01
9.900000000000000000e+01 1.036794548494648538e+01 1.036794548494648538e+01 1.036794548494648538e+01 1.036794548494648538e+01
