0.000000000000000000e+00 2.108492103500516190e+00 2.108492103500516190e+00 2.108492103500516190e+00 2.108492103500516190e+00
1.000000000000000000e+00 4.723942668920790844e+00 4.723942668920790844e+00 4.723942668920790844e+00 4.723942668920790844e+00
2.000000000000000000e+00 2.660584304744116890e-01 2.660584304744116890e-01 2.660584304744116890e-01 2.660584304744116890e-01
3.000000000000000000e+00 4.271739136711488527e+00 4.271739136711488527e+00 4.271739136711488527e+00 4.271739136711488527e+00
4.000000000000000000e+00 3.668530923763409390e+00 3.668530923763409390e+00 3.668530923763409390e+00 3.668530923763409390e+00
5.000000000000000000e+00 8.354079270118714984e-01 8.354079270118714984e-01 8.354079270118714984e-01 8.354079270118714984e-01
6.000000000000000000e+00 -3.220638560630049142e+03 -3.220638560630049142e+03 -3.220638560630049142e+03 -3.220638560630049142e+03
7.000000000000000000e+00 2.889380080722995903e+00 2.889380080722995903e+00 2.889380080722995903e+00 2.889380080722995903e+00
8.000000000000000000e+00 3.444158624033923477e+00 3.444158624033923477e+00 3.444158624033923477e+00 3.444158624033923477e+00
9.000000000000000000e+00 4.912653344895328900e+00 4.912653344895328900e+00 4.912653344895328900e+00 4.912653344895328900e+00
1.000000000000000000e+01 4.039791410416025741e+00 4.039791410416025741e+00 4.039791410416025741e+00 4.039791410416025741e+00
1.100000000000000000e+01 4.884108488470812581e+00 4.884108488470812581e+00 4.884108488470812581e+00 4.884108488470812581e+00
1.200000000000000000e+01 7.889079033754730297e+00 7.889079033754730297e+00 7.889079033754730297e+00 7.889079033754730297e+00
1.300000000000000000e+01 9.683623609946570454e+00 9.683623609946570454e+00 9.683623609946570454e+00 9.683623609946570454e+00
1.400000000000000000e+01 1.137027046890097992e+01 1.137027046890097992e+01 1.137027046890097992e+01 1.137027046890097992e+01
1.500000000000000000e+01 9.377554537620587993e+00 9.377554537620587993e+00 9.377554537620587993e+00 9.377554537620587993e+00
1.600000000000000000e+01 7.261177995184702638e+00 7.261177995184702638e+00 7.261177995184702638e+00 7.261177995184702638e+00
1.700000000000000000e+01 1.043814957168330260e+01 1.043814957168330260e+01 1.043814957168330260e+01 1.043814957168330260e+01
1.800000000000000000e+01 7.591228194899597881e+00 7.591228194899597881e+00 7.591228194899597881e+00 7.591228194899597881e+00
1.900000000000000000e+01 1.143554168690836725e+01 1.143554168690836725e+01 1.143554168690836725e+01 1.143554168690836725e+01
2.000000000000000000e+01 1.120101433218165887e+01 1.120101433218165887e+01 1.120101433218165887e+01 1.120101433218165887e+01
2.100000000000000000e+01 8.582601916702744305e+00 8.582601916702744305e+00 8.582601916702744305e+00 8.582601916702744305e+00
2.200000000000000000e+01 1.288892822095215784e+01 1.288892822095215784e+01 1.288892822095215784e+01 1.288892822095215784e+01
2.300000000000000000e+01 9.194704788287728192e+00 9.194704788287728192e+00 9.194704788287728192e+00 9.194704788287728192e+00
2.400000000000000000e+01 9.946263994553580901e+00 9.946263994553580901e+00 9.946263994553580901e+00 9.946263994553580901e+00
2.500000000000000000e+01 8.385073372472451325e+00 8.385073372472451325e+00 8.385073372472451325e+00 8.385073372472451325e+00
2.600000000000000000e+01 1.293640603029015246e+01 1.293640603029015246e+01 1.293640603029015246e+01 1.293640603029015246e+01
2.700000000000000000e+01 1.437132008160709340e+01 1.437132008160709340e+01 1.437132008160709340e+01 1.437132008160709340e+01
2.800000000000000000e+01 1.596294106736371532e+01 1.596294106736371532e+01 1.596294106736371532e+01 1.596294106736371532e+01
2.900000000000000000e+01 1.103871647691226165e+01 1.103871647691226165e+01 1.103871647691226165e+01 1.103871647691226165e+01
3.000000000000000000e+01 1.543193363022351328e+01 1.543193363022351328e+01 1.543193363022351328e+01 1.543193363022351328e+01
3.100000000000000000e+01 1.602871371138580869e+01 1.602871371138580869e+01 1.602871371138580869e+01 1.602871371138580869e+01
3.200000000000000000e+01 1.386966782596250702e+01 1.386966782596250702e+01 1.386966782596250702e+01 1.386966782596250702e+01
3.300000000000000000e+01 1.394767079756686812e+01 1.394767079756686812e+01 1.394767079756686812e+01 1.394767079756686812e+01
3.400000000000000000e+01 1.638433596343407928e+01 1.638433596343407928e+01 1.638433596343407928e+01 1.638433596343407928e+01
3.500000000000000000e+01 1.376669308008354342e+01 1.376669308008354342e+01 1.376669308008354342e+01 1.376669308008354342e+01
3.600000000000000000e+01 8.581001020652031741e+00 8.581001020652031741e+00 8.581001020652031741e+00 8.581001020652031741e+00
3.700000000000000000e+01 1.290618305955205081e+01 1.290618305955205081e+01 1.290618305955205081e+01 1.290618305955205081e+01
3.800000000000000000e+01 1.561939385484024001e+01 1.561939385484024001e+01 1.561939385484024001e+01 1.561939385484024001e+01
3.900000000000000000e+01 1.474231130092429431e+01 1.474231130092429431e+01 1.474231130092429431e+01 1.474231130092429431e+01
4.000000000000000000e+01 1.455959190992928853e+01 1.455959190992928853e+01 1.455959190992928853e+01 1.455959190992928853e+01
4.100000000000000000e+01 1.288545164452600567e+01 1.288545164452600567e+01 1.288545164452600567e+01 1.288545164452600567e+01
4.200000000000000000e+01 1.660302112969189636e+01 1.660302112969189636e+01 1.660302112969189636e+01 1.660302112969189636e+01
4.300000000000000000e+01 1.616332418796308801e+01 1.616332418796308801e+01 1.616332418796308801e+01 1.616332418796308801e+01
4.400000000000000000e+01 1.249616416038153410e+01 1.249616416038153410e+01 1.249616416038153410e+01 1.249616416038153410e+01
4.500000000000000000e+01 1.243141329444915577e+01 1.243141329444915577e+01 1.243141329444915577e+01 1.243141329444915577e+01
4.600000000000000000e+01 1.328435526435265146e+01 1.328435526435265146e+01 1.328435526435265146e+01 1.328435526435265146e+01
4.700000000000000000e+01 1.424033312128045736e+01 1.424033312128045736e+01 1.424033312128045736e+01 1.424033312128045736e+01
4.800000000000000000e+01 1.278532106434940196e+01 1.278532106434940196e+01 1.278532106434940196e+01 1.278532106434940196e+01
4.900000000000000000e+01 1.123109662905471851e+01 1.123109662905471851e+01 1.123109662905471851e+01 1.123109662905471851e+01
5.000000000000000000e+01 1.329450795503144889e+01 1.329450795503144889e+01 1.329450795503144889e+01 1.329450795503144889e+01
5.100000000000000000e+01 1.255897520132020162e+01 1.255897520132020162e+01 1.255897520132020162e+01 1.255897520132020162e+01
5.200000000000000000e+01 1.311263649964022981e+01 1.311263649964022981e+01 1.311263649964022981e+01 1.311263649964022981e+01
5.300000000000000000e+01 1.634699830161008549e+01 1.634699830161008549e+01 1.634699830161008549e+01 1.634699830161008549e+01
5.400000000000000000e+01 1.606881559867161258e+01 1.606881559867161258e+01 1.606881559867161258e+01 1.606881559867161258e+01
5.500000000000000000e+01 1.214366957215595377e+01 1.214366957215595377e+01 1.214366957215595377e+01 1.214366957215595377e+01
5.600000000000000000e+01 1.915375052245817145e+01 1.915375052245817145e+01 1.915375052245817145e+01 1.915375052245817145e+01
5.700000000000000000e+01 1.997093566562786293e+01 1.997093566562786293e+01 1.997093566562786293e+01 1.997093566562786293e+01
5.800000000000000000e+01 2.220496157167281126e+01 2.220496157167281126e+01 2.220496157167281126e+01 2.220496157167281126e+01
5.900000000000000000e+01 1.845666793231662695e+01 1.845666793231662695e+01 1.845666793231662695e+01 1.845666793231662695e+01
6.000000000000000000e+01 1.459615923590322595e+01 1.459615923590322595e+01 1.459615923590322595e+01 1.459615923590322595e+01
6.100000000000000000e+01 1.179008177989314810e+01 1.179008177989314810e+01 1.179008177989314810e+01 1.179008177989314810e+01
6.200000000000000000e+01 1.344379795691161839e+01 1.344379795691161839e+01 1.344379795691161839e+01 1.344379795691161839e+01
6.300000000000000000e+01 1.206958022119095020e+01 1.206958022119095020e+01 1.206958022119095020e+01 1.206958022119095020e+01
6.400000000000000000e+01 1.148825411318518519e+01 1.148825411318518519e+01 1.148825411318518519e+01 1.148825411318518519e+01
6.500000000000000000e+01 1.099222493446217008e+01 1.099222493446217008e+01 1.099222493446217008e+01 1.099222493446217008e+01
6.600000000000000000e+01 1.407599102698354088e+01 1.407599102698354088e+01 1.407599102698354088e+01 1.407599102698354088e+01
6.700000000000000000e+01 1.660720454207728025e+01 1.660720454207728025e+01 1.660720454207728025e+01 1.660720454207728025e+01
6.800000000000000000e+01 1.238544632514413735e+01 1.238544632514413735e+01 1.238544632514413735e+01 1.238544632514413735e+01
6.900000000000000000e+01 1.569351426779997283e+01 1.569351426779997283e+01 1.569351426779997283e+01 1.569351426779997283e+01
7.000000000000000000e+01 1.400441941852094097e+01 1.400441941852094097e+01 1.400441941852094097e+01 1.400441941852094097e+01
7.100000000000000000e+01 1.176998170459273219e+01 1.176998170459273219e+01 1.176998170459273219e+01 1.176998170459273219e+01
7.200000000000000000e+01 1.303094864777160033e+01 1.303094864777160033e+01 1.303094864777160033e+01 1.303094864777160033e+01
7.300000000000000000e+01 9.599854707521600972e+00 9.599854707521600972e+00 9.599854707521600972e+00 9.599854707521600972e+00
7.400000000000000000e+01 1.366514544602226700e+01 1.366514544602226700e+01 1.366514544602226700e+01 1.366514544602226700e+01
7.500000000000000000e+01 1.474114547320865221e+01 1.474114547320865221e+01 1.474114547320865221e+01 1.474114547320865221e+01
7.600000000000000000e+01 1.768621009916615350e+01 1.768621009916615350e+01 1.768621009916615350e+01 1.768621009916615350e+01
7.700000000000000000e+01 1.115380800741939815e+01 1.115380800741939815e+01 1.115380800741939815e+01 1.115380800741939815e+01
7.800000000000000000e+01 1.633284174959763035e+01 1.633284174959763035e+01 1.633284174959763035e+01 1.633284174959763035e+01
7.900000000000000000e+01 1.407928728312579381e+01 1.407928728312579381e+01 1.407928728312579381e+01 1.407928728312579381e+01
8.000000000000000000e+01 1.333938128643891829e+01 1.333938128643891829e+01 1.333938128643891829e+01 1.333938128643891829e+01
8.100000000000000000e+01 1.275515886312232716e+01 1.275515886312232716e+01 1.275515886312232716e+01 1.275515886312232716e+01
8.200000000000000000e+01 1.265332828791086683e+01 1.265332828791086683e+01 1.265332828791086683e+01 1.265332828791086683e+01
8.300000000000000000e+01 1.122044530467437795e+01 1.122044530467437795e+01 1.122044530467437795e+01 1.122044530467437795e+01
8.400000000000000000e+01 1.172190129546532056e+01 1.172190129546532056e+01 1.172190129546532056e+01 1.172190129546532056e+01
8.500000000000000000e+01 1.489372939430235832e+01 1.489372939430235832e+01 1.489372939430235832e+01 1.489372939430235832e+01
8.600000000000000000e+01 1.309923713200242723e+01 1.309923713200242723e+01 1.309923713200242723e+01 1.309923713200242723e+01
8.700000000000000000e+01 1.479091284337340895e+01 1.479091284337340895e+01 1.479091284337340895e+01 1.479091284337340895e+01
8.800000000000000000e+01 1.524216324601175998e+01 1.524216324601175998e+01 1.524216324601175998e+01 1.524216324601175998e+01
8.900000000000000000e+01 2.039977113771173123e+01 2.039977113771173123e+01 2.039977113771173123e+01 2.039977113771173123e+01
9.000000000000000000e+01 1.948917929454276177e+01 1.948917929454276177e+01 1.948917929454276177e+01 1.948917929454276177e+01
9.100000000000000000e+01 1.531673637089269135e+01 1.531673637089269135e+01 1.531673637089269135e+01 1.531673637089269135e+01
9.200000000000000000e+01 1.712901274685921749e+01 1.712901274685921749e+01 1.712901274685921749e+01 1.712901274685921749e+01
9.300000000000000000e+01 1.409795236721599920e+01 1.409795236721599920e+01 1.409795236721599920e+01 1.409795236721599920e+01
9.400000000000000000e+01 1.326937744800012631e+01 1.326937744800012631e+01 1.326937744800012631e+01 1.326937744800012631e+01
9.500000000000000000e+01 1.626401207454871667e+01 1.626401207454871667e+01 1.626401207454871667e+01 1.626401207454871667e+01
9.600000000000000000e+01 1.818379231411340413e+01 1.818379231411340413e+01 1.818379231411340413e+01 1.818379231411340413e+01
9.700000000000000000e+01 1.676879407383918164e+01 1.676879407383918164e+01 1.676879407383918164e+01 1.676879407383918164e+01
9.800000000000000000e+01 1.960894883568308344e+01 1.960894883568308344e+01 1.960894883568308344e+01 1.960894883568308344e+01
