0.000000000000000000e+00 -1.372040747987667508e+00 -1.372040747987667508e+00 -1.372040747987667508e+00 -1.372040747987667508e+00
1.000000000000000000e+00 -9.966414698749455070e-01 -9.966414698749455070e-01 -9.966414698749455070e-01 -9.966414698749455070e-01
2.000000000000000000e+00 -9.197146013115641283e-01 -9.197146013115641283e-01 -9.197146013115641283e-01 -9.197146013115641283e-01
3.000000000000000000e+00 -7.954386565201037040e-01 -7.954386565201037040e-01 -7.954386565201037040e-01 -7.954386565201037040e-01
4.000000000000000000e+00 -6.812257861385243585e-01 -6.812257861385243585e-01 -6.812257861385243585e-01 -6.812257861385243585e-01
5.000000000000000000e+00 -5.319235914299581536e-01 -5.319235914299581536e-01 -5.319235914299581536e-01 -5.319235914299581536e-01
6.000000000000000000e+00 -2.995358092259140514e-01 -2.995358092259140514e-01 -2.995358092259140514e-01 -2.995358092259140514e-01
7.000000000000000000e+00 -4.011249776467033512e-01 -4.011249776467033512e-01 -4.011249776467033512e-01 -4.011249776467033512e-01
8.000000000000000000e+00 -3.332467505139000141e-01 -3.332467505139000141e-01 -3.332467505139000141e-01 -3.332467505139000141e-01
9.000000000000000000e+00 -2.816722423392887809e-01 -2.816722423392887809e-01 -2.816722423392887809e-01 -2.816722423392887809e-01
1.000000000000000000e+01 -1.766139366462378402e-01 -1.766139366462378402e-01 -1.766139366462378402e-01 -1.766139366462378402e-01
1.100000000000000000e+01 -2.682157595854803289e-01 -2.682157595854803289e-01 -2.682157595854803289e-01 -2.682157595854803289e-01
1.200000000000000000e+01 -1.107072304054557560e-01 -1.107072304054557560e-01 -1.107072304054557560e-01 -1.107072304054557560e-01
1.300000000000000000e+01 -1.218989038491513077e-01 -1.218989038491513077e-01 -1.218989038491513077e-01 -1.218989038491513077e-01
1.400000000000000000e+01 -5.330891514412994941e-02 -5.330891514412994941e-02 -5.330891514412994941e-02 -5.330891514412994941e-02
1.500000000000000000e+01 8.068535815297575922e-03 8.068535815297575922e-03 8.068535815297575922e-03 8.068535815297575922e-03
1.600000000000000000e+01 -8.618917217625940430e-02 -8.618917217625940430e-02 -8.618917217625940430e-02 -8.618917217625940430e-02
1.700000000000000000e+01 2.669191899511999533e-01 2.669191899511999533e-01 2.669191899511999533e-01 2.669191899511999533e-01
1.800000000000000000e+01 1.155704848323519107e-01 1.155704848323519107e-01 1.155704848323519107e-01 1.155704848323519107e-01
1.900000000000000000e+01 -3.476361060267660081e-03 -3.476361060267660081e-03 -3.476361060267660081e-03 -3.476361060267660081e-03
2.000000000000000000e+01 2.767938722398438078e-01 2.767938722398438078e-01 2.767938722398438078e-01 2.767938722398438078e-01
2.100000000000000000e+01 2.241163043878168226e-01 2.241163043878168226e-01 2.241163043878168226e-01 2.241163043878168226e-01
2.200000000000000000e+01 2.689578568489250920e-01 2.689578568489250920e-01 2.689578568489250920e-01 2.689578568489250920e-01
2.300000000000000000e+01 3.312850605924549940e-01 3.312850605924549940e-01 3.312850605924549940e-01 3.312850605924549940e-01
2.400000000000000000e+01 2.791542612819323810e-01 2.791542612819323810e-01 2.791542612819323810e-01 2.791542612819323810e-01
2.500000000000000000e+01 5.778800722280761359e-01 5.778800722280761359e-01 5.778800722280761359e-01 5.778800722280761359e-01
2.600000000000000000e+01 3.453123493492650242e-01 3.453123493492650242e-01 3.453123493492650242e-01 3.453123493492650242e-01
2.700000000000000000e+01 2.932404321633405031e-01 2.932404321633405031e-01 2.932404321633405031e-01 2.932404321633405031e-01
2.800000000000000000e+01 2.032159148313329444e-01 2.032159148313329444e-01 2.032159148313329444e-01 2.032159148313329444e-01
2.900000000000000000e+01 3.534906760693496963e-01 3.534906760693496963e-01 3.534906760693496963e-01 3.534906760693496963e-01
3.000000000000000000e+01 3.107616653331824463e-01 3.107616653331824463e-01 3.107616653331824463e-01 3.107616653331824463e-01
3.100000000000000000e+01 4.560253806659220754e-01 4.560253806659220754e-01 4.560253806659220754e-01 4.560253806659220754e-01
3.200000000000000000e+01 5.591007954216834497e-01 5.591007954216834497e-01 5.591007954216834497e-01 5.591007954216834497e-01
3.300000000000000000e+01 4.535487449805465920e-01 4.535487449805465920e-01 4.535487449805465920e-01 4.535487449805465920e-01
3.400000000000000000e+01 7.553070419186933560e-01 7.553070419186933560e-01 7.553070419186933560e-01 7.553070419186933560e-01
3.500000000000000000e+01 6.839093082290225167e-01 6.839093082290225167e-01 6.839093082290225167e-01 6.839093082290225167e-01
3.600000000000000000e+01 6.266732875614370313e-01 6.266732875614370313e-01 6.266732875614370313e-01 6.266732875614370313e-01
3.700000000000000000e+01 8.718993529772581796e-01 8.718993529772581796e-01 8.718993529772581796e-01 8.718993529772581796e-01
3.800000000000000000e+01 6.010064600790292477e-01 6.010064600790292477e-01 6.010064600790292477e-01 6.010064600790292477e-01
3.900000000000000000e+01 9.374352417794500347e-01 9.374352417794500347e-01 9.374352417794500347e-01 9.374352417794500347e-01
4.000000000000000000e+01 7.647926701000004046e-01 7.647926701000004046e-01 7.647926701000004046e-01 7.647926701000004046e-01
4.100000000000000000e+01 8.298440375608095998e-01 8.298440375608095998e-01 8.298440375608095998e-01 8.298440375608095998e-01
4.200000000000000000e+01 8.994640579804733527e-01 8.994640579804733527e-01 8.994640579804733527e-01 8.994640579804733527e-01
4.300000000000000000e+01 8.688009471747404344e-01 8.688009471747404344e-01 8.688009471747404344e-01 8.688009471747404344e-01
4.400000000000000000e+01 9.559735684332351102e-01 9.559735684332351102e-01 9.559735684332351102e-01 9.559735684332351102e-01
4.500000000000000000e+01 9.821164517116596215e-01 9.821164517116596215e-01 9.821164517116596215e-01 9.821164517116596215e-01
4.600000000000000000e+01 8.544679688667680129e-01 8.544679688667680129e-01 8.544679688667680129e-01 8.544679688667680129e-01
4.700000000000000000e+01 6.536751558152393837e-01 6.536751558152393837e-01 6.536751558152393837e-01 6.536751558152393837e-01
4.800000000000000000e+01 7.054588401670863762e-01 7.054588401670863762e-01 7.054588401670863762e-01 7.054588401670863762e-01
4.900000000000000000e+01 7.611646439374298856e-01 7.611646439374298856e-01 7.611646439374298856e-01 7.611646439374298856e-01
5.000000000000000000e+01 8.225004970702385343e-01 8.225004970702385343e-01 8.225004970702385343e-01 8.225004970702385343e-01
5.100000000000000000e+01 9.582067397819427068e-01 9.582067397819427068e-01 9.582067397819427068e-01 9.582067397819427068e-01
5.200000000000000000e+01 1.006501756217830668e+00 1.006501756217830668e+00 1.006501756217830668e+00 1.006501756217830668e+00
5.300000000000000000e+01 1.114795108097033527e+00 1.114795108097033527e+00 1.114795108097033527e+00 1.114795108097033527e+00
5.400000000000000000e+01 1.051231690987637801e+00 1.051231690987637801e+00 1.051231690987637801e+00 1.051231690987637801e+00
5.500000000000000000e+01 1.169546955033096136e+00 1.169546955033096136e+00 1.169546955033096136e+00 1.169546955033096136e+00
5.600000000000000000e+01 1.157557569988878932e+00 1.157557569988878932e+00 1.157557569988878932e+00 1.157557569988878932e+00
5.700000000000000000e+01 9.997559063331949991e-01 9.997559063331949991e-01 9.997559063331949991e-01 9.997559063331949991e-01
5.800000000000000000e+01 1.131194640720959876e+00 1.131194640720959876e+00 1.131194640720959876e+00 1.131194640720959876e+00
5.900000000000000000e+01 1.011157739947384337e+00 1.011157739947384337e+00 1.011157739947384337e+00 1.011157739947384337e+00
6.000000000000000000e+01 7.377011791955926379e-01 7.377011791955926379e-01 7.377011791955926379e-01 7.377011791955926379e-01
6.100000000000000000e+01 1.226370680218615616e+00 1.226370680218615616e+00 1.226370680218615616e+00 1.226370680218615616e+00
6.200000000000000000e+01 1.073991693724659857e+00 1.073991693724659857e+00 1.073991693724659857e+00 1.073991693724659857e+00
6.300000000000000000e+01 8.336986751610105939e-01 8.336986751610105939e-01 8.336986751610105939e-01 8.336986751610105939e-01
6.400000000000000000e+01 1.152055379293581039e+00 1.152055379293581039e+00 1.152055379293581039e+00 1.152055379293581039e+00
6.500000000000000000e+01 1.082948016379143397e+00 1.082948016379143397e+00 1.082948016379143397e+00 1.082948016379143397e+00
6.600000000000000000e+01 9.405323690837048556e-01 9.405323690837048556e-01 9.405323690837048556e-01 9.405323690837048556e-01
6.700000000000000000e+01 9.912642333100333270e-01 9.912642333100333270e-01 9.912642333100333270e-01 9.912642333100333270e-01
6.800000000000000000e+01 1.043480568988285340e+00 1.043480568988285340e+00 1.043480568988285340e+00 1.043480568988285340e+00
6.900000000000000000e+01 1.105610261715683995e+00 1.105610261715683995e+00 1.105610261715683995e+00 1.105610261715683995e+00
7.000000000000000000e+01 1.247445307414883020e+00 1.247445307414883020e+00 1.247445307414883020e+00 1.247445307414883020e+00
7.100000000000000000e+01 1.326019350283979881e+00 1.326019350283979881e+00 1.326019350283979881e+00 1.326019350283979881e+00
7.200000000000000000e+01 1.419306689642407582e+00 1.419306689642407582e+00 1.419306689642407582e+00 1.419306689642407582e+00
7.300000000000000000e+01 1.347735232162873498e+00 1.347735232162873498e+00 1.347735232162873498e+00 1.347735232162873498e+00
7.400000000000000000e+01 1.382491648584519561e+00 1.382491648584519561e+00 1.382491648584519561e+00 1.382491648584519561e+00
7.500000000000000000e+01 1.250893317929169690e+00 1.250893317929169690e+00 1.250893317929169690e+00 1.250893317929169690e+00
7.600000000000000000e+01 1.313199492196757578e+00 1.313199492196757578e+00 1.313199492196757578e+00 1.313199492196757578e+00
7.700000000000000000e+01 1.153840299973433181e+00 1.153840299973433181e+00 1.153840299973433181e+00 1.153840299973433181e+00
7.800000000000000000e+01 1.093344257214132087e+00 1.093344257214132087e+00 1.093344257214132087e+00 1.093344257214132087e+00
7.900000000000000000e+01 9.873622824223912131e-01 9.873622824223912131e-01 9.873622824223912131e-01 9.873622824223912131e-01
8.000000000000000000e+01 1.036932524299866820e+00 1.036932524299866820e+00 1.036932524299866820e+00 1.036932524299866820e+00
8.100000000000000000e+01 1.004756455765058343e+00 1.004756455765058343e+00 1.004756455765058343e+00 1.004756455765058343e+00
8.200000000000000000e+01 1.199789995085697392e+00 1.199789995085697392e+00 1.199789995085697392e+00 1.199789995085697392e+00
8.300000000000000000e+01 1.129487375407853600e+00 1.129487375407853600e+00 1.129487375407853600e+00 1.129487375407853600e+00
8.400000000000000000e+01 1.236841086251261768e+00 1.236841086251261768e+00 1.236841086251261768e+00 1.236841086251261768e+00
8.500000000000000000e+01 9.830137692342939548e-01 9.830137692342939548e-01 9.830137692342939548e-01 9.830137692342939548e-01
8.600000000000000000e+01 1.347894624681289510e+00 1.347894624681289510e+00 1.347894624681289510e+00 1.347894624681289510e+00
8.700000000000000000e+01 1.025610491829134441e+00 1.025610491829134441e+00 1.025610491829134441e+00 1.025610491829134441e+00
8.800000000000000000e+01 1.280087699281738711e+00 1.280087699281738711e+00 1.280087699281738711e+00 1.280087699281738711e+00
8.900000000000000000e+01 1.265309110328628028e+00 1.265309110328628028e+00 1.265309110328628028e+00 1.265309110328628028e+00
9.000000000000000000e+01 1.442436120220450757e+00 1.442436120220450757e+00 1.442436120220450757e+00 1.442436120220450757e+00
9.100000000000000000e+01 1.449384898887600137e+00 1.449384898887600137e+00 1.449384898887600137e+00 1.449384898887600137e+00
9.200000000000000000e+01 1.588078838959337880e+00 1.588078838959337880e+00 1.588078838959337880e+00 1.588078838959337880e+00
9.300000000000000000e+01 1.416274464311553904e+00 1.416274464311553904e+00 1.416274464311553904e+00 1.416274464311553904e+00
9.400000000000000000e+01 1.459866892753689527e+00 1.459866892753689527e+00 1.459866892753689527e+00 1.459866892753689527e+00
9.500000000000000000e+01 1.379261050743246342e+00 1.379261050743246342e+00 1.379261050743246342e+00 1.379261050743246342e+00
9.600000000000000000e+01 1.248212928481480688e+00 1.248212928481480688e+00 1.248212928481480688e+00 1.248212928481480688e+00
9.700000000000000000e+01 1.159775559725458871e+00 1.159775559725458871e+00 1.159775559725458871e+00 1.159775559725458871e+00
9.800000000000000000e+01 1.100696923605168465e+00 1.100696923605168465e+00 1.100696923605168465e+00 1.100696923605168465e+00
9.900000000000000000e+01 1.011043257246879934e+00 1.011043257246879934e+00 1.011043257246879934e+00 1.011043257246879934e+00
