0.000000000000000000e+00 -4.570577154255384578e+00 -4.570577154255384578e+00 -4.570577154255384578e+00 -4.570577154255384578e+00
1.000000000000000000e+00 -3.938220663778730035e+00 -3.938220663778730035e+00 -3.938220663778730035e+00 -3.938220663778730035e+00
2.000000000000000000e+00 -5.536389692279900743e+00 -5.536389692279900743e+00 -5.536389692279900743e+00 -5.536389692279900743e+00
3.000000000000000000e+00 -4.678912761467981518e+00 -4.678912761467981518e+00 -4.678912761467981518e+00 -4.678912761467981518e+00
4.000000000000000000e+00 -3.950428417425376093e+00 -3.950428417425376093e+00 -3.950428417425376093e+00 -3.950428417425376093e+00
5.000000000000000000e+00 -3.370832204341640104e+00 -3.370832204341640104e+00 -3.370832204341640104e+00 -3.370832204341640104e+00
6.000000000000000000e+00 -3.049939651775006588e+00 -3.049939651775006588e+00 -3.049939651775006588e+00 -3.049939651775006588e+00
7.000000000000000000e+00 -2.704883924389805738e+00 -2.704883924389805738e+00 -2.704883924389805738e+00 -2.704883924389805738e+00
8.000000000000000000e+00 -3.494985579861840552e+00 -3.494985579861840552e+00 -3.494985579861840552e+00 -3.494985579861840552e+00
9.000000000000000000e+00 -3.522759197069968096e+00 -3.522759197069968096e+00 -3.522759197069968096e+00 -3.522759197069968096e+00
1.000000000000000000e+01 -2.569597103080973888e+00 -2.569597103080973888e+00 -2.569597103080973888e+00 -2.569597103080973888e+00
1.100000000000000000e+01 -2.484465234120082577e+00 -2.484465234120082577e+00 -2.484465234120082577e+00 -2.484465234120082577e+00
1.200000000000000000e+01 -2.562609084335047971e+00 -2.562609084335047971e+00 -2.562609084335047971e+00 -2.562609084335047971e+00
1.300000000000000000e+01 -1.630374818396105097e+00 -1.630374818396105097e+00 -1.630374818396105097e+00 -1.630374818396105097e+00
1.400000000000000000e+01 -2.015769053541716982e+00 -2.015769053541716982e+00 -2.015769053541716982e+00 -2.015769053541716982e+00
1.500000000000000000e+01 -1.736369986000732002e+00 -1.736369986000732002e+00 -1.736369986000732002e+00 -1.736369986000732002e+00
1.600000000000000000e+01 -1.395485629670347061e+00 -1.395485629670347061e+00 -1.395485629670347061e+00 -1.395485629670347061e+00
1.700000000000000000e+01 -1.431053655186192985e+00 -1.431053655186192985e+00 -1.431053655186192985e+00 -1.431053655186192985e+00
1.800000000000000000e+01 -2.132524601126823516e+00 -2.132524601126823516e+00 -2.132524601126823516e+00 -2.132524601126823516e+00
1.900000000000000000e+01 -1.902450379580006734e+00 -1.902450379580006734e+00 -1.902450379580006734e+00 -1.902450379580006734e+00
2.000000000000000000e+01 -1.518712450860711716e+00 -1.518712450860711716e+00 -1.518712450860711716e+00 -1.518712450860711716e+00
2.100000000000000000e+01 -1.334067646258020767e+00 -1.334067646258020767e+00 -1.334067646258020767e+00 -1.334067646258020767e+00
2.200000000000000000e+01 -1.905560076915291390e+00 -1.905560076915291390e+00 -1.905560076915291390e+00 -1.905560076915291390e+00
2.300000000000000000e+01 -2.668873698954606244e+00 -2.668873698954606244e+00 -2.668873698954606244e+00 -2.668873698954606244e+00
2.400000000000000000e+01 -1.210911532139920643e+00 -1.210911532139920643e+00 -1.210911532139920643e+00 -1.210911532139920643e+00
2.500000000000000000e+01 -2.065096268406241720e+00 -2.065096268406241720e+00 -2.065096268406241720e+00 -2.065096268406241720e+00
2.600000000000000000e+01 -1.710238561515168731e+00 -1.710238561515168731e+00 -1.710238561515168731e+00 -1.710238561515168731e+00
2.700000000000000000e+01 -1.283597614686266875e+00 -1.283597614686266875e+00 -1.283597614686266875e+00 -1.283597614686266875e+00
2.800000000000000000e+01 -1.920300405609770333e+00 -1.920300405609770333e+00 -1.920300405609770333e+00 -1.920300405609770333e+00
2.900000000000000000e+01 -1.579929259659498264e+00 -1.579929259659498264e+00 -1.579929259659498264e+00 -1.579929259659498264e+00
3.000000000000000000e+01 -1.574680667450349958e+00 -1.574680667450349958e+00 -1.574680667450349958e+00 -1.574680667450349958e+00
3.100000000000000000e+01 -1.633586884365761271e+00 -1.633586884365761271e+00 -1.633586884365761271e+00 -1.633586884365761271e+00
3.200000000000000000e+01 -9.338832943444175250e-01 -9.338832943444175250e-01 -9.338832943444175250e-01 -9.338832943444175250e-01
3.300000000000000000e+01 -1.443503847240852345e+00 -1.443503847240852345e+00 -1.443503847240852345e+00 -1.443503847240852345e+00
3.400000000000000000e+01 -1.787158880422003993e+00 -1.787158880422003993e+00 -1.787158880422003993e+00 -1.787158880422003993e+00
3.500000000000000000e+01 -9.962736401411513842e-01 -9.962736401411513842e-01 -9.962736401411513842e-01 -9.962736401411513842e-01
3.600000000000000000e+01 -1.439375250629627123e+00 -1.439375250629627123e+00 -1.439375250629627123e+00 -1.439375250629627123e+00
3.700000000000000000e+01 -1.243898896613578442e+00 -1.243898896613578442e+00 -1.243898896613578442e+00 -1.243898896613578442e+00
3.800000000000000000e+01 -1.043703205570582382e+00 -1.043703205570582382e+00 -1.043703205570582382e+00 -1.043703205570582382e+00
3.900000000000000000e+01 -1.466741064288311192e+00 -1.466741064288311192e+00 -1.466741064288311192e+00 -1.466741064288311192e+00
4.000000000000000000e+01 -1.496677405222052615e+00 -1.496677405222052615e+00 -1.496677405222052615e+00 -1.496677405222052615e+00
4.100000000000000000e+01 -1.039479081321021514e+00 -1.039479081321021514e+00 -1.039479081321021514e+00 -1.039479081321021514e+00
4.200000000000000000e+01 -1.579803019991963708e+00 -1.579803019991963708e+00 -1.579803019991963708e+00 -1.579803019991963708e+00
4.300000000000000000e+01 -1.260057816912256490e+00 -1.260057816912256490e+00 -1.260057816912256490e+00 -1.260057816912256490e+00
4.400000000000000000e+01 -5.931901588288979177e-01 -5.931901588288979177e-01 -5.931901588288979177e-01 -5.931901588288979177e-01
4.500000000000000000e+01 -1.674230660749105093e+00 -1.674230660749105093e+00 -1.674230660749105093e+00 -1.674230660749105093e+00
4.600000000000000000e+01 -1.154293627364413322e+00 -1.154293627364413322e+00 -1.154293627364413322e+00 -1.154293627364413322e+00
4.700000000000000000e+01 -8.030390175513334450e-01 -8.030390175513334450e-01 -8.030390175513334450e-01 -8.030390175513334450e-01
4.800000000000000000e+01 -1.513950029179764289e+00 -1.513950029179764289e+00 -1.513950029179764289e+00 -1.513950029179764289e+00
4.900000000000000000e+01 -9.440480332191956148e-01 -9.440480332191956148e-01 -9.440480332191956148e-01 -9.440480332191956148e-01
5.000000000000000000e+01 -8.576266168653232658e-01 -8.576266168653232658e-01 -8.576266168653232658e-01 -8.576266168653232658e-01
5.100000000000000000e+01 -8.190542095270911815e-01 -8.190542095270911815e-01 -8.190542095270911815e-01 -8.190542095270911815e-01
5.200000000000000000e+01 -1.468227992123816827e+00 -1.468227992123816827e+00 -1.468227992123816827e+00 -1.468227992123816827e+00
5.300000000000000000e+01 -8.378248909019462287e-01 -8.378248909019462287e-01 -8.378248909019462287e-01 -8.378248909019462287e-01
5.400000000000000000e+01 -9.717496025464639198e-01 -9.717496025464639198e-01 -9.717496025464639198e-01 -9.717496025464639198e-01
5.500000000000000000e+01 -1.344251318497561298e+00 -1.344251318497561298e+00 -1.344251318497561298e+00 -1.344251318497561298e+00
5.600000000000000000e+01 -8.191991497136470457e-01 -8.191991497136470457e-01 -8.191991497136470457e-01 -8.191991497136470457e-01
5.700000000000000000e+01 -1.042221171774109667e+00 -1.042221171774109667e+00 -1.042221171774109667e+00 -1.042221171774109667e+00
5.800000000000000000e+01 -8.748171654379982565e-01 -8.748171654379982565e-01 -8.748171654379982565e-01 -8.748171654379982565e-01
5.900000000000000000e+01 -1.077294204286074919e+00 -1.077294204286074919e+00 -1.077294204286074919e+00 -1.077294204286074919e+00
6.000000000000000000e+01 -1.186083669642141736e+00 -1.186083669642141736e+00 -1.186083669642141736e+00 -1.186083669642141736e+00
6.100000000000000000e+01 -4.724008752185950843e-01 -4.724008752185950843e-01 -4.724008752185950843e-01 -4.724008752185950843e-01
6.200000000000000000e+01 -1.348135603311652941e+00 -1.348135603311652941e+00 -1.348135603311652941e+00 -1.348135603311652941e+00
6.300000000000000000e+01 -1.018158045787290050e-01 -1.018158045787290050e-01 -1.018158045787290050e-01 -1.018158045787290050e-01
6.400000000000000000e+01 -8.369414040980566183e-01 -8.369414040980566183e-01 -8.369414040980566183e-01 -8.369414040980566183e-01
6.500000000000000000e+01 -1.157697726954655337e+00 -1.157697726954655337e+00 -1.157697726954655337e+00 -1.157697726954655337e+00
6.600000000000000000e+01 -5.046583963122226457e-01 -5.046583963122226457e-01 -5.046583963122226457e-01 -5.046583963122226457e-01
6.700000000000000000e+01 -1.229804996894492852e+00 -1.229804996894492852e+00 -1.229804996894492852e+00 -1.229804996894492852e+00
6.800000000000000000e+01 -6.079205010918381502e-01 -6.079205010918381502e-01 -6.079205010918381502e-01 -6.079205010918381502e-01
6.900000000000000000e+01 -1.228844084797394709e+00 -1.228844084797394709e+00 -1.228844084797394709e+00 -1.228844084797394709e+00
7.000000000000000000e+01 -1.654520090094242057e+00 -1.654520090094242057e+00 -1.654520090094242057e+00 -1.654520090094242057e+00
7.100000000000000000e+01 -2.464562546144347444e+00 -2.464562546144347444e+00 -2.464562546144347444e+00 -2.464562546144347444e+00
7.200000000000000000e+01 -3.102656770257194552e+00 -3.102656770257194552e+00 -3.102656770257194552e+00 -3.102656770257194552e+00
7.300000000000000000e+01 -3.670027301631292982e+00 -3.670027301631292982e+00 -3.670027301631292982e+00 -3.670027301631292982e+00
7.400000000000000000e+01 -2.905194926289683455e+00 -2.905194926289683455e+00 -2.905194926289683455e+00 -2.905194926289683455e+00
7.500000000000000000e+01 -1.388052865279821191e+00 -1.388052865279821191e+00 -1.388052865279821191e+00 -1.388052865279821191e+00
7.600000000000000000e+01 -1.564946311145268831e+00 -1.564946311145268831e+00 -1.564946311145268831e+00 -1.564946311145268831e+00
7.700000000000000000e+01 -7.674771647454287082e-01 -7.674771647454287082e-01 -7.674771647454287082e-01 -7.674771647454287082e-01
7.800000000000000000e+01 -3.483745292954059103e-01 -3.483745292954059103e-01 -3.483745292954059103e-01 -3.483745292954059103e-01
7.900000000000000000e+01 -3.180102710265227950e-01 -3.180102710265227950e-01 -3.180102710265227950e-01 -3.180102710265227950e-01
8.000000000000000000e+01 2.650575479301846005e-01 2.650575479301846005e-01 2.650575479301846005e-01 2.650575479301846005e-01
8.100000000000000000e+01 2.228984963197606362e-01 2.228984963197606362e-01 2.228984963197606362e-01 2.228984963197606362e-01
8.200000000000000000e+01 -1.899639968634535270e-01 -1.899639968634535270e-01 -1.899639968634535270e-01 -1.899639968634535270e-01
8.300000000000000000e+01 -1.676635334501661356e+00 -1.676635334501661356e+00 -1.676635334501661356e+00 -1.676635334501661356e+00
8.400000000000000000e+01 -1.844515321011520603e+00 -1.844515321011520603e+00 -1.844515321011520603e+00 -1.844515321011520603e+00
8.500000000000000000e+01 -2.269370139578864354e+00 -2.269370139578864354e+00 -2.269370139578864354e+00 -2.269370139578864354e+00
8.600000000000000000e+01 -3.850676721280864356e+00 -3.850676721280864356e+00 -3.850676721280864356e+00 -3.850676721280864356e+00
8.700000000000000000e+01 -2.975042956901241542e+00 -2.975042956901241542e+00 -2.975042956901241542e+00 -2.975042956901241542e+00
8.800000000000000000e+01 -1.941529649411646519e+00 -1.941529649411646519e+00 -1.941529649411646519e+00 -1.941529649411646519e+00
8.900000000000000000e+01 -8.941417202991795987e-01 -8.941417202991795987e-01 -8.941417202991795987e-01 -8.941417202991795987e-01
9.000000000000000000e+01 -1.111713113088013571e+00 -1.111713113088013571e+00 -1.111713113088013571e+00 -1.111713113088013571e+00
9.100000000000000000e+01 -5.232921685188522964e-01 -5.232921685188522964e-01 -5.232921685188522964e-01 -5.232921685188522964e-01
9.200000000000000000e+01 -4.017202812627644892e-01 -4.017202812627644892e-01 -4.017202812627644892e-01 -4.017202812627644892e-01
9.300000000000000000e+01 -5.698070250730756792e-01 -5.698070250730756792e-01 -5.698070250730756792e-01 -5.698070250730756792e-01
9.400000000000000000e+01 1.233444810938561093e-01 1.233444810938561093e-01 1.233444810938561093e-01 1.233444810938561093e-01
9.500000000000000000e+01 8.584742320637923640e-01 8.584742320637923640e-01 8.584742320637923640e-01 8.584742320637923640e-01
9.600000000000000000e+01 -6.294364405231778030e-03 -6.294364405231778030e-03 -6.294364405231778030e-03 -6.294364405231778030e-03
9.700000000000000000e+01 1.024969075484430912e-02 1.024969075484430912e-02 1.024969075484430912e-02 1.024969075484430912e-02
9.800000000000000000e+01 -1.405097048323613151e+00 -1.405097048323613151e+00 -1.405097048323613151e+00 -1.405097048323613151e+00
