0.000000000000000000e+00 1.577169098255301605e-01 1.577169098255301605e-01 1.577169098255301605e-01 1.577169098255301605e-01
1.000000000000000000e+00 7.220780292218090257e-02 7.220780292218090257e-02 7.220780292218090257e-02 7.220780292218090257e-02
2.000000000000000000e+00 9.101263890462173156e-02 9.101263890462173156e-02 9.101263890462173156e-02 9.101263890462173156e-02
3.000000000000000000e+00 2.970556607937030469e-02 2.970556607937030469e-02 2.970556607937030469e-02 2.970556607937030469e-02
4.000000000000000000e+00 1.258822431010608034e-01 1.258822431010608034e-01 1.258822431010608034e-01 1.258822431010608034e-01
5.000000000000000000e+00 1.906558085129967384e-01 1.906558085129967384e-01 1.906558085129967384e-01 1.906558085129967384e-01
6.000000000000000000e+00 2.276822938737458613e-01 2.276822938737458613e-01 2.276822938737458613e-01 2.276822938737458613e-01
7.000000000000000000e+00 2.724679510673759797e-01 2.724679510673759797e-01 2.724679510673759797e-01 2.724679510673759797e-01
8.000000000000000000e+00 -3.954798154625609186e-02 -3.954798154625609186e-02 -3.954798154625609186e-02 -3.954798154625609186e-02
9.000000000000000000e+00 3.343173233092080476e-01 3.343173233092080476e-01 3.343173233092080476e-01 3.343173233092080476e-01
1.000000000000000000e+01 2.627350814165559933e-01 2.627350814165559933e-01 2.627350814165559933e-01 2.627350814165559933e-01
1.100000000000000000e+01 1.434740159685383987e-01 1.434740159685383987e-01 1.434740159685383987e-01 1.434740159685383987e-01
1.200000000000000000e+01 2.963654898030277374e-01 2.963654898030277374e-01 2.963654898030277374e-01 2.963654898030277374e-01
1.300000000000000000e+01 3.085567451457702504e-01 3.085567451457702504e-01 3.085567451457702504e-01 3.085567451457702504e-01
1.400000000000000000e+01 2.452854177864129404e-01 2.452854177864129404e-01 2.452854177864129404e-01 2.452854177864129404e-01
1.500000000000000000e+01 3.771618972708228879e-01 3.771618972708228879e-01 3.771618972708228879e-01 3.771618972708228879e-01
1.600000000000000000e+01 2.218302958743866848e-01 2.218302958743866848e-01 2.218302958743866848e-01 2.218302958743866848e-01
1.700000000000000000e+01 3.617637599349246003e-01 3.617637599349246003e-01 3.617637599349246003e-01 3.617637599349246003e-01
1.800000000000000000e+01 3.942786323829494122e-01 3.942786323829494122e-01 3.942786323829494122e-01 3.942786323829494122e-01
1.900000000000000000e+01 2.608982337448829680e-01 2.608982337448829680e-01 2.608982337448829680e-01 2.608982337448829680e-01
2.000000000000000000e+01 4.652531251388105638e-01 4.652531251388105638e-01 4.652531251388105638e-01 4.652531251388105638e-01
2.100000000000000000e+01 3.365100786093518370e-01 3.365100786093518370e-01 3.365100786093518370e-01 3.365100786093518370e-01
2.200000000000000000e+01 4.762844260508842797e-01 4.762844260508842797e-01 4.762844260508842797e-01 4.762844260508842797e-01
2.300000000000000000e+01 5.442605747166474606e-01 5.442605747166474606e-01 5.442605747166474606e-01 5.442605747166474606e-01
2.400000000000000000e+01 3.967543470553829832e-01 3.967543470553829832e-01 3.967543470553829832e-01 3.967543470553829832e-01
2.500000000000000000e+01 6.643807901915019798e-01 6.643807901915019798e-01 6.643807901915019798e-01 6.643807901915019798e-01
2.600000000000000000e+01 5.130521479005867302e-01 5.130521479005867302e-01 5.130521479005867302e-01 5.130521479005867302e-01
2.700000000000000000e+01 4.420112031441602030e-01 4.420112031441602030e-01 4.420112031441602030e-01 4.420112031441602030e-01
2.800000000000000000e+01 3.815568573453559376e-01 3.815568573453559376e-01 3.815568573453559376e-01 3.815568573453559376e-01
2.900000000000000000e+01 5.309027834913543353e-01 5.309027834913543353e-01 5.309027834913543353e-01 5.309027834913543353e-01
3.000000000000000000e+01 4.238041883690781830e-01 4.238041883690781830e-01 4.238041883690781830e-01 4.238041883690781830e-01
3.100000000000000000e+01 5.839498939058613836e-01 5.839498939058613836e-01 5.839498939058613836e-01 5.839498939058613836e-01
3.200000000000000000e+01 6.455797409609308479e-01 6.455797409609308479e-01 6.455797409609308479e-01 6.455797409609308479e-01
3.300000000000000000e+01 7.275813446808809815e-01 7.275813446808809815e-01 7.275813446808809815e-01 7.275813446808809815e-01
3.400000000000000000e+01 8.945229963158565223e-01 8.945229963158565223e-01 8.945229963158565223e-01 8.945229963158565223e-01
3.500000000000000000e+01 7.776849097902934771e-01 7.776849097902934771e-01 7.776849097902934771e-01 7.776849097902934771e-01
3.600000000000000000e+01 7.946973846941399744e-01 7.946973846941399744e-01 7.946973846941399744e-01 7.946973846941399744e-01
3.700000000000000000e+01 9.600371475356482831e-01 9.600371475356482831e-01 9.600371475356482831e-01 9.600371475356482831e-01
3.800000000000000000e+01 6.978940671734240597e-01 6.978940671734240597e-01 6.978940671734240597e-01 6.978940671734240597e-01
3.900000000000000000e+01 9.179645341853434060e-01 9.179645341853434060e-01 9.179645341853434060e-01 9.179645341853434060e-01
4.000000000000000000e+01 8.340717178613901162e-01 8.340717178613901162e-01 8.340717178613901162e-01 8.340717178613901162e-01
4.100000000000000000e+01 9.217311433375635632e-01 9.217311433375635632e-01 9.217311433375635632e-01 9.217311433375635632e-01
4.200000000000000000e+01 1.001741437866720430e+00 1.001741437866720430e+00 1.001741437866720430e+00 1.001741437866720430e+00
4.300000000000000000e+01 1.034997697184326215e+00 1.034997697184326215e+00 1.034997697184326215e+00 1.034997697184326215e+00
4.400000000000000000e+01 1.059165477490303431e+00 1.059165477490303431e+00 1.059165477490303431e+00 1.059165477490303431e+00
4.500000000000000000e+01 9.771493960241219856e-01 9.771493960241219856e-01 9.771493960241219856e-01 9.771493960241219856e-01
4.600000000000000000e+01 8.865170669568719353e-01 8.865170669568719353e-01 8.865170669568719353e-01 8.865170669568719353e-01
4.700000000000000000e+01 8.097087775055934467e-01 8.097087775055934467e-01 8.097087775055934467e-01 8.097087775055934467e-01
4.800000000000000000e+01 7.071444973325734518e-01 7.071444973325734518e-01 7.071444973325734518e-01 7.071444973325734518e-01
4.900000000000000000e+01 7.641094940481188980e-01 7.641094940481188980e-01 7.641094940481188980e-01 7.641094940481188980e-01
5.000000000000000000e+01 9.198414974322155491e-01 9.198414974322155491e-01 9.198414974322155491e-01 9.198414974322155491e-01
5.100000000000000000e+01 1.029128507757154143e+00 1.029128507757154143e+00 1.029128507757154143e+00 1.029128507757154143e+00
5.200000000000000000e+01 1.056055492792568939e+00 1.056055492792568939e+00 1.056055492792568939e+00 1.056055492792568939e+00
5.300000000000000000e+01 1.019579400507070632e+00 1.019579400507070632e+00 1.019579400507070632e+00 1.019579400507070632e+00
5.400000000000000000e+01 1.137571011463780923e+00 1.137571011463780923e+00 1.137571011463780923e+00 1.137571011463780923e+00
5.500000000000000000e+01 1.160989827745212644e+00 1.160989827745212644e+00 1.160989827745212644e+00 1.160989827745212644e+00
5.600000000000000000e+01 1.165344439232421481e+00 1.165344439232421481e+00 1.165344439232421481e+00 1.165344439232421481e+00
5.700000000000000000e+01 9.771687609831160026e-01 9.771687609831160026e-01 9.771687609831160026e-01 9.771687609831160026e-01
5.800000000000000000e+01 1.033422826312462295e+00 1.033422826312462295e+00 1.033422826312462295e+00 1.033422826312462295e+00
5.900000000000000000e+01 1.097207485065553767e+00 1.097207485065553767e+00 1.097207485065553767e+00 1.097207485065553767e+00
6.000000000000000000e+01 8.129862980107838144e-01 8.129862980107838144e-01 8.129862980107838144e-01 8.129862980107838144e-01
6.100000000000000000e+01 1.192235018037551608e+00 1.192235018037551608e+00 1.192235018037551608e+00 1.192235018037551608e+00
6.200000000000000000e+01 1.145759203295987572e+00 1.145759203295987572e+00 1.145759203295987572e+00 1.145759203295987572e+00
6.300000000000000000e+01 9.588445311904357782e-01 9.588445311904357782e-01 9.588445311904357782e-01 9.588445311904357782e-01
6.400000000000000000e+01 1.128830164311921624e+00 1.128830164311921624e+00 1.128830164311921624e+00 1.128830164311921624e+00
6.500000000000000000e+01 1.097943878368483839e+00 1.097943878368483839e+00 1.097943878368483839e+00 1.097943878368483839e+00
6.600000000000000000e+01 9.634643805080096435e-01 9.634643805080096435e-01 9.634643805080096435e-01 9.634643805080096435e-01
6.700000000000000000e+01 1.133311619602457521e+00 1.133311619602457521e+00 1.133311619602457521e+00 1.133311619602457521e+00
6.800000000000000000e+01 1.035854687311719813e+00 1.035854687311719813e+00 1.035854687311719813e+00 1.035854687311719813e+00
6.900000000000000000e+01 1.169972138002057793e+00 1.169972138002057793e+00 1.169972138002057793e+00 1.169972138002057793e+00
7.000000000000000000e+01 1.279018701674125902e+00 1.279018701674125902e+00 1.279018701674125902e+00 1.279018701674125902e+00
7.100000000000000000e+01 1.344848505127299809e+00 1.344848505127299809e+00 1.344848505127299809e+00 1.344848505127299809e+00
7.200000000000000000e+01 1.479297621568767873e+00 1.479297621568767873e+00 1.479297621568767873e+00 1.479297621568767873e+00
7.300000000000000000e+01 1.404817066330742659e+00 1.404817066330742659e+00 1.404817066330742659e+00 1.404817066330742659e+00
7.400000000000000000e+01 1.293536685922457075e+00 1.293536685922457075e+00 1.293536685922457075e+00 1.293536685922457075e+00
7.500000000000000000e+01 1.301014406826965786e+00 1.301014406826965786e+00 1.301014406826965786e+00 1.301014406826965786e+00
7.600000000000000000e+01 1.314313559618986549e+00 1.314313559618986549e+00 1.314313559618986549e+00 1.314313559618986549e+00
7.700000000000000000e+01 1.105093821628153172e+00 1.105093821628153172e+00 1.105093821628153172e+00 1.105093821628153172e+00
7.800000000000000000e+01 1.112597221729717534e+00 1.112597221729717534e+00 1.112597221729717534e+00 1.112597221729717534e+00
7.900000000000000000e+01 1.030101770416764317e+00 1.030101770416764317e+00 1.030101770416764317e+00 1.030101770416764317e+00
8.000000000000000000e+01 1.095395164138546429e+00 1.095395164138546429e+00 1.095395164138546429e+00 1.095395164138546429e+00
8.100000000000000000e+01 1.016023427763433906e+00 1.016023427763433906e+00 1.016023427763433906e+00 1.016023427763433906e+00
8.200000000000000000e+01 1.180362770966910224e+00 1.180362770966910224e+00 1.180362770966910224e+00 1.180362770966910224e+00
8.300000000000000000e+01 1.151886046709870604e+00 1.151886046709870604e+00 1.151886046709870604e+00 1.151886046709870604e+00
8.400000000000000000e+01 1.223089881617986041e+00 1.223089881617986041e+00 1.223089881617986041e+00 1.223089881617986041e+00
8.500000000000000000e+01 9.749912395948499011e-01 9.749912395948499011e-01 9.749912395948499011e-01 9.749912395948499011e-01
8.600000000000000000e+01 1.367143753903397263e+00 1.367143753903397263e+00 1.367143753903397263e+00 1.367143753903397263e+00
8.700000000000000000e+01 1.058961448892057344e+00 1.058961448892057344e+00 1.058961448892057344e+00 1.058961448892057344e+00
8.800000000000000000e+01 1.283945644714592937e+00 1.283945644714592937e+00 1.283945644714592937e+00 1.283945644714592937e+00
8.900000000000000000e+01 1.287237196322688515e+00 1.287237196322688515e+00 1.287237196322688515e+00 1.287237196322688515e+00
9.000000000000000000e+01 1.473781085819893200e+00 1.473781085819893200e+00 1.473781085819893200e+00 1.473781085819893200e+00
9.100000000000000000e+01 1.460167475208852261e+00 1.460167475208852261e+00 1.460167475208852261e+00 1.460167475208852261e+00
9.200000000000000000e+01 1.551515322542428077e+00 1.551515322542428077e+00 1.551515322542428077e+00 1.551515322542428077e+00
9.300000000000000000e+01 1.390615406462431203e+00 1.390615406462431203e+00 1.390615406462431203e+00 1.390615406462431203e+00
9.400000000000000000e+01 1.454931164568484148e+00 1.454931164568484148e+00 1.454931164568484148e+00 1.454931164568484148e+00
9.500000000000000000e+01 1.458829364342986157e+00 1.458829364342986157e+00 1.458829364342986157e+00 1.458829364342986157e+00
9.600000000000000000e+01 1.270447214235708167e+00 1.270447214235708167e+00 1.270447214235708167e+00 1.270447214235708167e+00
9.700000000000000000e+01 1.144281034835679778e+00 1.144281034835679778e+00 1.144281034835679778e+00 1.144281034835679778e+00
9.800000000000000000e+01 1.157783194847732844e+00 1.157783194847732844e+00 1.157783194847732844e+00 1.157783194847732844e+00
9.900000000000000000e+01 1.017219403480627449e+00 1.017219403480627449e+00 1.017219403480627449e+00 1.017219403480627449e+00
