0.000000000000000000e+00 9.621996380696991036e-01 9.621996380696991036e-01 9.621996380696991036e-01 9.621996380696991036e-01
1.000000000000000000e+00 9.787450556426308124e-01 9.787450556426308124e-01 9.787450556426308124e-01 9.787450556426308124e-01
2.000000000000000000e+00 8.815261118096529014e-01 8.815261118096529014e-01 8.815261118096529014e-01 8.815261118096529014e-01
3.000000000000000000e+00 1.294384565434241852e+00 1.294384565434241852e+00 1.294384565434241852e+00 1.294384565434241852e+00
4.000000000000000000e+00 1.446996014911433370e+00 1.446996014911433370e+00 1.446996014911433370e+00 1.446996014911433370e+00
5.000000000000000000e+00 1.674417011215623363e+00 1.674417011215623363e+00 1.674417011215623363e+00 1.674417011215623363e+00
6.000000000000000000e+00 1.836692062484835297e+00 1.836692062484835297e+00 1.836692062484835297e+00 1.836692062484835297e+00
7.000000000000000000e+00 2.137702156751388749e+00 2.137702156751388749e+00 2.137702156751388749e+00 2.137702156751388749e+00
8.000000000000000000e+00 2.647048891553041017e+00 2.647048891553041017e+00 2.647048891553041017e+00 2.647048891553041017e+00
9.000000000000000000e+00 2.398036696410568602e+00 2.398036696410568602e+00 2.398036696410568602e+00 2.398036696410568602e+00
1.000000000000000000e+01 2.918423393023780843e+00 2.918423393023780843e+00 2.918423393023780843e+00 2.918423393023780843e+00
1.100000000000000000e+01 3.556716295242351666e+00 3.556716295242351666e+00 3.556716295242351666e+00 3.556716295242351666e+00
1.200000000000000000e+01 3.706629933709608249e+00 3.706629933709608249e+00 3.706629933709608249e+00 3.706629933709608249e+00
1.300000000000000000e+01 3.718965698169409695e+00 3.718965698169409695e+00 3.718965698169409695e+00 3.718965698169409695e+00
1.400000000000000000e+01 3.741921463606050935e+00 3.741921463606050935e+00 3.741921463606050935e+00 3.741921463606050935e+00
1.500000000000000000e+01 4.879272885070010446e+00 4.879272885070010446e+00 4.879272885070010446e+00 4.879272885070010446e+00
1.600000000000000000e+01 4.043333931987667107e+00 4.043333931987667107e+00 4.043333931987667107e+00 4.043333931987667107e+00
1.700000000000000000e+01 4.760363281514283784e+00 4.760363281514283784e+00 4.760363281514283784e+00 4.760363281514283784e+00
1.800000000000000000e+01 4.873501855295267582e+00 4.873501855295267582e+00 4.873501855295267582e+00 4.873501855295267582e+00
1.900000000000000000e+01 4.584908524365260085e+00 4.584908524365260085e+00 4.584908524365260085e+00 4.584908524365260085e+00
2.000000000000000000e+01 5.297624423251474646e+00 5.297624423251474646e+00 5.297624423251474646e+00 5.297624423251474646e+00
2.100000000000000000e+01 5.754412813745786615e+00 5.754412813745786615e+00 5.754412813745786615e+00 5.754412813745786615e+00
2.200000000000000000e+01 5.969478460747732917e+00 5.969478460747732917e+00 5.969478460747732917e+00 5.969478460747732917e+00
2.300000000000000000e+01 6.840551321770838911e+00 6.840551321770838911e+00 6.840551321770838911e+00 6.840551321770838911e+00
2.400000000000000000e+01 7.776782171809307087e+00 7.776782171809307087e+00 7.776782171809307087e+00 7.776782171809307087e+00
2.500000000000000000e+01 8.465598888082128681e+00 8.465598888082128681e+00 8.465598888082128681e+00 8.465598888082128681e+00
2.600000000000000000e+01 9.087730050255807157e+00 9.087730050255807157e+00 9.087730050255807157e+00 9.087730050255807157e+00
2.700000000000000000e+01 8.639936311287829795e+00 8.639936311287829795e+00 8.639936311287829795e+00 8.639936311287829795e+00
2.800000000000000000e+01 9.170182224841550322e+00 9.170182224841550322e+00 9.170182224841550322e+00 9.170182224841550322e+00
2.900000000000000000e+01 8.989592068349027798e+00 8.989592068349027798e+00 8.989592068349027798e+00 8.989592068349027798e+00
3.000000000000000000e+01 9.355478631417852853e+00 9.355478631417852853e+00 9.355478631417852853e+00 9.355478631417852853e+00
3.100000000000000000e+01 9.780115040908524904e+00 9.780115040908524904e+00 9.780115040908524904e+00 9.780115040908524904e+00
3.200000000000000000e+01 1.019643652526920974e+01 1.019643652526920974e+01 1.019643652526920974e+01 1.019643652526920974e+01
3.300000000000000000e+01 1.091278120035906696e+01 1.091278120035906696e+01 1.091278120035906696e+01 1.091278120035906696e+01
3.400000000000000000e+01 1.111524550669222045e+01 1.111524550669222045e+01 1.111524550669222045e+01 1.111524550669222045e+01
3.500000000000000000e+01 1.070989375157213530e+01 1.070989375157213530e+01 1.070989375157213530e+01 1.070989375157213530e+01
3.600000000000000000e+01 1.021640790641029994e+01 1.021640790641029994e+01 1.021640790641029994e+01 1.021640790641029994e+01
3.700000000000000000e+01 9.642119262914230049e+00 9.642119262914230049e+00 9.642119262914230049e+00 9.642119262914230049e+00
3.800000000000000000e+01 9.180887705300586177e+00 9.180887705300586177e+00 9.180887705300586177e+00 9.180887705300586177e+00
3.900000000000000000e+01 8.873605630321893756e+00 8.873605630321893756e+00 8.873605630321893756e+00 8.873605630321893756e+00
4.000000000000000000e+01 8.906413583980006266e+00 8.906413583980006266e+00 8.906413583980006266e+00 8.906413583980006266e+00
4.100000000000000000e+01 1.034720481256202440e+01 1.034720481256202440e+01 1.034720481256202440e+01 1.034720481256202440e+01
4.200000000000000000e+01 9.742580774330450666e+00 9.742580774330450666e+00 9.742580774330450666e+00 9.742580774330450666e+00
4.300000000000000000e+01 1.049216196007329494e+01 1.049216196007329494e+01 1.049216196007329494e+01 1.049216196007329494e+01
4.400000000000000000e+01 1.069755434367679925e+01 1.069755434367679925e+01 1.069755434367679925e+01 1.069755434367679925e+01
4.500000000000000000e+01 1.035387949055551537e+01 1.035387949055551537e+01 1.035387949055551537e+01 1.035387949055551537e+01
4.600000000000000000e+01 1.043618593066914180e+01 1.043618593066914180e+01 1.043618593066914180e+01 1.043618593066914180e+01
4.700000000000000000e+01 9.792362653142017592e+00 9.792362653142017592e+00 9.792362653142017592e+00 9.792362653142017592e+00
4.800000000000000000e+01 1.018670074405401849e+01 1.018670074405401849e+01 1.018670074405401849e+01 1.018670074405401849e+01
4.900000000000000000e+01 9.763134475396411105e+00 9.763134475396411105e+00 9.763134475396411105e+00 9.763134475396411105e+00
5.000000000000000000e+01 1.019736754552212332e+01 1.019736754552212332e+01 1.019736754552212332e+01 1.019736754552212332e+01
5.100000000000000000e+01 1.088493622885519940e+01 1.088493622885519940e+01 1.088493622885519940e+01 1.088493622885519940e+01
5.200000000000000000e+01 1.122571749485326364e+01 1.122571749485326364e+01 1.122571749485326364e+01 1.122571749485326364e+01
5.300000000000000000e+01 1.172267018787385240e+01 1.172267018787385240e+01 1.172267018787385240e+01 1.172267018787385240e+01
5.400000000000000000e+01 1.114798091042381856e+01 1.114798091042381856e+01 1.114798091042381856e+01 1.114798091042381856e+01
5.500000000000000000e+01 1.103787016553367906e+01 1.103787016553367906e+01 1.103787016553367906e+01 1.103787016553367906e+01
5.600000000000000000e+01 1.046405178238642186e+01 1.046405178238642186e+01 1.046405178238642186e+01 1.046405178238642186e+01
5.700000000000000000e+01 9.473001618067678820e+00 9.473001618067678820e+00 9.473001618067678820e+00 9.473001618067678820e+00
5.800000000000000000e+01 9.037128910724669950e+00 9.037128910724669950e+00 9.037128910724669950e+00 9.037128910724669950e+00
5.900000000000000000e+01 8.536668869270885196e+00 8.536668869270885196e+00 8.536668869270885196e+00 8.536668869270885196e+00
6.000000000000000000e+01 8.911554198164608920e+00 8.911554198164608920e+00 8.911554198164608920e+00 8.911554198164608920e+00
6.100000000000000000e+01 9.228315262694719578e+00 9.228315262694719578e+00 9.228315262694719578e+00 9.228315262694719578e+00
6.200000000000000000e+01 9.578463591600039351e+00 9.578463591600039351e+00 9.578463591600039351e+00 9.578463591600039351e+00
6.300000000000000000e+01 1.019451046777036218e+01 1.019451046777036218e+01 1.019451046777036218e+01 1.019451046777036218e+01
6.400000000000000000e+01 1.024153344809852939e+01 1.024153344809852939e+01 1.024153344809852939e+01 1.024153344809852939e+01
6.500000000000000000e+01 1.052451155576864039e+01 1.052451155576864039e+01 1.052451155576864039e+01 1.052451155576864039e+01
6.600000000000000000e+01 9.350427389225091090e+00 9.350427389225091090e+00 9.350427389225091090e+00 9.350427389225091090e+00
6.700000000000000000e+01 9.121431749514671949e+00 9.121431749514671949e+00 9.121431749514671949e+00 9.121431749514671949e+00
6.800000000000000000e+01 8.414932567252375151e+00 8.414932567252375151e+00 8.414932567252375151e+00 8.414932567252375151e+00
6.900000000000000000e+01 7.799580472742225545e+00 7.799580472742225545e+00 7.799580472742225545e+00 7.799580472742225545e+00
7.000000000000000000e+01 8.262623852519249468e+00 8.262623852519249468e+00 8.262623852519249468e+00 8.262623852519249468e+00
7.100000000000000000e+01 8.893890023610147466e+00 8.893890023610147466e+00 8.893890023610147466e+00 8.893890023610147466e+00
7.200000000000000000e+01 9.617838375045925758e+00 9.617838375045925758e+00 9.617838375045925758e+00 9.617838375045925758e+00
7.300000000000000000e+01 9.798078696038256652e+00 9.798078696038256652e+00 9.798078696038256652e+00 9.798078696038256652e+00
7.400000000000000000e+01 1.006579685202289198e+01 1.006579685202289198e+01 1.006579685202289198e+01 1.006579685202289198e+01
7.500000000000000000e+01 9.728727830859924097e+00 9.728727830859924097e+00 9.728727830859924097e+00 9.728727830859924097e+00
7.600000000000000000e+01 8.968352988652876334e+00 8.968352988652876334e+00 8.968352988652876334e+00 8.968352988652876334e+00
7.700000000000000000e+01 8.281841826721636934e+00 8.281841826721636934e+00 8.281841826721636934e+00 8.281841826721636934e+00
7.800000000000000000e+01 7.748274258231972134e+00 7.748274258231972134e+00 7.748274258231972134e+00 7.748274258231972134e+00
7.900000000000000000e+01 7.667319611287277681e+00 7.667319611287277681e+00 7.667319611287277681e+00 7.667319611287277681e+00
8.000000000000000000e+01 8.080454770818377597e+00 8.080454770818377597e+00 8.080454770818377597e+00 8.080454770818377597e+00
8.100000000000000000e+01 8.183796183342902708e+00 8.183796183342902708e+00 8.183796183342902708e+00 8.183796183342902708e+00
8.200000000000000000e+01 8.881631364618817415e+00 8.881631364618817415e+00 8.881631364618817415e+00 8.881631364618817415e+00
8.300000000000000000e+01 8.822722637499254006e+00 8.822722637499254006e+00 8.822722637499254006e+00 8.822722637499254006e+00
8.400000000000000000e+01 8.895594291658243336e+00 8.895594291658243336e+00 8.895594291658243336e+00 8.895594291658243336e+00
8.500000000000000000e+01 8.586827138847271002e+00 8.586827138847271002e+00 8.586827138847271002e+00 8.586827138847271002e+00
8.600000000000000000e+01 8.335850390565381574e+00 8.335850390565381574e+00 8.335850390565381574e+00 8.335850390565381574e+00
8.700000000000000000e+01 8.218479625842428860e+00 8.218479625842428860e+00 8.218479625842428860e+00 8.218479625842428860e+00
8.800000000000000000e+01 7.429675500895404738e+00 7.429675500895404738e+00 7.429675500895404738e+00 7.429675500895404738e+00
8.900000000000000000e+01 8.155027056209771530e+00 8.155027056209771530e+00 8.155027056209771530e+00 8.155027056209771530e+00
9.000000000000000000e+01 8.245867955147126338e+00 8.245867955147126338e+00 8.245867955147126338e+00 8.245867955147126338e+00
9.100000000000000000e+01 8.842641566873483683e+00 8.842641566873483683e+00 8.842641566873483683e+00 8.842641566873483683e+00
9.200000000000000000e+01 9.048347096383723809e+00 9.048347096383723809e+00 9.048347096383723809e+00 9.048347096383723809e+00
9.300000000000000000e+01 8.855710766139701207e+00 8.855710766139701207e+00 8.855710766139701207e+00 8.855710766139701207e+00
9.400000000000000000e+01 9.555075000704546184e+00 9.555075000704546184e+00 9.555075000704546184e+00 9.555075000704546184e+00
9.500000000000000000e+01 8.417175519354849200e+00 8.417175519354849200e+00 8.417175519354849200e+00 8.417175519354849200e+00
9.600000000000000000e+01 8.274467341373094698e+00 8.274467341373094698e+00 8.274467341373094698e+00 8.274467341373094698e+00
9.700000000000000000e+01 7.815746204639872907e+00 7.815746204639872907e+00 7.815746204639872907e+00 7.815746204639872907e+00
9.800000000000000000e+01 7.482550142865567189e+00 7.482550142865567189e+00 7.482550142865567189e+00 7.482550142865567189e+00
9.900000000000000000e+01 7.685252916646685861e+00 7.685252916646685861e+00 7.685252916646685861e+00 7.685252916646685861e+00
