0.000000000000000000e+00 1.815160654109423954e-01 1.815160654109423954e-01 1.815160654109423954e-01 1.815160654109423954e-01
1.000000000000000000e+00 1.390482939449016464e-01 1.390482939449016464e-01 1.390482939449016464e-01 1.390482939449016464e-01
2.000000000000000000e+00 1.575250237857407642e-01 1.575250237857407642e-01 1.575250237857407642e-01 1.575250237857407642e-01
3.000000000000000000e+00 3.785962363294610999e-01 3.785962363294610999e-01 3.785962363294610999e-01 3.785962363294610999e-01
4.000000000000000000e+00 1.436018677411857736e-01 1.436018677411857736e-01 1.436018677411857736e-01 1.436018677411857736e-01
5.000000000000000000e+00 4.108807629609520506e-01 4.108807629609520506e-01 4.108807629609520506e-01 4.108807629609520506e-01
6.000000000000000000e+00 6.416531069014237421e-01 6.416531069014237421e-01 6.416531069014237421e-01 6.416531069014237421e-01
7.000000000000000000e+00 6.113865407941048158e-01 6.113865407941048158e-01 6.113865407941048158e-01 6.113865407941048158e-01
8.000000000000000000e+00 1.379818155289128878e+00 1.379818155289128878e+00 1.379818155289128878e+00 1.379818155289128878e+00
9.000000000000000000e+00 1.324946026428714063e+00 1.324946026428714063e+00 1.324946026428714063e+00 1.324946026428714063e+00
1.000000000000000000e+01 1.488399442623147273e+00 1.488399442623147273e+00 1.488399442623147273e+00 1.488399442623147273e+00
1.100000000000000000e+01 1.733361172688282048e+00 1.733361172688282048e+00 1.733361172688282048e+00 1.733361172688282048e+00
1.200000000000000000e+01 2.014801055554408915e+00 2.014801055554408915e+00 2.014801055554408915e+00 2.014801055554408915e+00
1.300000000000000000e+01 2.109703780784168092e+00 2.109703780784168092e+00 2.109703780784168092e+00 2.109703780784168092e+00
1.400000000000000000e+01 2.097054153259193754e+00 2.097054153259193754e+00 2.097054153259193754e+00 2.097054153259193754e+00
1.500000000000000000e+01 2.122562413472068421e+00 2.122562413472068421e+00 2.122562413472068421e+00 2.122562413472068421e+00
1.600000000000000000e+01 2.372440593037319800e+00 2.372440593037319800e+00 2.372440593037319800e+00 2.372440593037319800e+00
1.700000000000000000e+01 2.220228379453744960e+00 2.220228379453744960e+00 2.220228379453744960e+00 2.220228379453744960e+00
1.800000000000000000e+01 2.333592311292109756e+00 2.333592311292109756e+00 2.333592311292109756e+00 2.333592311292109756e+00
1.900000000000000000e+01 2.446247831940297601e+00 2.446247831940297601e+00 2.446247831940297601e+00 2.446247831940297601e+00
2.000000000000000000e+01 2.425164514973216612e+00 2.425164514973216612e+00 2.425164514973216612e+00 2.425164514973216612e+00
2.100000000000000000e+01 2.527137364921437701e+00 2.527137364921437701e+00 2.527137364921437701e+00 2.527137364921437701e+00
2.200000000000000000e+01 2.594060879411014930e+00 2.594060879411014930e+00 2.594060879411014930e+00 2.594060879411014930e+00
2.300000000000000000e+01 2.821974389293151475e+00 2.821974389293151475e+00 2.821974389293151475e+00 2.821974389293151475e+00
2.400000000000000000e+01 2.642436045909484221e+00 2.642436045909484221e+00 2.642436045909484221e+00 2.642436045909484221e+00
2.500000000000000000e+01 3.072019186964392468e+00 3.072019186964392468e+00 3.072019186964392468e+00 3.072019186964392468e+00
2.600000000000000000e+01 3.060839213637470468e+00 3.060839213637470468e+00 3.060839213637470468e+00 3.060839213637470468e+00
2.700000000000000000e+01 3.988916727011354801e+00 3.988916727011354801e+00 3.988916727011354801e+00 3.988916727011354801e+00
2.800000000000000000e+01 4.023276084447067191e+00 4.023276084447067191e+00 4.023276084447067191e+00 4.023276084447067191e+00
2.900000000000000000e+01 4.448396945647449918e+00 4.448396945647449918e+00 4.448396945647449918e+00 4.448396945647449918e+00
3.000000000000000000e+01 4.806271555916434401e+00 4.806271555916434401e+00 4.806271555916434401e+00 4.806271555916434401e+00
3.100000000000000000e+01 4.911486525660246016e+00 4.911486525660246016e+00 4.911486525660246016e+00 4.911486525660246016e+00
3.200000000000000000e+01 5.175139144249418344e+00 5.175139144249418344e+00 5.175139144249418344e+00 5.175139144249418344e+00
3.300000000000000000e+01 5.041867458699694104e+00 5.041867458699694104e+00 5.041867458699694104e+00 5.041867458699694104e+00
3.400000000000000000e+01 5.168596092045454782e+00 5.168596092045454782e+00 5.168596092045454782e+00 5.168596092045454782e+00
3.500000000000000000e+01 5.274713917017732179e+00 5.274713917017732179e+00 5.274713917017732179e+00 5.274713917017732179e+00
3.600000000000000000e+01 5.090874282324411304e+00 5.090874282324411304e+00 5.090874282324411304e+00 5.090874282324411304e+00
3.700000000000000000e+01 5.151771170448711246e+00 5.151771170448711246e+00 5.151771170448711246e+00 5.151771170448711246e+00
3.800000000000000000e+01 5.140577612901841675e+00 5.140577612901841675e+00 5.140577612901841675e+00 5.140577612901841675e+00
3.900000000000000000e+01 5.188565933545924658e+00 5.188565933545924658e+00 5.188565933545924658e+00 5.188565933545924658e+00
4.000000000000000000e+01 5.133587024319338887e+00 5.133587024319338887e+00 5.133587024319338887e+00 5.133587024319338887e+00
4.100000000000000000e+01 5.331374252914074852e+00 5.331374252914074852e+00 5.331374252914074852e+00 5.331374252914074852e+00
4.200000000000000000e+01 5.402438057542341632e+00 5.402438057542341632e+00 5.402438057542341632e+00 5.402438057542341632e+00
4.300000000000000000e+01 5.569817051366413807e+00 5.569817051366413807e+00 5.569817051366413807e+00 5.569817051366413807e+00
4.400000000000000000e+01 5.626381533726525497e+00 5.626381533726525497e+00 5.626381533726525497e+00 5.626381533726525497e+00
4.500000000000000000e+01 5.786283427059455420e+00 5.786283427059455420e+00 5.786283427059455420e+00 5.786283427059455420e+00
4.600000000000000000e+01 6.045478914488339406e+00 6.045478914488339406e+00 6.045478914488339406e+00 6.045478914488339406e+00
4.700000000000000000e+01 6.240479589064831245e+00 6.240479589064831245e+00 6.240479589064831245e+00 6.240479589064831245e+00
4.800000000000000000e+01 6.485946115631166187e+00 6.485946115631166187e+00 6.485946115631166187e+00 6.485946115631166187e+00
4.900000000000000000e+01 6.823685615532279591e+00 6.823685615532279591e+00 6.823685615532279591e+00 6.823685615532279591e+00
5.000000000000000000e+01 6.919485006994617216e+00 6.919485006994617216e+00 6.919485006994617216e+00 6.919485006994617216e+00
5.100000000000000000e+01 7.119746134003721139e+00 7.119746134003721139e+00 7.119746134003721139e+00 7.119746134003721139e+00
5.200000000000000000e+01 7.205496522806621229e+00 7.205496522806621229e+00 7.205496522806621229e+00 7.205496522806621229e+00
5.300000000000000000e+01 7.237123993269593214e+00 7.237123993269593214e+00 7.237123993269593214e+00 7.237123993269593214e+00
5.400000000000000000e+01 7.244159123518024046e+00 7.244159123518024046e+00 7.244159123518024046e+00 7.244159123518024046e+00
5.500000000000000000e+01 7.130625170743676300e+00 7.130625170743676300e+00 7.130625170743676300e+00 7.130625170743676300e+00
5.600000000000000000e+01 7.016435269769649707e+00 7.016435269769649707e+00 7.016435269769649707e+00 7.016435269769649707e+00
5.700000000000000000e+01 6.874219157652032841e+00 6.874219157652032841e+00 6.874219157652032841e+00 6.874219157652032841e+00
5.800000000000000000e+01 6.639754395791278796e+00 6.639754395791278796e+00 6.639754395791278796e+00 6.639754395791278796e+00
5.900000000000000000e+01 6.703819456190510451e+00 6.703819456190510451e+00 6.703819456190510451e+00 6.703819456190510451e+00
6.000000000000000000e+01 6.548450487238933526e+00 6.548450487238933526e+00 6.548450487238933526e+00 6.548450487238933526e+00
6.100000000000000000e+01 6.688724577728090814e+00 6.688724577728090814e+00 6.688724577728090814e+00 6.688724577728090814e+00
6.200000000000000000e+01 6.865177045576349890e+00 6.865177045576349890e+00 6.865177045576349890e+00 6.865177045576349890e+00
6.300000000000000000e+01 7.020394866804551270e+00 7.020394866804551270e+00 7.020394866804551270e+00 7.020394866804551270e+00
6.400000000000000000e+01 7.175343026674141811e+00 7.175343026674141811e+00 7.175343026674141811e+00 7.175343026674141811e+00
6.500000000000000000e+01 7.268032765228902292e+00 7.268032765228902292e+00 7.268032765228902292e+00 7.268032765228902292e+00
6.600000000000000000e+01 7.350384471875055503e+00 7.350384471875055503e+00 7.350384471875055503e+00 7.350384471875055503e+00
6.700000000000000000e+01 7.741801451519926047e+00 7.741801451519926047e+00 7.741801451519926047e+00 7.741801451519926047e+00
6.800000000000000000e+01 7.622120953964103052e+00 7.622120953964103052e+00 7.622120953964103052e+00 7.622120953964103052e+00
6.900000000000000000e+01 7.658051329352018932e+00 7.658051329352018932e+00 7.658051329352018932e+00 7.658051329352018932e+00
7.000000000000000000e+01 8.315288217602267551e+00 8.315288217602267551e+00 8.315288217602267551e+00 8.315288217602267551e+00
7.100000000000000000e+01 7.772354290937308896e+00 7.772354290937308896e+00 7.772354290937308896e+00 7.772354290937308896e+00
7.200000000000000000e+01 8.197586085164873637e+00 8.197586085164873637e+00 8.197586085164873637e+00 8.197586085164873637e+00
7.300000000000000000e+01 8.198367419943874523e+00 8.198367419943874523e+00 8.198367419943874523e+00 8.198367419943874523e+00
7.400000000000000000e+01 8.022419644326046040e+00 8.022419644326046040e+00 8.022419644326046040e+00 8.022419644326046040e+00
7.500000000000000000e+01 7.623119478560509421e+00 7.623119478560509421e+00 7.623119478560509421e+00 7.623119478560509421e+00
7.600000000000000000e+01 7.208325589026228997e+00 7.208325589026228997e+00 7.208325589026228997e+00 7.208325589026228997e+00
7.700000000000000000e+01 6.916165042471406288e+00 6.916165042471406288e+00 6.916165042471406288e+00 6.916165042471406288e+00
7.800000000000000000e+01 6.691451072121096466e+00 6.691451072121096466e+00 6.691451072121096466e+00 6.691451072121096466e+00
7.900000000000000000e+01 6.210637951471479568e+00 6.210637951471479568e+00 6.210637951471479568e+00 6.210637951471479568e+00
8.000000000000000000e+01 6.400934121277364497e+00 6.400934121277364497e+00 6.400934121277364497e+00 6.400934121277364497e+00
8.100000000000000000e+01 6.341108339642808289e+00 6.341108339642808289e+00 6.341108339642808289e+00 6.341108339642808289e+00
8.200000000000000000e+01 6.033311230265095304e+00 6.033311230265095304e+00 6.033311230265095304e+00 6.033311230265095304e+00
8.300000000000000000e+01 5.931385894699030992e+00 5.931385894699030992e+00 5.931385894699030992e+00 5.931385894699030992e+00
8.400000000000000000e+01 6.006871859311551098e+00 6.006871859311551098e+00 6.006871859311551098e+00 6.006871859311551098e+00
8.500000000000000000e+01 5.827676290184819585e+00 5.827676290184819585e+00 5.827676290184819585e+00 5.827676290184819585e+00
8.600000000000000000e+01 5.712087343690142482e+00 5.712087343690142482e+00 5.712087343690142482e+00 5.712087343690142482e+00
8.700000000000000000e+01 5.930431440842659718e+00 5.930431440842659718e+00 5.930431440842659718e+00 5.930431440842659718e+00
8.800000000000000000e+01 5.316129514548168622e+00 5.316129514548168622e+00 5.316129514548168622e+00 5.316129514548168622e+00
8.900000000000000000e+01 5.504354543326175353e+00 5.504354543326175353e+00 5.504354543326175353e+00 5.504354543326175353e+00
9.000000000000000000e+01 5.540757243547503208e+00 5.540757243547503208e+00 5.540757243547503208e+00 5.540757243547503208e+00
9.100000000000000000e+01 5.716726348314351114e+00 5.716726348314351114e+00 5.716726348314351114e+00 5.716726348314351114e+00
9.200000000000000000e+01 5.840191663389606269e+00 5.840191663389606269e+00 5.840191663389606269e+00 5.840191663389606269e+00
9.300000000000000000e+01 5.757920550740898591e+00 5.757920550740898591e+00 5.757920550740898591e+00 5.757920550740898591e+00
9.400000000000000000e+01 5.827096065090175081e+00 5.827096065090175081e+00 5.827096065090175081e+00 5.827096065090175081e+00
9.500000000000000000e+01 5.431820833990015807e+00 5.431820833990015807e+00 5.431820833990015807e+00 5.431820833990015807e+00
9.600000000000000000e+01 4.746468355664767103e+00 4.746468355664767103e+00 4.746468355664767103e+00 4.746468355664767103e+00
9.700000000000000000e+01 4.446354360718848930e+00 4.446354360718848930e+00 4.446354360718848930e+00 4.446354360718848930e+00
9.800000000000000000e+01 4.110346851570779947e+00 4.110346851570779947e+00 4.110346851570779947e+00 4.110346851570779947e+00
9.900000000000000000e+01 3.724269542908434705e+00 3.724269542908434705e+00 3.724269542908434705e+00 3.724269542908434705e+00
