0.000000000000000000e+00 1.531378851675962771e+00 1.531378851675962771e+00 1.531378851675962771e+00 1.531378851675962771e+00
1.000000000000000000e+00 1.564001899392410744e+00 1.564001899392410744e+00 1.564001899392410744e+00 1.564001899392410744e+00
2.000000000000000000e+00 1.688531327962877526e+00 1.688531327962877526e+00 1.688531327962877526e+00 1.688531327962877526e+00
3.000000000000000000e+00 2.198848710917536753e+00 2.198848710917536753e+00 2.198848710917536753e+00 2.198848710917536753e+00
4.000000000000000000e+00 2.067621798634149410e+00 2.067621798634149410e+00 2.067621798634149410e+00 2.067621798634149410e+00
5.000000000000000000e+00 6.344852969688029587e-01 6.344852969688029587e-01 6.344852969688029587e-01 6.344852969688029587e-01
6.000000000000000000e+00 3.341780806537054116e-01 3.341780806537054116e-01 3.341780806537054116e-01 3.341780806537054116e-01
7.000000000000000000e+00 1.041518877689083244e-01 1.041518877689083244e-01 1.041518877689083244e-01 1.041518877689083244e-01
8.000000000000000000e+00 8.521239315911365020e-02 8.521239315911365020e-02 8.521239315911365020e-02 8.521239315911365020e-02
9.000000000000000000e+00 2.306030510527094235e-01 2.306030510527094235e-01 2.306030510527094235e-01 2.306030510527094235e-01
1.000000000000000000e+01 5.724489327973582009e-01 5.724489327973582009e-01 5.724489327973582009e-01 5.724489327973582009e-01
1.100000000000000000e+01 1.251969134819452600e+00 1.251969134819452600e+00 1.251969134819452600e+00 1.251969134819452600e+00
1.200000000000000000e+01 1.729989904167189563e+00 1.729989904167189563e+00 1.729989904167189563e+00 1.729989904167189563e+00
1.300000000000000000e+01 2.160459644663652590e+00 2.160459644663652590e+00 2.160459644663652590e+00 2.160459644663652590e+00
1.400000000000000000e+01 1.993794688920803138e+00 1.993794688920803138e+00 1.993794688920803138e+00 1.993794688920803138e+00
1.500000000000000000e+01 2.214282646704248680e+00 2.214282646704248680e+00 2.214282646704248680e+00 2.214282646704248680e+00
1.600000000000000000e+01 2.194849892434867833e+00 2.194849892434867833e+00 2.194849892434867833e+00 2.194849892434867833e+00
1.700000000000000000e+01 1.309969141616029731e+00 1.309969141616029731e+00 1.309969141616029731e+00 1.309969141616029731e+00
1.800000000000000000e+01 4.884423688045408385e-01 4.884423688045408385e-01 4.884423688045408385e-01 4.884423688045408385e-01
1.900000000000000000e+01 3.303259907512964832e-01 3.303259907512964832e-01 3.303259907512964832e-01 3.303259907512964832e-01
2.000000000000000000e+01 1.861177564250185712e-01 1.861177564250185712e-01 1.861177564250185712e-01 1.861177564250185712e-01
2.100000000000000000e+01 4.105655736698629044e-01 4.105655736698629044e-01 4.105655736698629044e-01 4.105655736698629044e-01
2.200000000000000000e+01 3.235994250725346966e-01 3.235994250725346966e-01 3.235994250725346966e-01 3.235994250725346966e-01
2.300000000000000000e+01 1.123752704712074557e+00 1.123752704712074557e+00 1.123752704712074557e+00 1.123752704712074557e+00
2.400000000000000000e+01 1.655581002286969694e+00 1.655581002286969694e+00 1.655581002286969694e+00 1.655581002286969694e+00
2.500000000000000000e+01 1.833393760906441905e+00 1.833393760906441905e+00 1.833393760906441905e+00 1.833393760906441905e+00
2.600000000000000000e+01 2.039392013750586763e+00 2.039392013750586763e+00 2.039392013750586763e+00 2.039392013750586763e+00
2.700000000000000000e+01 1.519776409570350317e+00 1.519776409570350317e+00 1.519776409570350317e+00 1.519776409570350317e+00
2.800000000000000000e+01 2.248987553313932075e+00 2.248987553313932075e+00 2.248987553313932075e+00 2.248987553313932075e+00
2.900000000000000000e+01 1.637527513677337287e+00 1.637527513677337287e+00 1.637527513677337287e+00 1.637527513677337287e+00
3.000000000000000000e+01 2.216067572534490715e+00 2.216067572534490715e+00 2.216067572534490715e+00 2.216067572534490715e+00
3.100000000000000000e+01 1.844446721141343781e+00 1.844446721141343781e+00 1.844446721141343781e+00 1.844446721141343781e+00
3.200000000000000000e+01 2.799647829617259998e+00 2.799647829617259998e+00 2.799647829617259998e+00 2.799647829617259998e+00
3.300000000000000000e+01 2.714815440583383754e+00 2.714815440583383754e+00 2.714815440583383754e+00 2.714815440583383754e+00
3.400000000000000000e+01 2.709671590749577863e+00 2.709671590749577863e+00 2.709671590749577863e+00 2.709671590749577863e+00
3.500000000000000000e+01 2.353357910231893779e+00 2.353357910231893779e+00 2.353357910231893779e+00 2.353357910231893779e+00
3.600000000000000000e+01 2.329515846183423555e+00 2.329515846183423555e+00 2.329515846183423555e+00 2.329515846183423555e+00
3.700000000000000000e+01 2.316178664795728537e+00 2.316178664795728537e+00 2.316178664795728537e+00 2.316178664795728537e+00
3.800000000000000000e+01 2.572587184288847695e+00 2.572587184288847695e+00 2.572587184288847695e+00 2.572587184288847695e+00
3.900000000000000000e+01 2.550880219403310445e+00 2.550880219403310445e+00 2.550880219403310445e+00 2.550880219403310445e+00
4.000000000000000000e+01 2.668341026998656051e+00 2.668341026998656051e+00 2.668341026998656051e+00 2.668341026998656051e+00
4.100000000000000000e+01 2.700549238387853546e+00 2.700549238387853546e+00 2.700549238387853546e+00 2.700549238387853546e+00
4.200000000000000000e+01 2.769926276037218749e+00 2.769926276037218749e+00 2.769926276037218749e+00 2.769926276037218749e+00
4.300000000000000000e+01 2.949992305823839089e+00 2.949992305823839089e+00 2.949992305823839089e+00 2.949992305823839089e+00
4.400000000000000000e+01 3.102683558147184328e+00 3.102683558147184328e+00 3.102683558147184328e+00 3.102683558147184328e+00
4.500000000000000000e+01 3.461011139168496786e+00 3.461011139168496786e+00 3.461011139168496786e+00 3.461011139168496786e+00
4.600000000000000000e+01 2.844247823239974604e+00 2.844247823239974604e+00 2.844247823239974604e+00 2.844247823239974604e+00
4.700000000000000000e+01 2.871856329028767973e+00 2.871856329028767973e+00 2.871856329028767973e+00 2.871856329028767973e+00
4.800000000000000000e+01 2.564338959621785818e+00 2.564338959621785818e+00 2.564338959621785818e+00 2.564338959621785818e+00
4.900000000000000000e+01 2.976104271900710696e+00 2.976104271900710696e+00 2.976104271900710696e+00 2.976104271900710696e+00
5.000000000000000000e+01 2.683730430579522430e+00 2.683730430579522430e+00 2.683730430579522430e+00 2.683730430579522430e+00
5.100000000000000000e+01 2.861639446442558743e+00 2.861639446442558743e+00 2.861639446442558743e+00 2.861639446442558743e+00
5.200000000000000000e+01 3.186746383369274849e+00 3.186746383369274849e+00 3.186746383369274849e+00 3.186746383369274849e+00
5.300000000000000000e+01 3.093727039248750810e+00 3.093727039248750810e+00 3.093727039248750810e+00 3.093727039248750810e+00
5.400000000000000000e+01 3.488064948648108121e+00 3.488064948648108121e+00 3.488064948648108121e+00 3.488064948648108121e+00
5.500000000000000000e+01 3.455394204732217034e+00 3.455394204732217034e+00 3.455394204732217034e+00 3.455394204732217034e+00
5.600000000000000000e+01 3.623399331900189591e+00 3.623399331900189591e+00 3.623399331900189591e+00 3.623399331900189591e+00
5.700000000000000000e+01 3.508025688032165856e+00 3.508025688032165856e+00 3.508025688032165856e+00 3.508025688032165856e+00
5.800000000000000000e+01 3.311869151100965691e+00 3.311869151100965691e+00 3.311869151100965691e+00 3.311869151100965691e+00
5.900000000000000000e+01 3.734717497282921794e+00 3.734717497282921794e+00 3.734717497282921794e+00 3.734717497282921794e+00
6.000000000000000000e+01 3.445659622033521163e+00 3.445659622033521163e+00 3.445659622033521163e+00 3.445659622033521163e+00
6.100000000000000000e+01 3.328861647551411451e+00 3.328861647551411451e+00 3.328861647551411451e+00 3.328861647551411451e+00
6.200000000000000000e+01 3.427092618419043113e+00 3.427092618419043113e+00 3.427092618419043113e+00 3.427092618419043113e+00
6.300000000000000000e+01 3.334445510544666647e+00 3.334445510544666647e+00 3.334445510544666647e+00 3.334445510544666647e+00
6.400000000000000000e+01 3.311939956806515095e+00 3.311939956806515095e+00 3.311939956806515095e+00 3.311939956806515095e+00
6.500000000000000000e+01 3.107249123117881151e+00 3.107249123117881151e+00 3.107249123117881151e+00 3.107249123117881151e+00
6.600000000000000000e+01 3.283780706812545969e+00 3.283780706812545969e+00 3.283780706812545969e+00 3.283780706812545969e+00
6.700000000000000000e+01 3.049089561637365442e+00 3.049089561637365442e+00 3.049089561637365442e+00 3.049089561637365442e+00
6.800000000000000000e+01 3.017172307801510467e+00 3.017172307801510467e+00 3.017172307801510467e+00 3.017172307801510467e+00
6.900000000000000000e+01 2.980393868318956585e+00 2.980393868318956585e+00 2.980393868318956585e+00 2.980393868318956585e+00
7.000000000000000000e+01 2.943361222987915138e+00 2.943361222987915138e+00 2.943361222987915138e+00 2.943361222987915138e+00
7.100000000000000000e+01 2.367615377237753282e+00 2.367615377237753282e+00 2.367615377237753282e+00 2.367615377237753282e+00
7.200000000000000000e+01 3.052037842678286594e+00 3.052037842678286594e+00 3.052037842678286594e+00 3.052037842678286594e+00
7.300000000000000000e+01 2.914871829378283152e+00 2.914871829378283152e+00 2.914871829378283152e+00 2.914871829378283152e+00
7.400000000000000000e+01 3.166172258713685128e+00 3.166172258713685128e+00 3.166172258713685128e+00 3.166172258713685128e+00
7.500000000000000000e+01 3.048357198544939806e+00 3.048357198544939806e+00 3.048357198544939806e+00 3.048357198544939806e+00
7.600000000000000000e+01 3.163305481166006405e+00 3.163305481166006405e+00 3.163305481166006405e+00 3.163305481166006405e+00
7.700000000000000000e+01 3.088242004104680305e+00 3.088242004104680305e+00 3.088242004104680305e+00 3.088242004104680305e+00
7.800000000000000000e+01 3.014726991848539761e+00 3.014726991848539761e+00 3.014726991848539761e+00 3.014726991848539761e+00
7.900000000000000000e+01 2.964553061401595357e+00 2.964553061401595357e+00 2.964553061401595357e+00 2.964553061401595357e+00
8.000000000000000000e+01 3.392367315072320810e+00 3.392367315072320810e+00 3.392367315072320810e+00 3.392367315072320810e+00
8.100000000000000000e+01 2.926528660596283249e+00 2.926528660596283249e+00 2.926528660596283249e+00 2.926528660596283249e+00
8.200000000000000000e+01 3.486331253168414079e+00 3.486331253168414079e+00 3.486331253168414079e+00 3.486331253168414079e+00
8.300000000000000000e+01 3.006473341805781185e+00 3.006473341805781185e+00 3.006473341805781185e+00 3.006473341805781185e+00
8.400000000000000000e+01 3.300378546020773296e+00 3.300378546020773296e+00 3.300378546020773296e+00 3.300378546020773296e+00
8.500000000000000000e+01 3.119433778323995821e+00 3.119433778323995821e+00 3.119433778323995821e+00 3.119433778323995821e+00
8.600000000000000000e+01 2.949481325347354410e+00 2.949481325347354410e+00 2.949481325347354410e+00 2.949481325347354410e+00
8.700000000000000000e+01 2.809090449309832760e+00 2.809090449309832760e+00 2.809090449309832760e+00 2.809090449309832760e+00
8.800000000000000000e+01 2.893988471341388813e+00 2.893988471341388813e+00 2.893988471341388813e+00 2.893988471341388813e+00
8.900000000000000000e+01 2.735558781329753941e+00 2.735558781329753941e+00 2.735558781329753941e+00 2.735558781329753941e+00
9.000000000000000000e+01 2.780085144818723375e+00 2.780085144818723375e+00 2.780085144818723375e+00 2.780085144818723375e+00
9.100000000000000000e+01 3.090179796261622869e+00 3.090179796261622869e+00 3.090179796261622869e+00 3.090179796261622869e+00
9.200000000000000000e+01 2.762283685598305283e+00 2.762283685598305283e+00 2.762283685598305283e+00 2.762283685598305283e+00
9.300000000000000000e+01 2.954865814369983745e+00 2.954865814369983745e+00 2.954865814369983745e+00 2.954865814369983745e+00
9.400000000000000000e+01 2.736059721594458427e+00 2.736059721594458427e+00 2.736059721594458427e+00 2.736059721594458427e+00
9.500000000000000000e+01 2.836680435482838547e+00 2.836680435482838547e+00 2.836680435482838547e+00 2.836680435482838547e+00
9.600000000000000000e+01 2.454987506811049602e+00 2.454987506811049602e+00 2.454987506811049602e+00 2.454987506811049602e+00
9.700000000000000000e+01 2.543193541896384691e+00 2.543193541896384691e+00 2.543193541896384691e+00 2.543193541896384691e+00
9.800000000000000000e+01 2.272900893320444649e+00 2.272900893320444649e+00 2.272900893320444649e+00 2.272900893320444649e+00
