0.000000000000000000e+00 1.800067694062445767e-01 1.800067694062445767e-01 1.800067694062445767e-01 1.800067694062445767e-01
1.000000000000000000e+00 2.289684054119346390e-01 2.289684054119346390e-01 2.289684054119346390e-01 2.289684054119346390e-01
2.000000000000000000e+00 2.563653267857680662e-01 2.563653267857680662e-01 2.563653267857680662e-01 2.563653267857680662e-01
3.000000000000000000e+00 2.304412154751238895e-01 2.304412154751238895e-01 2.304412154751238895e-01 2.304412154751238895e-01
4.000000000000000000e+00 3.364346905318945091e-01 3.364346905318945091e-01 3.364346905318945091e-01 3.364346905318945091e-01
5.000000000000000000e+00 2.097203007755605031e-01 2.097203007755605031e-01 2.097203007755605031e-01 2.097203007755605031e-01
6.000000000000000000e+00 3.024238932218213938e-01 3.024238932218213938e-01 3.024238932218213938e-01 3.024238932218213938e-01
7.000000000000000000e+00 2.686484282186080708e-01 2.686484282186080708e-01 2.686484282186080708e-01 2.686484282186080708e-01
8.000000000000000000e+00 2.873766340510618966e-01 2.873766340510618966e-01 2.873766340510618966e-01 2.873766340510618966e-01
9.000000000000000000e+00 2.773741081478526271e-01 2.773741081478526271e-01 2.773741081478526271e-01 2.773741081478526271e-01
1.000000000000000000e+01 2.563913294774422535e-01 2.563913294774422535e-01 2.563913294774422535e-01 2.563913294774422535e-01
1.100000000000000000e+01 2.661219652714434392e-01 2.661219652714434392e-01 2.661219652714434392e-01 2.661219652714434392e-01
1.200000000000000000e+01 2.609038266535741446e-01 2.609038266535741446e-01 2.609038266535741446e-01 2.609038266535741446e-01
1.300000000000000000e+01 2.760648792283090791e-01 2.760648792283090791e-01 2.760648792283090791e-01 2.760648792283090791e-01
1.400000000000000000e+01 3.243553889150221914e-01 3.243553889150221914e-01 3.243553889150221914e-01 3.243553889150221914e-01
1.500000000000000000e+01 2.822597643920426447e-01 2.822597643920426447e-01 2.822597643920426447e-01 2.822597643920426447e-01
1.600000000000000000e+01 2.963554969852226773e-01 2.963554969852226773e-01 2.963554969852226773e-01 2.963554969852226773e-01
1.700000000000000000e+01 3.420464310069949443e-01 3.420464310069949443e-01 3.420464310069949443e-01 3.420464310069949443e-01
1.800000000000000000e+01 3.561873130765062512e-01 3.561873130765062512e-01 3.561873130765062512e-01 3.561873130765062512e-01
1.900000000000000000e+01 3.802782449422945077e-01 3.802782449422945077e-01 3.802782449422945077e-01 3.802782449422945077e-01
2.000000000000000000e+01 4.478859876894172865e-01 4.478859876894172865e-01 4.478859876894172865e-01 4.478859876894172865e-01
2.100000000000000000e+01 4.488755945730709129e-01 4.488755945730709129e-01 4.488755945730709129e-01 4.488755945730709129e-01
2.200000000000000000e+01 5.513586727573235313e-01 5.513586727573235313e-01 5.513586727573235313e-01 5.513586727573235313e-01
2.300000000000000000e+01 5.184605037880664069e-01 5.184605037880664069e-01 5.184605037880664069e-01 5.184605037880664069e-01
2.400000000000000000e+01 5.488086906927793773e-01 5.488086906927793773e-01 5.488086906927793773e-01 5.488086906927793773e-01
2.500000000000000000e+01 5.052389930650192928e-01 5.052389930650192928e-01 5.052389930650192928e-01 5.052389930650192928e-01
2.600000000000000000e+01 5.443023138399094574e-01 5.443023138399094574e-01 5.443023138399094574e-01 5.443023138399094574e-01
2.700000000000000000e+01 4.670461016638079998e-01 4.670461016638079998e-01 4.670461016638079998e-01 4.670461016638079998e-01
2.800000000000000000e+01 4.843291062957372217e-01 4.843291062957372217e-01 4.843291062957372217e-01 4.843291062957372217e-01
2.900000000000000000e+01 4.769850188018717740e-01 4.769850188018717740e-01 4.769850188018717740e-01 4.769850188018717740e-01
3.000000000000000000e+01 4.201106541067597400e-01 4.201106541067597400e-01 4.201106541067597400e-01 4.201106541067597400e-01
3.100000000000000000e+01 4.233410898092655472e-01 4.233410898092655472e-01 4.233410898092655472e-01 4.233410898092655472e-01
3.200000000000000000e+01 4.145325714290006291e-01 4.145325714290006291e-01 4.145325714290006291e-01 4.145325714290006291e-01
3.300000000000000000e+01 4.560240322232497201e-01 4.560240322232497201e-01 4.560240322232497201e-01 4.560240322232497201e-01
3.400000000000000000e+01 4.170765903075807080e-01 4.170765903075807080e-01 4.170765903075807080e-01 4.170765903075807080e-01
3.500000000000000000e+01 4.140926338570933840e-01 4.140926338570933840e-01 4.140926338570933840e-01 4.140926338570933840e-01
3.600000000000000000e+01 4.553755884660469211e-01 4.553755884660469211e-01 4.553755884660469211e-01 4.553755884660469211e-01
3.700000000000000000e+01 4.895425323160614295e-01 4.895425323160614295e-01 4.895425323160614295e-01 4.895425323160614295e-01
3.800000000000000000e+01 5.150548976705491278e-01 5.150548976705491278e-01 5.150548976705491278e-01 5.150548976705491278e-01
3.900000000000000000e+01 5.523392371158963865e-01 5.523392371158963865e-01 5.523392371158963865e-01 5.523392371158963865e-01
4.000000000000000000e+01 6.338815111732239993e-01 6.338815111732239993e-01 6.338815111732239993e-01 6.338815111732239993e-01
4.100000000000000000e+01 7.358340918630636995e-01 7.358340918630636995e-01 7.358340918630636995e-01 7.358340918630636995e-01
4.200000000000000000e+01 7.516780808049650098e-01 7.516780808049650098e-01 7.516780808049650098e-01 7.516780808049650098e-01
4.300000000000000000e+01 8.276484049116518138e-01 8.276484049116518138e-01 8.276484049116518138e-01 8.276484049116518138e-01
4.400000000000000000e+01 8.054975153169172675e-01 8.054975153169172675e-01 8.054975153169172675e-01 8.054975153169172675e-01
4.500000000000000000e+01 7.349762201521953253e-01 7.349762201521953253e-01 7.349762201521953253e-01 7.349762201521953253e-01
4.600000000000000000e+01 6.694000535217792258e-01 6.694000535217792258e-01 6.694000535217792258e-01 6.694000535217792258e-01
4.700000000000000000e+01 5.920793219861946177e-01 5.920793219861946177e-01 5.920793219861946177e-01 5.920793219861946177e-01
4.800000000000000000e+01 5.406647730653668660e-01 5.406647730653668660e-01 5.406647730653668660e-01 5.406647730653668660e-01
4.900000000000000000e+01 5.379986505908230798e-01 5.379986505908230798e-01 5.379986505908230798e-01 5.379986505908230798e-01
5.000000000000000000e+01 5.785621412901716942e-01 5.785621412901716942e-01 5.785621412901716942e-01 5.785621412901716942e-01
5.100000000000000000e+01 5.237677784312755325e-01 5.237677784312755325e-01 5.237677784312755325e-01 5.237677784312755325e-01
5.200000000000000000e+01 5.835823147187575444e-01 5.835823147187575444e-01 5.835823147187575444e-01 5.835823147187575444e-01
5.300000000000000000e+01 5.978257032417497729e-01 5.978257032417497729e-01 5.978257032417497729e-01 5.978257032417497729e-01
5.400000000000000000e+01 6.341368668827402910e-01 6.341368668827402910e-01 6.341368668827402910e-01 6.341368668827402910e-01
5.500000000000000000e+01 7.374890115515306821e-01 7.374890115515306821e-01 7.374890115515306821e-01 7.374890115515306821e-01
5.600000000000000000e+01 6.726628631239229827e-01 6.726628631239229827e-01 6.726628631239229827e-01 6.726628631239229827e-01
5.700000000000000000e+01 7.132073880519289588e-01 7.132073880519289588e-01 7.132073880519289588e-01 7.132073880519289588e-01
5.800000000000000000e+01 6.561709035479788010e-01 6.561709035479788010e-01 6.561709035479788010e-01 6.561709035479788010e-01
5.900000000000000000e+01 7.125835352080998053e-01 7.125835352080998053e-01 7.125835352080998053e-01 7.125835352080998053e-01
6.000000000000000000e+01 7.716341832004006696e-01 7.716341832004006696e-01 7.716341832004006696e-01 7.716341832004006696e-01
6.100000000000000000e+01 8.552823012262510405e-01 8.552823012262510405e-01 8.552823012262510405e-01 8.552823012262510405e-01
6.200000000000000000e+01 9.510219649942395215e-01 9.510219649942395215e-01 9.510219649942395215e-01 9.510219649942395215e-01
6.300000000000000000e+01 1.034369307474011235e+00 1.034369307474011235e+00 1.034369307474011235e+00 1.034369307474011235e+00
6.400000000000000000e+01 1.072037806799660542e+00 1.072037806799660542e+00 1.072037806799660542e+00 1.072037806799660542e+00
6.500000000000000000e+01 1.069156484264183415e+00 1.069156484264183415e+00 1.069156484264183415e+00 1.069156484264183415e+00
6.600000000000000000e+01 1.046708675635004804e+00 1.046708675635004804e+00 1.046708675635004804e+00 1.046708675635004804e+00
6.700000000000000000e+01 9.154142395906683660e-01 9.154142395906683660e-01 9.154142395906683660e-01 9.154142395906683660e-01
6.800000000000000000e+01 8.787674272639891537e-01 8.787674272639891537e-01 8.787674272639891537e-01 8.787674272639891537e-01
6.900000000000000000e+01 7.697632087472726647e-01 7.697632087472726647e-01 7.697632087472726647e-01 7.697632087472726647e-01
7.000000000000000000e+01 7.051746807815848506e-01 7.051746807815848506e-01 7.051746807815848506e-01 7.051746807815848506e-01
7.100000000000000000e+01 6.602235154734422684e-01 6.602235154734422684e-01 6.602235154734422684e-01 6.602235154734422684e-01
7.200000000000000000e+01 6.938243866147855154e-01 6.938243866147855154e-01 6.938243866147855154e-01 6.938243866147855154e-01
7.300000000000000000e+01 7.144928305961986137e-01 7.144928305961986137e-01 7.144928305961986137e-01 7.144928305961986137e-01
7.400000000000000000e+01 7.645241472539673344e-01 7.645241472539673344e-01 7.645241472539673344e-01 7.645241472539673344e-01
7.500000000000000000e+01 7.926232612588615112e-01 7.926232612588615112e-01 7.926232612588615112e-01 7.926232612588615112e-01
7.600000000000000000e+01 8.789963792517052621e-01 8.789963792517052621e-01 8.789963792517052621e-01 8.789963792517052621e-01
7.700000000000000000e+01 8.356239682340282915e-01 8.356239682340282915e-01 8.356239682340282915e-01 8.356239682340282915e-01
7.800000000000000000e+01 8.248157999772103288e-01 8.248157999772103288e-01 8.248157999772103288e-01 8.248157999772103288e-01
7.900000000000000000e+01 7.571808216776722000e-01 7.571808216776722000e-01 7.571808216776722000e-01 7.571808216776722000e-01
8.000000000000000000e+01 8.874689509878188609e-01 8.874689509878188609e-01 8.874689509878188609e-01 8.874689509878188609e-01
8.100000000000000000e+01 7.225842895715240966e-01 7.225842895715240966e-01 7.225842895715240966e-01 7.225842895715240966e-01
8.200000000000000000e+01 8.612001387312628875e-01 8.612001387312628875e-01 8.612001387312628875e-01 8.612001387312628875e-01
8.300000000000000000e+01 9.722264645582676668e-01 9.722264645582676668e-01 9.722264645582676668e-01 9.722264645582676668e-01
8.400000000000000000e+01 8.839708210129403332e-01 8.839708210129403332e-01 8.839708210129403332e-01 8.839708210129403332e-01
8.500000000000000000e+01 9.876020204747786302e-01 9.876020204747786302e-01 9.876020204747786302e-01 9.876020204747786302e-01
8.600000000000000000e+01 9.551887853297132969e-01 9.551887853297132969e-01 9.551887853297132969e-01 9.551887853297132969e-01
8.700000000000000000e+01 8.065832741486810287e-01 8.065832741486810287e-01 8.065832741486810287e-01 8.065832741486810287e-01
8.800000000000000000e+01 7.826417125117797191e-01 7.826417125117797191e-01 7.826417125117797191e-01 7.826417125117797191e-01
8.900000000000000000e+01 7.297804737114098605e-01 7.297804737114098605e-01 7.297804737114098605e-01 7.297804737114098605e-01
9.000000000000000000e+01 5.842883684218859175e-01 5.842883684218859175e-01 5.842883684218859175e-01 5.842883684218859175e-01
9.100000000000000000e+01 5.867808863343473291e-01 5.867808863343473291e-01 5.867808863343473291e-01 5.867808863343473291e-01
9.200000000000000000e+01 5.761443055237702726e-01 5.761443055237702726e-01 5.761443055237702726e-01 5.761443055237702726e-01
9.300000000000000000e+01 6.178053373662476533e-01 6.178053373662476533e-01 6.178053373662476533e-01 6.178053373662476533e-01
9.400000000000000000e+01 6.751061018707917860e-01 6.751061018707917860e-01 6.751061018707917860e-01 6.751061018707917860e-01
9.500000000000000000e+01 7.224063413902477304e-01 7.224063413902477304e-01 7.224063413902477304e-01 7.224063413902477304e-01
9.600000000000000000e+01 7.769754758367081182e-01 7.769754758367081182e-01 7.769754758367081182e-01 7.769754758367081182e-01
9.700000000000000000e+01 8.069264315372770557e-01 8.069264315372770557e-01 8.069264315372770557e-01 8.069264315372770557e-01
9.800000000000000000e+01 6.829323674021791080e-01 6.829323674021791080e-01 6.829323674021791080e-01 6.829323674021791080e-01
9.900000000000000000e+01 8.194704687068750104e-01 8.194704687068750104e-01 8.194704687068750104e-01 8.194704687068750104e-01
