Delays Time-delay1 Time-delay2 Time-delay3 Time-delay4
0.000000000000000000e+00 -1.023033392979840972e+00 -1.023033392979840972e+00 -1.023033392979840972e+00 -1.023033392979840972e+00
1.000000000000000000e+00 -7.967379783769188428e-01 -7.967379783769188428e-01 -7.967379783769188428e-01 -7.967379783769188428e-01
2.000000000000000000e+00 -6.597690417574025856e-01 -6.597690417574025856e-01 -6.597690417574025856e-01 -6.597690417574025856e-01
3.000000000000000000e+00 -5.668046301424427558e-01 -5.668046301424427558e-01 -5.668046301424427558e-01 -5.668046301424427558e-01
4.000000000000000000e+00 -4.379734307058341658e-01 -4.379734307058341658e-01 -4.379734307058341658e-01 -4.379734307058341658e-01
5.000000000000000000e+00 -2.548860436448971978e-01 -2.548860436448971978e-01 -2.548860436448971978e-01 -2.548860436448971978e-01
6.000000000000000000e+00 -2.234299800368583222e-01 -2.234299800368583222e-01 -2.234299800368583222e-01 -2.234299800368583222e-01
7.000000000000000000e+00 -3.164011461114439594e-02 -3.164011461114439594e-02 -3.164011461114439594e-02 -3.164011461114439594e-02
8.000000000000000000e+00 1.033707928120705943e-01 1.033707928120705943e-01 1.033707928120705943e-01 1.033707928120705943e-01
9.000000000000000000e+00 2.209798681539505150e-01 2.209798681539505150e-01 2.209798681539505150e-01 2.209798681539505150e-01
1.000000000000000000e+01 6.318351340747722922e-02 6.318351340747722922e-02 6.318351340747722922e-02 6.318351340747722922e-02
1.100000000000000000e+01 1.957890195862889704e-01 1.957890195862889704e-01 1.957890195862889704e-01 1.957890195862889704e-01
1.200000000000000000e+01 4.640544822353029897e-01 4.640544822353029897e-01 4.640544822353029897e-01 4.640544822353029897e-01
1.300000000000000000e+01 4.383428446240758558e-01 4.383428446240758558e-01 4.383428446240758558e-01 4.383428446240758558e-01
1.400000000000000000e+01 4.559618189282469425e-01 4.559618189282469425e-01 4.559618189282469425e-01 4.559618189282469425e-01
1.500000000000000000e+01 5.805576351696498660e-01 5.805576351696498660e-01 5.805576351696498660e-01 5.805576351696498660e-01
1.600000000000000000e+01 6.891600550202467979e-01 6.891600550202467979e-01 6.891600550202467979e-01 6.891600550202467979e-01
1.700000000000000000e+01 6.807391242889491156e-01 6.807391242889491156e-01 6.807391242889491156e-01 6.807391242889491156e-01
1.800000000000000000e+01 6.520683554683081029e-01 6.520683554683081029e-01 6.520683554683081029e-01 6.520683554683081029e-01
1.900000000000000000e+01 6.223459053963590337e-01 6.223459053963590337e-01 6.223459053963590337e-01 6.223459053963590337e-01
2.000000000000000000e+01 5.365756953660397732e-01 5.365756953660397732e-01 5.365756953660397732e-01 5.365756953660397732e-01
2.100000000000000000e+01 6.734527866928071704e-01 6.734527866928071704e-01 6.734527866928071704e-01 6.734527866928071704e-01
2.200000000000000000e+01 4.876347250015396484e-01 4.876347250015396484e-01 4.876347250015396484e-01 4.876347250015396484e-01
2.300000000000000000e+01 3.922933300813382651e-01 3.922933300813382651e-01 3.922933300813382651e-01 3.922933300813382651e-01
2.400000000000000000e+01 6.927223265780554362e-01 6.927223265780554362e-01 6.927223265780554362e-01 6.927223265780554362e-01
2.500000000000000000e+01 5.937067758361461722e-01 5.937067758361461722e-01 5.937067758361461722e-01 5.937067758361461722e-01
2.600000000000000000e+01 6.096708865282310930e-01 6.096708865282310930e-01 6.096708865282310930e-01 6.096708865282310930e-01
2.700000000000000000e+01 5.893609349601889313e-01 5.893609349601889313e-01 5.893609349601889313e-01 5.893609349601889313e-01
2.800000000000000000e+01 9.544155488917214214e-01 9.544155488917214214e-01 9.544155488917214214e-01 9.544155488917214214e-01
2.900000000000000000e+01 8.644321063867356214e-01 8.644321063867356214e-01 8.644321063867356214e-01 8.644321063867356214e-01
3.000000000000000000e+01 1.042548713066589139e+00 1.042548713066589139e+00 1.042548713066589139e+00 1.042548713066589139e+00
3.100000000000000000e+01 1.089510697856418409e+00 1.089510697856418409e+00 1.089510697856418409e+00 1.089510697856418409e+00
3.200000000000000000e+01 1.377176234693274326e+00 1.377176234693274326e+00 1.377176234693274326e+00 1.377176234693274326e+00
3.300000000000000000e+01 1.133552055550120397e+00 1.133552055550120397e+00 1.133552055550120397e+00 1.133552055550120397e+00
3.400000000000000000e+01 1.040530150181260716e+00 1.040530150181260716e+00 1.040530150181260716e+00 1.040530150181260716e+00
3.500000000000000000e+01 8.250290792798007367e-01 8.250290792798007367e-01 8.250290792798007367e-01 8.250290792798007367e-01
3.600000000000000000e+01 5.913162834531497936e-01 5.913162834531497936e-01 5.913162834531497936e-01 5.913162834531497936e-01
3.700000000000000000e+01 7.073297665048301486e-01 7.073297665048301486e-01 7.073297665048301486e-01 7.073297665048301486e-01
3.800000000000000000e+01 7.263176283140206912e-01 7.263176283140206912e-01 7.263176283140206912e-01 7.263176283140206912e-01
3.900000000000000000e+01 8.356562658412123312e-01 8.356562658412123312e-01 8.356562658412123312e-01 8.356562658412123312e-01
4.000000000000000000e+01 9.896437030695556247e-01 9.896437030695556247e-01 9.896437030695556247e-01 9.896437030695556247e-01
4.100000000000000000e+01 9.183898724965584570e-01 9.183898724965584570e-01 9.183898724965584570e-01 9.183898724965584570e-01
4.200000000000000000e+01 8.482382322024853982e-01 8.482382322024853982e-01 8.482382322024853982e-01 8.482382322024853982e-01
4.300000000000000000e+01 8.998983686463000176e-01 8.998983686463000176e-01 8.998983686463000176e-01 8.998983686463000176e-01
4.400000000000000000e+01 9.012383620027166753e-01 9.012383620027166753e-01 9.012383620027166753e-01 9.012383620027166753e-01
4.500000000000000000e+01 8.555156259291911702e-01 8.555156259291911702e-01 8.555156259291911702e-01 8.555156259291911702e-01
4.600000000000000000e+01 8.656214414258660561e-01 8.656214414258660561e-01 8.656214414258660561e-01 8.656214414258660561e-01
4.700000000000000000e+01 1.281156380188199995e+00 1.281156380188199995e+00 1.281156380188199995e+00 1.281156380188199995e+00
4.800000000000000000e+01 1.251946943512445065e+00 1.251946943512445065e+00 1.251946943512445065e+00 1.251946943512445065e+00
4.900000000000000000e+01 1.462460531606597502e+00 1.462460531606597502e+00 1.462460531606597502e+00 1.462460531606597502e+00
5.000000000000000000e+01 1.655660962491966925e+00 1.655660962491966925e+00 1.655660962491966925e+00 1.655660962491966925e+00
5.100000000000000000e+01 1.554563336616948899e+00 1.554563336616948899e+00 1.554563336616948899e+00 1.554563336616948899e+00
5.200000000000000000e+01 1.382968040985637970e+00 1.382968040985637970e+00 1.382968040985637970e+00 1.382968040985637970e+00
5.300000000000000000e+01 1.343649357245920495e+00 1.343649357245920495e+00 1.343649357245920495e+00 1.343649357245920495e+00
5.400000000000000000e+01 1.467970498942980706e+00 1.467970498942980706e+00 1.467970498942980706e+00 1.467970498942980706e+00
5.500000000000000000e+01 1.308744184588206405e+00 1.308744184588206405e+00 1.308744184588206405e+00 1.308744184588206405e+00
5.600000000000000000e+01 1.457829185664857086e+00 1.457829185664857086e+00 1.457829185664857086e+00 1.457829185664857086e+00
5.700000000000000000e+01 1.569967472520282126e+00 1.569967472520282126e+00 1.569967472520282126e+00 1.569967472520282126e+00
5.800000000000000000e+01 1.616266264495330285e+00 1.616266264495330285e+00 1.616266264495330285e+00 1.616266264495330285e+00
5.900000000000000000e+01 1.764447886962612122e+00 1.764447886962612122e+00 1.764447886962612122e+00 1.764447886962612122e+00
6.000000000000000000e+01 1.768158292285054722e+00 1.768158292285054722e+00 1.768158292285054722e+00 1.768158292285054722e+00
6.100000000000000000e+01 1.621453702855933043e+00 1.621453702855933043e+00 1.621453702855933043e+00 1.621453702855933043e+00
6.200000000000000000e+01 1.691659990936748681e+00 1.691659990936748681e+00 1.691659990936748681e+00 1.691659990936748681e+00
6.300000000000000000e+01 1.462537966287437374e+00 1.462537966287437374e+00 1.462537966287437374e+00 1.462537966287437374e+00
6.400000000000000000e+01 1.469380238873853717e+00 1.469380238873853717e+00 1.469380238873853717e+00 1.469380238873853717e+00
6.500000000000000000e+01 1.449572498585985469e+00 1.449572498585985469e+00 1.449572498585985469e+00 1.449572498585985469e+00
6.600000000000000000e+01 1.376056645965700653e+00 1.376056645965700653e+00 1.376056645965700653e+00 1.376056645965700653e+00
6.700000000000000000e+01 1.660748106701921634e+00 1.660748106701921634e+00 1.660748106701921634e+00 1.660748106701921634e+00
6.800000000000000000e+01 1.655354452681624844e+00 1.655354452681624844e+00 1.655354452681624844e+00 1.655354452681624844e+00
6.900000000000000000e+01 1.789344923182918601e+00 1.789344923182918601e+00 1.789344923182918601e+00 1.789344923182918601e+00
7.000000000000000000e+01 1.817334506510453362e+00 1.817334506510453362e+00 1.817334506510453362e+00 1.817334506510453362e+00
7.100000000000000000e+01 1.585699426867238859e+00 1.585699426867238859e+00 1.585699426867238859e+00 1.585699426867238859e+00
7.200000000000000000e+01 1.608781659664691999e+00 1.608781659664691999e+00 1.608781659664691999e+00 1.608781659664691999e+00
7.300000000000000000e+01 1.358094331049877868e+00 1.358094331049877868e+00 1.358094331049877868e+00 1.358094331049877868e+00
7.400000000000000000e+01 1.491981328204087021e+00 1.491981328204087021e+00 1.491981328204087021e+00 1.491981328204087021e+00
7.500000000000000000e+01 1.113104696532432936e+00 1.113104696532432936e+00 1.113104696532432936e+00 1.113104696532432936e+00
7.600000000000000000e+01 1.332767154054244285e+00 1.332767154054244285e+00 1.332767154054244285e+00 1.332767154054244285e+00
7.700000000000000000e+01 1.383450874819838194e+00 1.383450874819838194e+00 1.383450874819838194e+00 1.383450874819838194e+00
7.800000000000000000e+01 1.529839920187399782e+00 1.529839920187399782e+00 1.529839920187399782e+00 1.529839920187399782e+00
7.900000000000000000e+01 1.593149335307377568e+00 1.593149335307377568e+00 1.593149335307377568e+00 1.593149335307377568e+00
8.000000000000000000e+01 1.344162276843523740e+00 1.344162276843523740e+00 1.344162276843523740e+00 1.344162276843523740e+00
8.100000000000000000e+01 1.437888419909187476e+00 1.437888419909187476e+00 1.437888419909187476e+00 1.437888419909187476e+00
8.200000000000000000e+01 1.263412698703217485e+00 1.263412698703217485e+00 1.263412698703217485e+00 1.263412698703217485e+00
8.300000000000000000e+01 1.297916532908445442e+00 1.297916532908445442e+00 1.297916532908445442e+00 1.297916532908445442e+00
8.400000000000000000e+01 1.191858564162509238e+00 1.191858564162509238e+00 1.191858564162509238e+00 1.191858564162509238e+00
8.500000000000000000e+01 1.113435533164049973e+00 1.113435533164049973e+00 1.113435533164049973e+00 1.113435533164049973e+00
8.600000000000000000e+01 1.161697120753718782e+00 1.161697120753718782e+00 1.161697120753718782e+00 1.161697120753718782e+00
8.700000000000000000e+01 1.405951741217456696e+00 1.405951741217456696e+00 1.405951741217456696e+00 1.405951741217456696e+00
8.800000000000000000e+01 1.442179459585031021e+00 1.442179459585031021e+00 1.442179459585031021e+00 1.442179459585031021e+00
8.900000000000000000e+01 1.492984513337652031e+00 1.492984513337652031e+00 1.492984513337652031e+00 1.492984513337652031e+00
9.000000000000000000e+01 1.841955118490067544e+00 1.841955118490067544e+00 1.841955118490067544e+00 1.841955118490067544e+00
9.100000000000000000e+01 1.534114658754554439e+00 1.534114658754554439e+00 1.534114658754554439e+00 1.534114658754554439e+00
9.200000000000000000e+01 1.723660029829733098e+00 1.723660029829733098e+00 1.723660029829733098e+00 1.723660029829733098e+00
9.300000000000000000e+01 1.403356755003807743e+00 1.403356755003807743e+00 1.403356755003807743e+00 1.403356755003807743e+00
9.400000000000000000e+01 1.469384793191971461e+00 1.469384793191971461e+00 1.469384793191971461e+00 1.469384793191971461e+00
9.500000000000000000e+01 1.511980535909183798e+00 1.511980535909183798e+00 1.511980535909183798e+00 1.511980535909183798e+00
9.600000000000000000e+01 1.369326857253685858e+00 1.369326857253685858e+00 1.369326857253685858e+00 1.369326857253685858e+00
9.700000000000000000e+01 1.291414809846788581e+00 1.291414809846788581e+00 1.291414809846788581e+00 1.291414809846788581e+00
9.800000000000000000e+01 1.520297044611955917e+00 1.520297044611955917e+00 1.520297044611955917e+00 1.520297044611955917e+00
