0.000000000000000000e+00 -2.003127075948649694e+00 -2.003127075948649694e+00 -2.003127075948649694e+00 -2.003127075948649694e+00
1.000000000000000000e+00 -1.325587100877435365e+00 -1.325587100877435365e+00 -1.325587100877435365e+00 -1.325587100877435365e+00
2.000000000000000000e+00 -1.107893495449193466e+00 -1.107893495449193466e+00 -1.107893495449193466e+00 -1.107893495449193466e+00
3.000000000000000000e+00 -8.102475782963685091e-01 -8.102475782963685091e-01 -8.102475782963685091e-01 -8.102475782963685091e-01
4.000000000000000000e+00 -6.174002464317472905e-01 -6.174002464317472905e-01 -6.174002464317472905e-01 -6.174002464317472905e-01
5.000000000000000000e+00 -2.023457060570743871e-01 -2.023457060570743871e-01 -2.023457060570743871e-01 -2.023457060570743871e-01
6.000000000000000000e+00 3.030946168178550240e-02 3.030946168178550240e-02 3.030946168178550240e-02 3.030946168178550240e-02
7.000000000000000000e+00 -2.309023287981436801e-01 -2.309023287981436801e-01 -2.309023287981436801e-01 -2.309023287981436801e-01
8.000000000000000000e+00 -6.179254278728000876e-04 -6.179254278728000876e-04 -6.179254278728000876e-04 -6.179254278728000876e-04
9.000000000000000000e+00 1.312519407728111320e-01 1.312519407728111320e-01 1.312519407728111320e-01 1.312519407728111320e-01
1.000000000000000000e+01 3.997961297735973529e-01 3.997961297735973529e-01 3.997961297735973529e-01 3.997961297735973529e-01
1.100000000000000000e+01 5.950387666748047089e-01 5.950387666748047089e-01 5.950387666748047089e-01 5.950387666748047089e-01
1.200000000000000000e+01 6.486904562050540557e-01 6.486904562050540557e-01 6.486904562050540557e-01 6.486904562050540557e-01
1.300000000000000000e+01 8.833803280237334521e-01 8.833803280237334521e-01 8.833803280237334521e-01 8.833803280237334521e-01
1.400000000000000000e+01 6.299603431485623073e-01 6.299603431485623073e-01 6.299603431485623073e-01 6.299603431485623073e-01
1.500000000000000000e+01 7.148458206469344711e-01 7.148458206469344711e-01 7.148458206469344711e-01 7.148458206469344711e-01
1.600000000000000000e+01 4.850880307536089564e-01 4.850880307536089564e-01 4.850880307536089564e-01 4.850880307536089564e-01
1.700000000000000000e+01 6.278022068482999075e-03 6.278022068482999075e-03 6.278022068482999075e-03 6.278022068482999075e-03
1.800000000000000000e+01 3.678769908288271467e-02 3.678769908288271467e-02 3.678769908288271467e-02 3.678769908288271467e-02
1.900000000000000000e+01 3.195186913800034390e-01 3.195186913800034390e-01 3.195186913800034390e-01 3.195186913800034390e-01
2.000000000000000000e+01 5.464482831694139620e-01 5.464482831694139620e-01 5.464482831694139620e-01 5.464482831694139620e-01
2.100000000000000000e+01 7.035238608019305229e-01 7.035238608019305229e-01 7.035238608019305229e-01 7.035238608019305229e-01
2.200000000000000000e+01 1.055761452881127216e+00 1.055761452881127216e+00 1.055761452881127216e+00 1.055761452881127216e+00
2.300000000000000000e+01 1.009420716138647256e+00 1.009420716138647256e+00 1.009420716138647256e+00 1.009420716138647256e+00
2.400000000000000000e+01 1.107312922151588497e+00 1.107312922151588497e+00 1.107312922151588497e+00 1.107312922151588497e+00
2.500000000000000000e+01 1.202658591463388715e+00 1.202658591463388715e+00 1.202658591463388715e+00 1.202658591463388715e+00
2.600000000000000000e+01 1.238944019142022679e+00 1.238944019142022679e+00 1.238944019142022679e+00 1.238944019142022679e+00
2.700000000000000000e+01 1.453301500308360472e+00 1.453301500308360472e+00 1.453301500308360472e+00 1.453301500308360472e+00
2.800000000000000000e+01 1.625916225776056656e+00 1.625916225776056656e+00 1.625916225776056656e+00 1.625916225776056656e+00
2.900000000000000000e+01 1.697215647416002726e+00 1.697215647416002726e+00 1.697215647416002726e+00 1.697215647416002726e+00
3.000000000000000000e+01 2.003725840958569648e+00 2.003725840958569648e+00 2.003725840958569648e+00 2.003725840958569648e+00
3.100000000000000000e+01 1.719550751734292504e+00 1.719550751734292504e+00 1.719550751734292504e+00 1.719550751734292504e+00
3.200000000000000000e+01 2.001817184066072564e+00 2.001817184066072564e+00 2.001817184066072564e+00 2.001817184066072564e+00
3.300000000000000000e+01 1.949988203850442581e+00 1.949988203850442581e+00 1.949988203850442581e+00 1.949988203850442581e+00
3.400000000000000000e+01 1.314529497601477415e+00 1.314529497601477415e+00 1.314529497601477415e+00 1.314529497601477415e+00
3.500000000000000000e+01 1.532761256536878003e+00 1.532761256536878003e+00 1.532761256536878003e+00 1.532761256536878003e+00
3.600000000000000000e+01 1.508425129904434669e+00 1.508425129904434669e+00 1.508425129904434669e+00 1.508425129904434669e+00
3.700000000000000000e+01 1.646210675655480626e+00 1.646210675655480626e+00 1.646210675655480626e+00 1.646210675655480626e+00
3.800000000000000000e+01 1.607613533364584013e+00 1.607613533364584013e+00 1.607613533364584013e+00 1.607613533364584013e+00
3.900000000000000000e+01 1.725117557812090974e+00 1.725117557812090974e+00 1.725117557812090974e+00 1.725117557812090974e+00
4.000000000000000000e+01 1.730048745613261385e+00 1.730048745613261385e+00 1.730048745613261385e+00 1.730048745613261385e+00
4.100000000000000000e+01 1.903750481204160572e+00 1.903750481204160572e+00 1.903750481204160572e+00 1.903750481204160572e+00
4.200000000000000000e+01 1.932934376835099721e+00 1.932934376835099721e+00 1.932934376835099721e+00 1.932934376835099721e+00
4.300000000000000000e+01 2.240717272987718278e+00 2.240717272987718278e+00 2.240717272987718278e+00 2.240717272987718278e+00
4.400000000000000000e+01 2.462147897011335296e+00 2.462147897011335296e+00 2.462147897011335296e+00 2.462147897011335296e+00
4.500000000000000000e+01 2.188731779530289856e+00 2.188731779530289856e+00 2.188731779530289856e+00 2.188731779530289856e+00
4.600000000000000000e+01 2.418396597226831979e+00 2.418396597226831979e+00 2.418396597226831979e+00 2.418396597226831979e+00
4.700000000000000000e+01 3.175253072824117062e+00 3.175253072824117062e+00 3.175253072824117062e+00 3.175253072824117062e+00
4.800000000000000000e+01 2.931915316048173903e+00 2.931915316048173903e+00 2.931915316048173903e+00 2.931915316048173903e+00
4.900000000000000000e+01 3.004087933572138880e+00 3.004087933572138880e+00 3.004087933572138880e+00 3.004087933572138880e+00
5.000000000000000000e+01 2.495369376670101058e+00 2.495369376670101058e+00 2.495369376670101058e+00 2.495369376670101058e+00
5.100000000000000000e+01 2.693981313409233636e+00 2.693981313409233636e+00 2.693981313409233636e+00 2.693981313409233636e+00
5.200000000000000000e+01 2.831015475467122400e+00 2.831015475467122400e+00 2.831015475467122400e+00 2.831015475467122400e+00
5.300000000000000000e+01 2.485642649456789144e+00 2.485642649456789144e+00 2.485642649456789144e+00 2.485642649456789144e+00
5.400000000000000000e+01 2.289892402613100675e+00 2.289892402613100675e+00 2.289892402613100675e+00 2.289892402613100675e+00
5.500000000000000000e+01 2.785587890875826034e+00 2.785587890875826034e+00 2.785587890875826034e+00 2.785587890875826034e+00
5.600000000000000000e+01 2.764506938550549631e+00 2.764506938550549631e+00 2.764506938550549631e+00 2.764506938550549631e+00
5.700000000000000000e+01 3.053057262628974478e+00 3.053057262628974478e+00 3.053057262628974478e+00 3.053057262628974478e+00
5.800000000000000000e+01 3.188631099707746053e+00 3.188631099707746053e+00 3.188631099707746053e+00 3.188631099707746053e+00
5.900000000000000000e+01 3.124073786702274980e+00 3.124073786702274980e+00 3.124073786702274980e+00 3.124073786702274980e+00
6.000000000000000000e+01 3.264782825687741141e+00 3.264782825687741141e+00 3.264782825687741141e+00 3.264782825687741141e+00
6.100000000000000000e+01 3.390949928075388975e+00 3.390949928075388975e+00 3.390949928075388975e+00 3.390949928075388975e+00
6.200000000000000000e+01 3.391796562270599669e+00 3.391796562270599669e+00 3.391796562270599669e+00 3.391796562270599669e+00
6.300000000000000000e+01 3.412992611629790840e+00 3.412992611629790840e+00 3.412992611629790840e+00 3.412992611629790840e+00
6.400000000000000000e+01 3.547701523778869159e+00 3.547701523778869159e+00 3.547701523778869159e+00 3.547701523778869159e+00
6.500000000000000000e+01 3.521251480046631688e+00 3.521251480046631688e+00 3.521251480046631688e+00 3.521251480046631688e+00
6.600000000000000000e+01 3.630733156717683041e+00 3.630733156717683041e+00 3.630733156717683041e+00 3.630733156717683041e+00
6.700000000000000000e+01 4.088831638673143587e+00 4.088831638673143587e+00 4.088831638673143587e+00 4.088831638673143587e+00
6.800000000000000000e+01 3.765014022275479544e+00 3.765014022275479544e+00 3.765014022275479544e+00 3.765014022275479544e+00
6.900000000000000000e+01 3.958380149548660576e+00 3.958380149548660576e+00 3.958380149548660576e+00 3.958380149548660576e+00
7.000000000000000000e+01 3.960920975328464877e+00 3.960920975328464877e+00 3.960920975328464877e+00 3.960920975328464877e+00
7.100000000000000000e+01 3.344625918860292479e+00 3.344625918860292479e+00 3.344625918860292479e+00 3.344625918860292479e+00
7.200000000000000000e+01 3.494245443215945546e+00 3.494245443215945546e+00 3.494245443215945546e+00 3.494245443215945546e+00
7.300000000000000000e+01 3.563724768346189009e+00 3.563724768346189009e+00 3.563724768346189009e+00 3.563724768346189009e+00
7.400000000000000000e+01 3.534418141762639465e+00 3.534418141762639465e+00 3.534418141762639465e+00 3.534418141762639465e+00
7.500000000000000000e+01 3.801665104533305417e+00 3.801665104533305417e+00 3.801665104533305417e+00 3.801665104533305417e+00
7.600000000000000000e+01 3.711640950747710388e+00 3.711640950747710388e+00 3.711640950747710388e+00 3.711640950747710388e+00
7.700000000000000000e+01 3.616962474676814754e+00 3.616962474676814754e+00 3.616962474676814754e+00 3.616962474676814754e+00
7.800000000000000000e+01 3.744171106142800021e+00 3.744171106142800021e+00 3.744171106142800021e+00 3.744171106142800021e+00
7.900000000000000000e+01 3.686599014557968790e+00 3.686599014557968790e+00 3.686599014557968790e+00 3.686599014557968790e+00
8.000000000000000000e+01 3.665949781285005482e+00 3.665949781285005482e+00 3.665949781285005482e+00 3.665949781285005482e+00
8.100000000000000000e+01 3.780288646169434053e+00 3.780288646169434053e+00 3.780288646169434053e+00 3.780288646169434053e+00
8.200000000000000000e+01 3.566346177306111365e+00 3.566346177306111365e+00 3.566346177306111365e+00 3.566346177306111365e+00
8.300000000000000000e+01 3.263153417907139975e+00 3.263153417907139975e+00 3.263153417907139975e+00 3.263153417907139975e+00
8.400000000000000000e+01 3.222199132669206101e+00 3.222199132669206101e+00 3.222199132669206101e+00 3.222199132669206101e+00
8.500000000000000000e+01 2.798117956432296882e+00 2.798117956432296882e+00 2.798117956432296882e+00 2.798117956432296882e+00
8.600000000000000000e+01 2.899276086396741725e+00 2.899276086396741725e+00 2.899276086396741725e+00 2.899276086396741725e+00
8.700000000000000000e+01 3.322418142405193731e+00 3.322418142405193731e+00 3.322418142405193731e+00 3.322418142405193731e+00
8.800000000000000000e+01 3.269903522439142396e+00 3.269903522439142396e+00 3.269903522439142396e+00 3.269903522439142396e+00
8.900000000000000000e+01 3.109203054100672770e+00 3.109203054100672770e+00 3.109203054100672770e+00 3.109203054100672770e+00
9.000000000000000000e+01 3.504015106515209421e+00 3.504015106515209421e+00 3.504015106515209421e+00 3.504015106515209421e+00
9.100000000000000000e+01 3.559205548950302500e+00 3.559205548950302500e+00 3.559205548950302500e+00 3.559205548950302500e+00
9.200000000000000000e+01 3.815772035293185649e+00 3.815772035293185649e+00 3.815772035293185649e+00 3.815772035293185649e+00
9.300000000000000000e+01 4.264234412652504247e+00 4.264234412652504247e+00 4.264234412652504247e+00 4.264234412652504247e+00
9.400000000000000000e+01 4.144423207544419618e+00 4.144423207544419618e+00 4.144423207544419618e+00 4.144423207544419618e+00
9.500000000000000000e+01 4.274007821983978772e+00 4.274007821983978772e+00 4.274007821983978772e+00 4.274007821983978772e+00
9.600000000000000000e+01 4.283822786861849252e+00 4.283822786861849252e+00 4.283822786861849252e+00 4.283822786861849252e+00
9.700000000000000000e+01 3.886172264774049090e+00 3.886172264774049090e+00 3.886172264774049090e+00 3.886172264774049090e+00
9.800000000000000000e+01 3.781266983505732426e+00 3.781266983505732426e+00 3.781266983505732426e+00 3.781266983505732426e+00
