0.000000000000000000e+00 -2.968831808862720800e-01 -2.968831808862720800e-01 -2.968831808862720800e-01 -2.968831808862720800e-01
1.000000000000000000e+00 2.025920822624177331e-01 2.025920822624177331e-01 2.025920822624177331e-01 2.025920822624177331e-01
2.000000000000000000e+00 3.176821316548094076e-01 3.176821316548094076e-01 3.176821316548094076e-01 3.176821316548094076e-01
3.000000000000000000e+00 1.396450561911776855e+00 1.396450561911776855e+00 1.396450561911776855e+00 1.396450561911776855e+00
4.000000000000000000e+00 6.385785045016759698e-01 6.385785045016759698e-01 6.385785045016759698e-01 6.385785045016759698e-01
5.000000000000000000e+00 1.338920457632718719e+00 1.338920457632718719e+00 1.338920457632718719e+00 1.338920457632718719e+00
6.000000000000000000e+00 1.215326599262516405e+00 1.215326599262516405e+00 1.215326599262516405e+00 1.215326599262516405e+00
7.000000000000000000e+00 1.521454039563027161e+00 1.521454039563027161e+00 1.521454039563027161e+00 1.521454039563027161e+00
8.000000000000000000e+00 2.081966121958193305e+00 2.081966121958193305e+00 2.081966121958193305e+00 2.081966121958193305e+00
9.000000000000000000e+00 2.205680459993266229e+00 2.205680459993266229e+00 2.205680459993266229e+00 2.205680459993266229e+00
1.000000000000000000e+01 2.308788171520630872e+00 2.308788171520630872e+00 2.308788171520630872e+00 2.308788171520630872e+00
1.100000000000000000e+01 2.225796849866395810e+00 2.225796849866395810e+00 2.225796849866395810e+00 2.225796849866395810e+00
1.200000000000000000e+01 3.489998085391812666e+00 3.489998085391812666e+00 3.489998085391812666e+00 3.489998085391812666e+00
1.300000000000000000e+01 2.351546350805286512e+00 2.351546350805286512e+00 2.351546350805286512e+00 2.351546350805286512e+00
1.400000000000000000e+01 2.863793738690580959e+00 2.863793738690580959e+00 2.863793738690580959e+00 2.863793738690580959e+00
1.500000000000000000e+01 3.041495413111363177e+00 3.041495413111363177e+00 3.041495413111363177e+00 3.041495413111363177e+00
1.600000000000000000e+01 3.716477896695780103e+00 3.716477896695780103e+00 3.716477896695780103e+00 3.716477896695780103e+00
1.700000000000000000e+01 2.989989404310290588e+00 2.989989404310290588e+00 2.989989404310290588e+00 2.989989404310290588e+00
1.800000000000000000e+01 3.610626852330195202e+00 3.610626852330195202e+00 3.610626852330195202e+00 3.610626852330195202e+00
1.900000000000000000e+01 3.885532353420102947e+00 3.885532353420102947e+00 3.885532353420102947e+00 3.885532353420102947e+00
2.000000000000000000e+01 3.541275036539356158e+00 3.541275036539356158e+00 3.541275036539356158e+00 3.541275036539356158e+00
2.100000000000000000e+01 3.878849562207621116e+00 3.878849562207621116e+00 3.878849562207621116e+00 3.878849562207621116e+00
2.200000000000000000e+01 4.372329195879697927e+00 4.372329195879697927e+00 4.372329195879697927e+00 4.372329195879697927e+00
2.300000000000000000e+01 4.542426559860679447e+00 4.542426559860679447e+00 4.542426559860679447e+00 4.542426559860679447e+00
2.400000000000000000e+01 4.714700391955044090e+00 4.714700391955044090e+00 4.714700391955044090e+00 4.714700391955044090e+00
2.500000000000000000e+01 4.546644423250231881e+00 4.546644423250231881e+00 4.546644423250231881e+00 4.546644423250231881e+00
2.600000000000000000e+01 4.643992932061650869e+00 4.643992932061650869e+00 4.643992932061650869e+00 4.643992932061650869e+00
2.700000000000000000e+01 4.127549596097961349e+00 4.127549596097961349e+00 4.127549596097961349e+00 4.127549596097961349e+00
2.800000000000000000e+01 4.220483336995249246e+00 4.220483336995249246e+00 4.220483336995249246e+00 4.220483336995249246e+00
2.900000000000000000e+01 4.156292810484305988e+00 4.156292810484305988e+00 4.156292810484305988e+00 4.156292810484305988e+00
3.000000000000000000e+01 4.271981741976714986e+00 4.271981741976714986e+00 4.271981741976714986e+00 4.271981741976714986e+00
3.100000000000000000e+01 4.234011232123420676e+00 4.234011232123420676e+00 4.234011232123420676e+00 4.234011232123420676e+00
3.200000000000000000e+01 4.780098999933474424e+00 4.780098999933474424e+00 4.780098999933474424e+00 4.780098999933474424e+00
3.300000000000000000e+01 5.532371485599931304e+00 5.532371485599931304e+00 5.532371485599931304e+00 5.532371485599931304e+00
3.400000000000000000e+01 5.260578513195741657e+00 5.260578513195741657e+00 5.260578513195741657e+00 5.260578513195741657e+00
3.500000000000000000e+01 5.361686960188000839e+00 5.361686960188000839e+00 5.361686960188000839e+00 5.361686960188000839e+00
3.600000000000000000e+01 5.721904120640271429e+00 5.721904120640271429e+00 5.721904120640271429e+00 5.721904120640271429e+00
3.700000000000000000e+01 5.771866833170233413e+00 5.771866833170233413e+00 5.771866833170233413e+00 5.771866833170233413e+00
3.800000000000000000e+01 5.298603522358257045e+00 5.298603522358257045e+00 5.298603522358257045e+00 5.298603522358257045e+00
3.900000000000000000e+01 5.258010300759038635e+00 5.258010300759038635e+00 5.258010300759038635e+00 5.258010300759038635e+00
4.000000000000000000e+01 5.085315768994115970e+00 5.085315768994115970e+00 5.085315768994115970e+00 5.085315768994115970e+00
4.100000000000000000e+01 5.501856406886622253e+00 5.501856406886622253e+00 5.501856406886622253e+00 5.501856406886622253e+00
4.200000000000000000e+01 5.380003597034864526e+00 5.380003597034864526e+00 5.380003597034864526e+00 5.380003597034864526e+00
4.300000000000000000e+01 6.455973395053206332e+00 6.455973395053206332e+00 6.455973395053206332e+00 6.455973395053206332e+00
4.400000000000000000e+01 6.413789385369487839e+00 6.413789385369487839e+00 6.413789385369487839e+00 6.413789385369487839e+00
4.500000000000000000e+01 6.849852988631873529e+00 6.849852988631873529e+00 6.849852988631873529e+00 6.849852988631873529e+00
4.600000000000000000e+01 7.095980589229886171e+00 7.095980589229886171e+00 7.095980589229886171e+00 7.095980589229886171e+00
4.700000000000000000e+01 6.343811071130555312e+00 6.343811071130555312e+00 6.343811071130555312e+00 6.343811071130555312e+00
4.800000000000000000e+01 7.077944602592099343e+00 7.077944602592099343e+00 7.077944602592099343e+00 7.077944602592099343e+00
4.900000000000000000e+01 5.747330819771147681e+00 5.747330819771147681e+00 5.747330819771147681e+00 5.747330819771147681e+00
5.000000000000000000e+01 6.059400384697606334e+00 6.059400384697606334e+00 6.059400384697606334e+00 6.059400384697606334e+00
5.100000000000000000e+01 5.878324187926534883e+00 5.878324187926534883e+00 5.878324187926534883e+00 5.878324187926534883e+00
5.200000000000000000e+01 6.740383460993101927e+00 6.740383460993101927e+00 6.740383460993101927e+00 6.740383460993101927e+00
5.300000000000000000e+01 6.632725253085427042e+00 6.632725253085427042e+00 6.632725253085427042e+00 6.632725253085427042e+00
5.400000000000000000e+01 7.149419584387304738e+00 7.149419584387304738e+00 7.149419584387304738e+00 7.149419584387304738e+00
5.500000000000000000e+01 7.862112193712643915e+00 7.862112193712643915e+00 7.862112193712643915e+00 7.862112193712643915e+00
5.600000000000000000e+01 7.583152490598769724e+00 7.583152490598769724e+00 7.583152490598769724e+00 7.583152490598769724e+00
5.700000000000000000e+01 7.158217240976904705e+00 7.158217240976904705e+00 7.158217240976904705e+00 7.158217240976904705e+00
5.800000000000000000e+01 6.896669991938275679e+00 6.896669991938275679e+00 6.896669991938275679e+00 6.896669991938275679e+00
5.900000000000000000e+01 6.336858867023233088e+00 6.336858867023233088e+00 6.336858867023233088e+00 6.336858867023233088e+00
6.000000000000000000e+01 6.329321250185397929e+00 6.329321250185397929e+00 6.329321250185397929e+00 6.329321250185397929e+00
6.100000000000000000e+01 6.589561021194897172e+00 6.589561021194897172e+00 6.589561021194897172e+00 6.589561021194897172e+00
6.200000000000000000e+01 6.971482059956469080e+00 6.971482059956469080e+00 6.971482059956469080e+00 6.971482059956469080e+00
6.300000000000000000e+01 6.914112810755034921e+00 6.914112810755034921e+00 6.914112810755034921e+00 6.914112810755034921e+00
6.400000000000000000e+01 7.271242570332701938e+00 7.271242570332701938e+00 7.271242570332701938e+00 7.271242570332701938e+00
6.500000000000000000e+01 7.425613864258028052e+00 7.425613864258028052e+00 7.425613864258028052e+00 7.425613864258028052e+00
6.600000000000000000e+01 7.477483746877453541e+00 7.477483746877453541e+00 7.477483746877453541e+00 7.477483746877453541e+00
6.700000000000000000e+01 7.311343255639207506e+00 7.311343255639207506e+00 7.311343255639207506e+00 7.311343255639207506e+00
6.800000000000000000e+01 7.387251961448567883e+00 7.387251961448567883e+00 7.387251961448567883e+00 7.387251961448567883e+00
6.900000000000000000e+01 7.250368607738788995e+00 7.250368607738788995e+00 7.250368607738788995e+00 7.250368607738788995e+00
7.000000000000000000e+01 7.556882527920910420e+00 7.556882527920910420e+00 7.556882527920910420e+00 7.556882527920910420e+00
7.100000000000000000e+01 7.880181125664891262e+00 7.880181125664891262e+00 7.880181125664891262e+00 7.880181125664891262e+00
7.200000000000000000e+01 7.704024710545203547e+00 7.704024710545203547e+00 7.704024710545203547e+00 7.704024710545203547e+00
7.300000000000000000e+01 8.301886371946853416e+00 8.301886371946853416e+00 8.301886371946853416e+00 8.301886371946853416e+00
7.400000000000000000e+01 8.720413786655091926e+00 8.720413786655091926e+00 8.720413786655091926e+00 8.720413786655091926e+00
7.500000000000000000e+01 8.200099494649089493e+00 8.200099494649089493e+00 8.200099494649089493e+00 8.200099494649089493e+00
7.600000000000000000e+01 9.000842369045850333e+00 9.000842369045850333e+00 9.000842369045850333e+00 9.000842369045850333e+00
7.700000000000000000e+01 8.409866281294720025e+00 8.409866281294720025e+00 8.409866281294720025e+00 8.409866281294720025e+00
7.800000000000000000e+01 8.209790930355516991e+00 8.209790930355516991e+00 8.209790930355516991e+00 8.209790930355516991e+00
7.900000000000000000e+01 7.940340004735300994e+00 7.940340004735300994e+00 7.940340004735300994e+00 7.940340004735300994e+00
8.000000000000000000e+01 7.667369171451134058e+00 7.667369171451134058e+00 7.667369171451134058e+00 7.667369171451134058e+00
8.100000000000000000e+01 7.914987122789251650e+00 7.914987122789251650e+00 7.914987122789251650e+00 7.914987122789251650e+00
8.200000000000000000e+01 7.891888285588782637e+00 7.891888285588782637e+00 7.891888285588782637e+00 7.891888285588782637e+00
8.300000000000000000e+01 7.978088286598410406e+00 7.978088286598410406e+00 7.978088286598410406e+00 7.978088286598410406e+00
8.400000000000000000e+01 8.509199099751979745e+00 8.509199099751979745e+00 8.509199099751979745e+00 8.509199099751979745e+00
8.500000000000000000e+01 7.954009082069497971e+00 7.954009082069497971e+00 7.954009082069497971e+00 7.954009082069497971e+00
8.600000000000000000e+01 7.697844655161421912e+00 7.697844655161421912e+00 7.697844655161421912e+00 7.697844655161421912e+00
8.700000000000000000e+01 7.680041050869334640e+00 7.680041050869334640e+00 7.680041050869334640e+00 7.680041050869334640e+00
8.800000000000000000e+01 6.912964500993934891e+00 6.912964500993934891e+00 6.912964500993934891e+00 6.912964500993934891e+00
8.900000000000000000e+01 6.183725269362629007e+00 6.183725269362629007e+00 6.183725269362629007e+00 6.183725269362629007e+00
9.000000000000000000e+01 6.254153844474301671e+00 6.254153844474301671e+00 6.254153844474301671e+00 6.254153844474301671e+00
9.100000000000000000e+01 6.047767616280511405e+00 6.047767616280511405e+00 6.047767616280511405e+00 6.047767616280511405e+00
9.200000000000000000e+01 6.061440098701793566e+00 6.061440098701793566e+00 6.061440098701793566e+00 6.061440098701793566e+00
9.300000000000000000e+01 6.211900275159065288e+00 6.211900275159065288e+00 6.211900275159065288e+00 6.211900275159065288e+00
9.400000000000000000e+01 6.192953243850037204e+00 6.192953243850037204e+00 6.192953243850037204e+00 6.192953243850037204e+00
9.500000000000000000e+01 6.123060267501715614e+00 6.123060267501715614e+00 6.123060267501715614e+00 6.123060267501715614e+00
9.600000000000000000e+01 6.174341303377860690e+00 6.174341303377860690e+00 6.174341303377860690e+00 6.174341303377860690e+00
9.700000000000000000e+01 5.793331822126859265e+00 5.793331822126859265e+00 5.793331822126859265e+00 5.793331822126859265e+00
9.800000000000000000e+01 5.724948442352538081e+00 5.724948442352538081e+00 5.724948442352538081e+00 5.724948442352538081e+00
9.900000000000000000e+01 5.626399180781079146e+00 5.626399180781079146e+00 5.626399180781079146e+00 5.626399180781079146e+00
