0.000000000000000000e+00 1.582652777048895842e+00 1.582652777048895842e+00 1.582652777048895842e+00 1.582652777048895842e+00
1.000000000000000000e+00 3.535632908957460074e-01 3.535632908957460074e-01 3.535632908957460074e-01 3.535632908957460074e-01
2.000000000000000000e+00 3.938588248804006930e-01 3.938588248804006930e-01 3.938588248804006930e-01 3.938588248804006930e-01
3.000000000000000000e+00 -5.169462324095950301e-01 -5.169462324095950301e-01 -5.169462324095950301e-01 -5.169462324095950301e-01
4.000000000000000000e+00 -1.523557262573399074e+00 -1.523557262573399074e+00 -1.523557262573399074e+00 -1.523557262573399074e+00
5.000000000000000000e+00 -1.945693670797633557e+00 -1.945693670797633557e+00 -1.945693670797633557e+00 -1.945693670797633557e+00
6.000000000000000000e+00 -1.865713306503067770e+00 -1.865713306503067770e+00 -1.865713306503067770e+00 -1.865713306503067770e+00
7.000000000000000000e+00 -1.051550555203968784e+00 -1.051550555203968784e+00 -1.051550555203968784e+00 -1.051550555203968784e+00
8.000000000000000000e+00 -3.836733827067739244e-01 -3.836733827067739244e-01 -3.836733827067739244e-01 -3.836733827067739244e-01
9.000000000000000000e+00 -7.684882906712066086e-01 -7.684882906712066086e-01 -7.684882906712066086e-01 -7.684882906712066086e-01
1.000000000000000000e+01 -3.420107558764287625e-02 -3.420107558764287625e-02 -3.420107558764287625e-02 -3.420107558764287625e-02
1.100000000000000000e+01 6.254270219860265101e-01 6.254270219860265101e-01 6.254270219860265101e-01 6.254270219860265101e-01
1.200000000000000000e+01 5.549598574848997323e-01 5.549598574848997323e-01 5.549598574848997323e-01 5.549598574848997323e-01
1.300000000000000000e+01 4.859249629708611296e-01 4.859249629708611296e-01 4.859249629708611296e-01 4.859249629708611296e-01
1.400000000000000000e+01 6.411544324798055250e-01 6.411544324798055250e-01 6.411544324798055250e-01 6.411544324798055250e-01
1.500000000000000000e+01 8.857311249961515864e-01 8.857311249961515864e-01 8.857311249961515864e-01 8.857311249961515864e-01
1.600000000000000000e+01 7.629856429756612934e-01 7.629856429756612934e-01 7.629856429756612934e-01 7.629856429756612934e-01
1.700000000000000000e+01 1.210834709088268957e+00 1.210834709088268957e+00 1.210834709088268957e+00 1.210834709088268957e+00
1.800000000000000000e+01 4.020416231920607153e-01 4.020416231920607153e-01 4.020416231920607153e-01 4.020416231920607153e-01
1.900000000000000000e+01 8.558590882188708004e-01 8.558590882188708004e-01 8.558590882188708004e-01 8.558590882188708004e-01
2.000000000000000000e+01 8.959748882642181167e-01 8.959748882642181167e-01 8.959748882642181167e-01 8.959748882642181167e-01
2.100000000000000000e+01 1.054924082181544431e+00 1.054924082181544431e+00 1.054924082181544431e+00 1.054924082181544431e+00
2.200000000000000000e+01 6.478785015931743940e-01 6.478785015931743940e-01 6.478785015931743940e-01 6.478785015931743940e-01
2.300000000000000000e+01 8.279515203397849188e-01 8.279515203397849188e-01 8.279515203397849188e-01 8.279515203397849188e-01
2.400000000000000000e+01 6.163796823248336443e-01 6.163796823248336443e-01 6.163796823248336443e-01 6.163796823248336443e-01
2.500000000000000000e+01 -1.507236151482475250e+00 -1.507236151482475250e+00 -1.507236151482475250e+00 -1.507236151482475250e+00
2.600000000000000000e+01 -2.075368444580464100e+00 -2.075368444580464100e+00 -2.075368444580464100e+00 -2.075368444580464100e+00
2.700000000000000000e+01 -2.014851663359026102e+00 -2.014851663359026102e+00 -2.014851663359026102e+00 -2.014851663359026102e+00
2.800000000000000000e+01 -3.192054535870427312e+00 -3.192054535870427312e+00 -3.192054535870427312e+00 -3.192054535870427312e+00
2.900000000000000000e+01 -1.561853434248265060e+00 -1.561853434248265060e+00 -1.561853434248265060e+00 -1.561853434248265060e+00
3.000000000000000000e+01 -8.417938419735089273e-01 -8.417938419735089273e-01 -8.417938419735089273e-01 -8.417938419735089273e-01
3.100000000000000000e+01 -3.503779261598166106e-01 -3.503779261598166106e-01 -3.503779261598166106e-01 -3.503779261598166106e-01
3.200000000000000000e+01 -3.228287477466018074e-01 -3.228287477466018074e-01 -3.228287477466018074e-01 -3.228287477466018074e-01
3.300000000000000000e+01 4.566988360682148751e-01 4.566988360682148751e-01 4.566988360682148751e-01 4.566988360682148751e-01
3.400000000000000000e+01 8.020578967737997944e-01 8.020578967737997944e-01 8.020578967737997944e-01 8.020578967737997944e-01
3.500000000000000000e+01 6.741551461149734026e-01 6.741551461149734026e-01 6.741551461149734026e-01 6.741551461149734026e-01
3.600000000000000000e+01 2.840990888834499239e-01 2.840990888834499239e-01 2.840990888834499239e-01 2.840990888834499239e-01
3.700000000000000000e+01 9.689734490978254566e-01 9.689734490978254566e-01 9.689734490978254566e-01 9.689734490978254566e-01
3.800000000000000000e+01 8.003138042096276106e-01 8.003138042096276106e-01 8.003138042096276106e-01 8.003138042096276106e-01
3.900000000000000000e+01 7.149216863266607547e-01 7.149216863266607547e-01 7.149216863266607547e-01 7.149216863266607547e-01
4.000000000000000000e+01 9.509435656274162207e-01 9.509435656274162207e-01 9.509435656274162207e-01 9.509435656274162207e-01
4.100000000000000000e+01 1.040211722989105247e+00 1.040211722989105247e+00 1.040211722989105247e+00 1.040211722989105247e+00
4.200000000000000000e+01 5.112445014402872134e-01 5.112445014402872134e-01 5.112445014402872134e-01 5.112445014402872134e-01
4.300000000000000000e+01 1.106783693552347625e+00 1.106783693552347625e+00 1.106783693552347625e+00 1.106783693552347625e+00
4.400000000000000000e+01 1.306282580344045208e+00 1.306282580344045208e+00 1.306282580344045208e+00 1.306282580344045208e+00
4.500000000000000000e+01 2.472221878222580771e-01 2.472221878222580771e-01 2.472221878222580771e-01 2.472221878222580771e-01
4.600000000000000000e+01 1.083214993212683552e+00 1.083214993212683552e+00 1.083214993212683552e+00 1.083214993212683552e+00
4.700000000000000000e+01 1.194002896937503166e+00 1.194002896937503166e+00 1.194002896937503166e+00 1.194002896937503166e+00
4.800000000000000000e+01 5.250177136872197226e-01 5.250177136872197226e-01 5.250177136872197226e-01 5.250177136872197226e-01
4.900000000000000000e+01 1.061835090778715962e+00 1.061835090778715962e+00 1.061835090778715962e+00 1.061835090778715962e+00
5.000000000000000000e+01 1.311481057060518207e+00 1.311481057060518207e+00 1.311481057060518207e+00 1.311481057060518207e+00
5.100000000000000000e+01 1.172909245106031895e+00 1.172909245106031895e+00 1.172909245106031895e+00 1.172909245106031895e+00
5.200000000000000000e+01 4.152726476918547904e-01 4.152726476918547904e-01 4.152726476918547904e-01 4.152726476918547904e-01
5.300000000000000000e+01 -4.611991793702190784e-02 -4.611991793702190784e-02 -4.611991793702190784e-02 -4.611991793702190784e-02
5.400000000000000000e+01 -1.690844434510985206e+00 -1.690844434510985206e+00 -1.690844434510985206e+00 -1.690844434510985206e+00
5.500000000000000000e+01 -2.844237641717459297e+00 -2.844237641717459297e+00 -2.844237641717459297e+00 -2.844237641717459297e+00
5.600000000000000000e+01 -2.393394377451312227e+00 -2.393394377451312227e+00 -2.393394377451312227e+00 -2.393394377451312227e+00
5.700000000000000000e+01 -2.000688926313601179e+00 -2.000688926313601179e+00 -2.000688926313601179e+00 -2.000688926313601179e+00
5.800000000000000000e+01 -1.308126671386330431e+00 -1.308126671386330431e+00 -1.308126671386330431e+00 -1.308126671386330431e+00
5.900000000000000000e+01 -9.728647276276609634e-01 -9.728647276276609634e-01 -9.728647276276609634e-01 -9.728647276276609634e-01
6.000000000000000000e+01 -4.945118905576168511e-01 -4.945118905576168511e-01 -4.945118905576168511e-01 -4.945118905576168511e-01
6.100000000000000000e+01 -9.393258947583069118e-02 -9.393258947583069118e-02 -9.393258947583069118e-02 -9.393258947583069118e-02
6.200000000000000000e+01 7.299565463021723266e-01 7.299565463021723266e-01 7.299565463021723266e-01 7.299565463021723266e-01
6.300000000000000000e+01 1.293652437199737992e+00 1.293652437199737992e+00 1.293652437199737992e+00 1.293652437199737992e+00
6.400000000000000000e+01 2.508267502304274421e-01 2.508267502304274421e-01 2.508267502304274421e-01 2.508267502304274421e-01
6.500000000000000000e+01 2.835368083397251104e-01 2.835368083397251104e-01 2.835368083397251104e-01 2.835368083397251104e-01
6.600000000000000000e+01 8.414192471025846443e-01 8.414192471025846443e-01 8.414192471025846443e-01 8.414192471025846443e-01
6.700000000000000000e+01 6.313655015138813775e-01 6.313655015138813775e-01 6.313655015138813775e-01 6.313655015138813775e-01
6.800000000000000000e+01 1.093478134763073761e+00 1.093478134763073761e+00 1.093478134763073761e+00 1.093478134763073761e+00
6.900000000000000000e+01 7.669742771974076279e-01 7.669742771974076279e-01 7.669742771974076279e-01 7.669742771974076279e-01
7.000000000000000000e+01 1.039286760993859859e+00 1.039286760993859859e+00 1.039286760993859859e+00 1.039286760993859859e+00
7.100000000000000000e+01 1.114738722449716279e+00 1.114738722449716279e+00 1.114738722449716279e+00 1.114738722449716279e+00
7.200000000000000000e+01 1.016190910633106625e+00 1.016190910633106625e+00 1.016190910633106625e+00 1.016190910633106625e+00
7.300000000000000000e+01 4.633033007563405192e-01 4.633033007563405192e-01 4.633033007563405192e-01 4.633033007563405192e-01
7.400000000000000000e+01 1.010571760830208277e+00 1.010571760830208277e+00 1.010571760830208277e+00 1.010571760830208277e+00
7.500000000000000000e+01 1.213490677506990689e+00 1.213490677506990689e+00 1.213490677506990689e+00 1.213490677506990689e+00
7.600000000000000000e+01 5.864647075108502250e-01 5.864647075108502250e-01 5.864647075108502250e-01 5.864647075108502250e-01
7.700000000000000000e+01 8.015771635026355257e-01 8.015771635026355257e-01 8.015771635026355257e-01 8.015771635026355257e-01
7.800000000000000000e+01 1.216851813807692473e+00 1.216851813807692473e+00 1.216851813807692473e+00 1.216851813807692473e+00
7.900000000000000000e+01 -2.948249277358329090e-01 -2.948249277358329090e-01 -2.948249277358329090e-01 -2.948249277358329090e-01
8.000000000000000000e+01 -1.398936232364944798e+00 -1.398936232364944798e+00 -1.398936232364944798e+00 -1.398936232364944798e+00
8.100000000000000000e+01 -2.750492876380765228e+00 -2.750492876380765228e+00 -2.750492876380765228e+00 -2.750492876380765228e+00
8.200000000000000000e+01 -1.922473250629427977e+00 -1.922473250629427977e+00 -1.922473250629427977e+00 -1.922473250629427977e+00
8.300000000000000000e+01 -1.777627038833994533e+00 -1.777627038833994533e+00 -1.777627038833994533e+00 -1.777627038833994533e+00
8.400000000000000000e+01 -1.106855304920595584e+00 -1.106855304920595584e+00 -1.106855304920595584e+00 -1.106855304920595584e+00
8.500000000000000000e+01 -3.101703616022786769e-01 -3.101703616022786769e-01 -3.101703616022786769e-01 -3.101703616022786769e-01
8.600000000000000000e+01 -8.242862056941803184e-01 -8.242862056941803184e-01 -8.242862056941803184e-01 -8.242862056941803184e-01
8.700000000000000000e+01 5.361893050136020689e-01 5.361893050136020689e-01 5.361893050136020689e-01 5.361893050136020689e-01
8.800000000000000000e+01 3.186040626675207266e-01 3.186040626675207266e-01 3.186040626675207266e-01 3.186040626675207266e-01
8.900000000000000000e+01 8.192350960138473637e-01 8.192350960138473637e-01 8.192350960138473637e-01 8.192350960138473637e-01
9.000000000000000000e+01 5.265574358548819056e-01 5.265574358548819056e-01 5.265574358548819056e-01 5.265574358548819056e-01
9.100000000000000000e+01 1.130059495185884222e+00 1.130059495185884222e+00 1.130059495185884222e+00 1.130059495185884222e+00
9.200000000000000000e+01 4.089347101431071718e-01 4.089347101431071718e-01 4.089347101431071718e-01 4.089347101431071718e-01
9.300000000000000000e+01 4.976631775459129381e-01 4.976631775459129381e-01 4.976631775459129381e-01 4.976631775459129381e-01
9.400000000000000000e+01 9.104959029132624337e-01 9.104959029132624337e-01 9.104959029132624337e-01 9.104959029132624337e-01
9.500000000000000000e+01 1.018961398707377564e+00 1.018961398707377564e+00 1.018961398707377564e+00 1.018961398707377564e+00
9.600000000000000000e+01 3.858084310940803063e-01 3.858084310940803063e-01 3.858084310940803063e-01 3.858084310940803063e-01
9.700000000000000000e+01 1.428250927215338084e+00 1.428250927215338084e+00 1.428250927215338084e+00 1.428250927215338084e+00
9.800000000000000000e+01 4.444435121364369023e-01 4.444435121364369023e-01 4.444435121364369023e-01 4.444435121364369023e-01
