0.000000000000000000e+00 -8.992529225355871958e-01 -8.992529225355871958e-01 -8.992529225355871958e-01 -8.992529225355871958e-01
1.000000000000000000e+00 -7.301628465208083174e-01 -7.301628465208083174e-01 -7.301628465208083174e-01 -7.301628465208083174e-01
2.000000000000000000e+00 -3.922762214994769958e-01 -3.922762214994769958e-01 -3.922762214994769958e-01 -3.922762214994769958e-01
3.000000000000000000e+00 1.411771680363027061e-02 1.411771680363027061e-02 1.411771680363027061e-02 1.411771680363027061e-02
4.000000000000000000e+00 -1.328300877779987899e-01 -1.328300877779987899e-01 -1.328300877779987899e-01 -1.328300877779987899e-01
5.000000000000000000e+00 -9.995900462385434726e-02 -9.995900462385434726e-02 -9.995900462385434726e-02 -9.995900462385434726e-02
6.000000000000000000e+00 6.979994222674076876e-02 6.979994222674076876e-02 6.979994222674076876e-02 6.979994222674076876e-02
7.000000000000000000e+00 2.084320178943129820e-01 2.084320178943129820e-01 2.084320178943129820e-01 2.084320178943129820e-01
8.000000000000000000e+00 1.416823228180192629e-01 1.416823228180192629e-01 1.416823228180192629e-01 1.416823228180192629e-01
9.000000000000000000e+00 -1.485101975933438567e-01 -1.485101975933438567e-01 -1.485101975933438567e-01 -1.485101975933438567e-01
1.000000000000000000e+01 2.634538623299884641e-01 2.634538623299884641e-01 2.634538623299884641e-01 2.634538623299884641e-01
1.100000000000000000e+01 1.583215361038081415e-01 1.583215361038081415e-01 1.583215361038081415e-01 1.583215361038081415e-01
1.200000000000000000e+01 1.698124239258020640e-01 1.698124239258020640e-01 1.698124239258020640e-01 1.698124239258020640e-01
1.300000000000000000e+01 7.635178596052279165e-02 7.635178596052279165e-02 7.635178596052279165e-02 7.635178596052279165e-02
1.400000000000000000e+01 -1.158099010716830829e-01 -1.158099010716830829e-01 -1.158099010716830829e-01 -1.158099010716830829e-01
1.500000000000000000e+01 -4.465606968178767455e-02 -4.465606968178767455e-02 -4.465606968178767455e-02 -4.465606968178767455e-02
1.600000000000000000e+01 -2.742940758535955190e-02 -2.742940758535955190e-02 -2.742940758535955190e-02 -2.742940758535955190e-02
1.700000000000000000e+01 5.165356929701236943e-01 5.165356929701236943e-01 5.165356929701236943e-01 5.165356929701236943e-01
1.800000000000000000e+01 -8.872018520370848760e-02 -8.872018520370848760e-02 -8.872018520370848760e-02 -8.872018520370848760e-02
1.900000000000000000e+01 1.084988732860813210e-01 1.084988732860813210e-01 1.084988732860813210e-01 1.084988732860813210e-01
2.000000000000000000e+01 -6.909773126753293582e-01 -6.909773126753293582e-01 -6.909773126753293582e-01 -6.909773126753293582e-01
2.100000000000000000e+01 7.601116968453848488e-02 7.601116968453848488e-02 7.601116968453848488e-02 7.601116968453848488e-02
2.200000000000000000e+01 1.454221942066362960e-01 1.454221942066362960e-01 1.454221942066362960e-01 1.454221942066362960e-01
2.300000000000000000e+01 9.512402101074317849e-04 9.512402101074317849e-04 9.512402101074317849e-04 9.512402101074317849e-04
2.400000000000000000e+01 -2.618238182383230903e-02 -2.618238182383230903e-02 -2.618238182383230903e-02 -2.618238182383230903e-02
2.500000000000000000e+01 5.363583561942512901e-02 5.363583561942512901e-02 5.363583561942512901e-02 5.363583561942512901e-02
2.600000000000000000e+01 1.051155879399312543e-01 1.051155879399312543e-01 1.051155879399312543e-01 1.051155879399312543e-01
2.700000000000000000e+01 1.571640860203992185e-01 1.571640860203992185e-01 1.571640860203992185e-01 1.571640860203992185e-01
2.800000000000000000e+01 -5.157018717817010017e-02 -5.157018717817010017e-02 -5.157018717817010017e-02 -5.157018717817010017e-02
2.900000000000000000e+01 -2.086557065820565937e-01 -2.086557065820565937e-01 -2.086557065820565937e-01 -2.086557065820565937e-01
3.000000000000000000e+01 4.077064092973694404e-02 4.077064092973694404e-02 4.077064092973694404e-02 4.077064092973694404e-02
3.100000000000000000e+01 2.624060072977375535e-01 2.624060072977375535e-01 2.624060072977375535e-01 2.624060072977375535e-01
3.200000000000000000e+01 1.532809042910507000e-02 1.532809042910507000e-02 1.532809042910507000e-02 1.532809042910507000e-02
3.300000000000000000e+01 3.369697689390112327e-02 3.369697689390112327e-02 3.369697689390112327e-02 3.369697689390112327e-02
3.400000000000000000e+01 -2.492441446182143416e-01 -2.492441446182143416e-01 -2.492441446182143416e-01 -2.492441446182143416e-01
3.500000000000000000e+01 -1.095514606036654071e+00 -1.095514606036654071e+00 -1.095514606036654071e+00 -1.095514606036654071e+00
3.600000000000000000e+01 -1.624834975851697561e+00 -1.624834975851697561e+00 -1.624834975851697561e+00 -1.624834975851697561e+00
3.700000000000000000e+01 -2.078160830409938598e+00 -2.078160830409938598e+00 -2.078160830409938598e+00 -2.078160830409938598e+00
3.800000000000000000e+01 -2.079279597623472142e+00 -2.079279597623472142e+00 -2.079279597623472142e+00 -2.079279597623472142e+00
3.900000000000000000e+01 -1.974990188643141575e+00 -1.974990188643141575e+00 -1.974990188643141575e+00 -1.974990188643141575e+00
4.000000000000000000e+01 -1.258953748454842758e+00 -1.258953748454842758e+00 -1.258953748454842758e+00 -1.258953748454842758e+00
4.100000000000000000e+01 -1.145771925482577336e+00 -1.145771925482577336e+00 -1.145771925482577336e+00 -1.145771925482577336e+00
4.200000000000000000e+01 -4.961644984818899817e-01 -4.961644984818899817e-01 -4.961644984818899817e-01 -4.961644984818899817e-01
4.300000000000000000e+01 -3.401379435727752143e-01 -3.401379435727752143e-01 -3.401379435727752143e-01 -3.401379435727752143e-01
4.400000000000000000e+01 -3.140730409101412657e-01 -3.140730409101412657e-01 -3.140730409101412657e-01 -3.140730409101412657e-01
4.500000000000000000e+01 -2.275106345012731512e-01 -2.275106345012731512e-01 -2.275106345012731512e-01 -2.275106345012731512e-01
4.600000000000000000e+01 -1.542225176875366144e-01 -1.542225176875366144e-01 -1.542225176875366144e-01 -1.542225176875366144e-01
4.700000000000000000e+01 -4.740323981185940588e-02 -4.740323981185940588e-02 -4.740323981185940588e-02 -4.740323981185940588e-02
4.800000000000000000e+01 -2.999964897739817310e-02 -2.999964897739817310e-02 -2.999964897739817310e-02 -2.999964897739817310e-02
4.900000000000000000e+01 -6.501213534920982640e-02 -6.501213534920982640e-02 -6.501213534920982640e-02 -6.501213534920982640e-02
5.000000000000000000e+01 -1.796890677991936636e-01 -1.796890677991936636e-01 -1.796890677991936636e-01 -1.796890677991936636e-01
5.100000000000000000e+01 -1.417756313677607238e-01 -1.417756313677607238e-01 -1.417756313677607238e-01 -1.417756313677607238e-01
5.200000000000000000e+01 1.652045290099419528e-01 1.652045290099419528e-01 1.652045290099419528e-01 1.652045290099419528e-01
5.300000000000000000e+01 -1.404221546634346895e-01 -1.404221546634346895e-01 -1.404221546634346895e-01 -1.404221546634346895e-01
5.400000000000000000e+01 2.380581258669699912e-03 2.380581258669699912e-03 2.380581258669699912e-03 2.380581258669699912e-03
5.500000000000000000e+01 -3.160692042534906255e-03 -3.160692042534906255e-03 -3.160692042534906255e-03 -3.160692042534906255e-03
5.600000000000000000e+01 1.249777441830763058e-01 1.249777441830763058e-01 1.249777441830763058e-01 1.249777441830763058e-01
5.700000000000000000e+01 2.662252647255782811e-01 2.662252647255782811e-01 2.662252647255782811e-01 2.662252647255782811e-01
5.800000000000000000e+01 1.102754753357918817e-02 1.102754753357918817e-02 1.102754753357918817e-02 1.102754753357918817e-02
5.900000000000000000e+01 1.641715896127728946e-01 1.641715896127728946e-01 1.641715896127728946e-01 1.641715896127728946e-01
6.000000000000000000e+01 1.646558274469087368e-01 1.646558274469087368e-01 1.646558274469087368e-01 1.646558274469087368e-01
6.100000000000000000e+01 1.558691875976520314e-01 1.558691875976520314e-01 1.558691875976520314e-01 1.558691875976520314e-01
6.200000000000000000e+01 7.786284336443830001e-02 7.786284336443830001e-02 7.786284336443830001e-02 7.786284336443830001e-02
6.300000000000000000e+01 1.781109627973745391e-01 1.781109627973745391e-01 1.781109627973745391e-01 1.781109627973745391e-01
6.400000000000000000e+01 1.695462346524217734e-01 1.695462346524217734e-01 1.695462346524217734e-01 1.695462346524217734e-01
6.500000000000000000e+01 7.268900168033549936e-02 7.268900168033549936e-02 7.268900168033549936e-02 7.268900168033549936e-02
6.600000000000000000e+01 -2.007401359329913093e-01 -2.007401359329913093e-01 -2.007401359329913093e-01 -2.007401359329913093e-01
6.700000000000000000e+01 -2.207847431157664297e-01 -2.207847431157664297e-01 -2.207847431157664297e-01 -2.207847431157664297e-01
6.800000000000000000e+01 -2.079923575097756272e-01 -2.079923575097756272e-01 -2.079923575097756272e-01 -2.079923575097756272e-01
6.900000000000000000e+01 -2.007220648183601075e-01 -2.007220648183601075e-01 -2.007220648183601075e-01 -2.007220648183601075e-01
7.000000000000000000e+01 -3.955917463360146269e-01 -3.955917463360146269e-01 -3.955917463360146269e-01 -3.955917463360146269e-01
7.100000000000000000e+01 -2.304418152602415726e-01 -2.304418152602415726e-01 -2.304418152602415726e-01 -2.304418152602415726e-01
7.200000000000000000e+01 -1.444552270255297644e-01 -1.444552270255297644e-01 -1.444552270255297644e-01 -1.444552270255297644e-01
7.300000000000000000e+01 -1.533810346808107683e-01 -1.533810346808107683e-01 -1.533810346808107683e-01 -1.533810346808107683e-01
7.400000000000000000e+01 -1.992186112760533367e-01 -1.992186112760533367e-01 -1.992186112760533367e-01 -1.992186112760533367e-01
7.500000000000000000e+01 1.027120700961492994e-01 1.027120700961492994e-01 1.027120700961492994e-01 1.027120700961492994e-01
7.600000000000000000e+01 -2.207294516240083104e-01 -2.207294516240083104e-01 -2.207294516240083104e-01 -2.207294516240083104e-01
7.700000000000000000e+01 -3.331598242080743288e-01 -3.331598242080743288e-01 -3.331598242080743288e-01 -3.331598242080743288e-01
7.800000000000000000e+01 -1.795980260826831321e-01 -1.795980260826831321e-01 -1.795980260826831321e-01 -1.795980260826831321e-01
7.900000000000000000e+01 -1.315461469398990224e-01 -1.315461469398990224e-01 -1.315461469398990224e-01 -1.315461469398990224e-01
8.000000000000000000e+01 -1.098250661096087238e-01 -1.098250661096087238e-01 -1.098250661096087238e-01 -1.098250661096087238e-01
8.100000000000000000e+01 -1.948790482109768463e-01 -1.948790482109768463e-01 -1.948790482109768463e-01 -1.948790482109768463e-01
8.200000000000000000e+01 -1.826458057893819986e-01 -1.826458057893819986e-01 -1.826458057893819986e-01 -1.826458057893819986e-01
8.300000000000000000e+01 -1.385186504530407647e-01 -1.385186504530407647e-01 -1.385186504530407647e-01 -1.385186504530407647e-01
8.400000000000000000e+01 -1.761408205047729769e-01 -1.761408205047729769e-01 -1.761408205047729769e-01 -1.761408205047729769e-01
8.500000000000000000e+01 -1.745040179492211019e-01 -1.745040179492211019e-01 -1.745040179492211019e-01 -1.745040179492211019e-01
8.600000000000000000e+01 -1.093773538754341246e-01 -1.093773538754341246e-01 -1.093773538754341246e-01 -1.093773538754341246e-01
8.700000000000000000e+01 -1.653724104308194887e-01 -1.653724104308194887e-01 -1.653724104308194887e-01 -1.653724104308194887e-01
8.800000000000000000e+01 -1.394052162865461464e-01 -1.394052162865461464e-01 -1.394052162865461464e-01 -1.394052162865461464e-01
8.900000000000000000e+01 -1.545350243121709488e-01 -1.545350243121709488e-01 -1.545350243121709488e-01 -1.545350243121709488e-01
9.000000000000000000e+01 -2.180518082463365481e-01 -2.180518082463365481e-01 -2.180518082463365481e-01 -2.180518082463365481e-01
9.100000000000000000e+01 -1.925280002456522532e-01 -1.925280002456522532e-01 -1.925280002456522532e-01 -1.925280002456522532e-01
9.200000000000000000e+01 -1.177133307776070253e-01 -1.177133307776070253e-01 -1.177133307776070253e-01 -1.177133307776070253e-01
9.300000000000000000e+01 -1.479637951640476179e-01 -1.479637951640476179e-01 -1.479637951640476179e-01 -1.479637951640476179e-01
9.400000000000000000e+01 -1.820901281660529392e-01 -1.820901281660529392e-01 -1.820901281660529392e-01 -1.820901281660529392e-01
9.500000000000000000e+01 -1.619894389870168983e-01 -1.619894389870168983e-01 -1.619894389870168983e-01 -1.619894389870168983e-01
9.600000000000000000e+01 -1.205727053206790828e-01 -1.205727053206790828e-01 -1.205727053206790828e-01 -1.205727053206790828e-01
9.700000000000000000e+01 -9.022315669179452324e-02 -9.022315669179452324e-02 -9.022315669179452324e-02 -9.022315669179452324e-02
9.800000000000000000e+01 -2.150430229134505378e-01 -2.150430229134505378e-01 -2.150430229134505378e-01 -2.150430229134505378e-01
9.900000000000000000e+01 -1.023795488564107903e-01 -1.023795488564107903e-01 -1.023795488564107903e-01 -1.023795488564107903e-01
1.000000000000000000e+02 -1.312483156659189354e-01 -1.312483156659189354e-01 -1.312483156659189354e-01 -1.312483156659189354e-01
1.010000000000000000e+02 -1.365412225208731956e-01 -1.365412225208731956e-01 -1.365412225208731956e-01 -1.365412225208731956e-01
1.020000000000000000e+02 -1.177673027144457985e-01 -1.177673027144457985e-01 -1.177673027144457985e-01 -1.177673027144457985e-01
1.030000000000000000e+02 -1.559773366467490929e-01 -1.559773366467490929e-01 -1.559773366467490929e-01 -1.559773366467490929e-01
1.040000000000000000e+02 4.292565814118069062e-02 4.292565814118069062e-02 4.292565814118069062e-02 4.292565814118069062e-02
1.050000000000000000e+02 -1.467725928834164584e-01 -1.467725928834164584e-01 -1.467725928834164584e-01 -1.467725928834164584e-01
1.060000000000000000e+02 -9.449128912015926363e-02 -9.449128912015926363e-02 -9.449128912015926363e-02 -9.449128912015926363e-02
1.070000000000000000e+02 -2.277083144955952265e-01 -2.277083144955952265e-01 -2.277083144955952265e-01 -2.277083144955952265e-01
1.080000000000000000e+02 -1.242159203525077249e-01 -1.242159203525077249e-01 -1.242159203525077249e-01 -1.242159203525077249e-01
1.090000000000000000e+02 -1.064856165571267527e-01 -1.064856165571267527e-01 -1.064856165571267527e-01 -1.064856165571267527e-01
1.100000000000000000e+02 -9.173689121858911999e-02 -9.173689121858911999e-02 -9.173689121858911999e-02 -9.173689121858911999e-02
1.110000000000000000e+02 -1.847539521326521383e-01 -1.847539521326521383e-01 -1.847539521326521383e-01 -1.847539521326521383e-01
1.120000000000000000e+02 -8.353906297568422512e-02 -8.353906297568422512e-02 -8.353906297568422512e-02 -8.353906297568422512e-02
1.130000000000000000e+02 -1.093908136414837445e-01 -1.093908136414837445e-01 -1.093908136414837445e-01 -1.093908136414837445e-01
1.140000000000000000e+02 -1.488156283889195131e-01 -1.488156283889195131e-01 -1.488156283889195131e-01 -1.488156283889195131e-01
1.150000000000000000e+02 -1.744817652610368419e-01 -1.744817652610368419e-01 -1.744817652610368419e-01 -1.744817652610368419e-01
1.160000000000000000e+02 -1.798082416963867614e-01 -1.798082416963867614e-01 -1.798082416963867614e-01 -1.798082416963867614e-01
1.170000000000000000e+02 -1.446595828896192759e-01 -1.446595828896192759e-01 -1.446595828896192759e-01 -1.446595828896192759e-01
1.180000000000000000e+02 -1.243601848001165272e-01 -1.243601848001165272e-01 -1.243601848001165272e-01 -1.243601848001165272e-01
