0.000000000000000000e+00 -6.133862704982687042e+00 -6.133862704982687042e+00 -6.133862704982687042e+00 -6.133862704982687042e+00
1.000000000000000000e+00 -5.095673893014410538e+00 -5.095673893014410538e+00 -5.095673893014410538e+00 -5.095673893014410538e+00
2.000000000000000000e+00 -6.518919740235191718e+00 -6.518919740235191718e+00 -6.518919740235191718e+00 -6.518919740235191718e+00
3.000000000000000000e+00 -6.065016803610322249e+00 -6.065016803610322249e+00 -6.065016803610322249e+00 -6.065016803610322249e+00
4.000000000000000000e+00 -5.068373325470457935e+00 -5.068373325470457935e+00 -5.068373325470457935e+00 -5.068373325470457935e+00
5.000000000000000000e+00 -4.981381876183063717e+00 -4.981381876183063717e+00 -4.981381876183063717e+00 -4.981381876183063717e+00
6.000000000000000000e+00 -1.189770463749170837e+00 -1.189770463749170837e+00 -1.189770463749170837e+00 -1.189770463749170837e+00
7.000000000000000000e+00 -1.607113104568779205e+00 -1.607113104568779205e+00 -1.607113104568779205e+00 -1.607113104568779205e+00
8.000000000000000000e+00 -3.489912714179177922e+00 -3.489912714179177922e+00 -3.489912714179177922e+00 -3.489912714179177922e+00
9.000000000000000000e+00 -2.941827737568784684e+00 -2.941827737568784684e+00 -2.941827737568784684e+00 -2.941827737568784684e+00
1.000000000000000000e+01 -2.100432063033575325e+00 -2.100432063033575325e+00 -2.100432063033575325e+00 -2.100432063033575325e+00
1.100000000000000000e+01 -3.644368777545082816e-01 -3.644368777545082816e-01 -3.644368777545082816e-01 -3.644368777545082816e-01
1.200000000000000000e+01 -2.056984613827809394e+00 -2.056984613827809394e+00 -2.056984613827809394e+00 -2.056984613827809394e+00
1.300000000000000000e+01 -4.161377327526682990e+00 -4.161377327526682990e+00 -4.161377327526682990e+00 -4.161377327526682990e+00
1.400000000000000000e+01 -5.075244937006977430e+00 -5.075244937006977430e+00 -5.075244937006977430e+00 -5.075244937006977430e+00
1.500000000000000000e+01 -3.411824353483464911e+00 -3.411824353483464911e+00 -3.411824353483464911e+00 -3.411824353483464911e+00
1.600000000000000000e+01 -1.259461235146383444e+02 -1.259461235146383444e+02 -1.259461235146383444e+02 -1.259461235146383444e+02
1.700000000000000000e+01 -2.038283716034863957e+01 -2.038283716034863957e+01 -2.038283716034863957e+01 -2.038283716034863957e+01
1.800000000000000000e+01 1.226616532596158438e+00 1.226616532596158438e+00 1.226616532596158438e+00 1.226616532596158438e+00
1.900000000000000000e+01 -7.015067231056031360e+00 -7.015067231056031360e+00 -7.015067231056031360e+00 -7.015067231056031360e+00
2.000000000000000000e+01 -1.856864650006296191e+00 -1.856864650006296191e+00 -1.856864650006296191e+00 -1.856864650006296191e+00
2.100000000000000000e+01 -1.965379151163724636e+00 -1.965379151163724636e+00 -1.965379151163724636e+00 -1.965379151163724636e+00
2.200000000000000000e+01 -2.617613740063498895e+00 -2.617613740063498895e+00 -2.617613740063498895e+00 -2.617613740063498895e+00
2.300000000000000000e+01 -1.479145208158909819e+00 -1.479145208158909819e+00 -1.479145208158909819e+00 -1.479145208158909819e+00
2.400000000000000000e+01 -1.988609546680153217e+00 -1.988609546680153217e+00 -1.988609546680153217e+00 -1.988609546680153217e+00
2.500000000000000000e+01 -1.690542674279416513e+00 -1.690542674279416513e+00 -1.690542674279416513e+00 -1.690542674279416513e+00
2.600000000000000000e+01 -1.480900179490954205e+00 -1.480900179490954205e+00 -1.480900179490954205e+00 -1.480900179490954205e+00
2.700000000000000000e+01 -1.528449647716275894e+00 -1.528449647716275894e+00 -1.528449647716275894e+00 -1.528449647716275894e+00
2.800000000000000000e+01 -1.193586652029622108e+00 -1.193586652029622108e+00 -1.193586652029622108e+00 -1.193586652029622108e+00
2.900000000000000000e+01 -1.661093757680423222e+00 -1.661093757680423222e+00 -1.661093757680423222e+00 -1.661093757680423222e+00
3.000000000000000000e+01 -1.965576749407446533e+00 -1.965576749407446533e+00 -1.965576749407446533e+00 -1.965576749407446533e+00
3.100000000000000000e+01 -1.948793749071132231e+00 -1.948793749071132231e+00 -1.948793749071132231e+00 -1.948793749071132231e+00
3.200000000000000000e+01 -1.625957155733996018e+00 -1.625957155733996018e+00 -1.625957155733996018e+00 -1.625957155733996018e+00
3.300000000000000000e+01 -3.745278798056367098e+00 -3.745278798056367098e+00 -3.745278798056367098e+00 -3.745278798056367098e+00
3.400000000000000000e+01 -9.916009964596432802e-01 -9.916009964596432802e-01 -9.916009964596432802e-01 -9.916009964596432802e-01
3.500000000000000000e+01 -5.039591447301113858e-01 -5.039591447301113858e-01 -5.039591447301113858e-01 -5.039591447301113858e-01
3.600000000000000000e+01 -4.321602446862251590e+00 -4.321602446862251590e+00 -4.321602446862251590e+00 -4.321602446862251590e+00
3.700000000000000000e+01 1.039800065141961660e+00 1.039800065141961660e+00 1.039800065141961660e+00 1.039800065141961660e+00
3.800000000000000000e+01 3.187461452104755288e+00 3.187461452104755288e+00 3.187461452104755288e+00 3.187461452104755288e+00
3.900000000000000000e+01 2.513933984476257599e+00 2.513933984476257599e+00 2.513933984476257599e+00 2.513933984476257599e+00
4.000000000000000000e+01 6.897847595313344904e+00 6.897847595313344904e+00 6.897847595313344904e+00 6.897847595313344904e+00
4.100000000000000000e+01 -5.577272758217560744e-01 -5.577272758217560744e-01 -5.577272758217560744e-01 -5.577272758217560744e-01
4.200000000000000000e+01 -3.763869207379625381e-01 -3.763869207379625381e-01 -3.763869207379625381e-01 -3.763869207379625381e-01
4.300000000000000000e+01 -6.896289127992212276e-01 -6.896289127992212276e-01 -6.896289127992212276e-01 -6.896289127992212276e-01
4.400000000000000000e+01 -6.748390717177464859e-01 -6.748390717177464859e-01 -6.748390717177464859e-01 -6.748390717177464859e-01
4.500000000000000000e+01 -6.000181894997824728e-01 -6.000181894997824728e-01 -6.000181894997824728e-01 -6.000181894997824728e-01
4.600000000000000000e+01 -2.168358817493589719e+00 -2.168358817493589719e+00 -2.168358817493589719e+00 -2.168358817493589719e+00
4.700000000000000000e+01 4.520214498865196377e-03 4.520214498865196377e-03 4.520214498865196377e-03 4.520214498865196377e-03
4.800000000000000000e+01 -1.201748546673430784e+00 -1.201748546673430784e+00 -1.201748546673430784e+00 -1.201748546673430784e+00
4.900000000000000000e+01 -7.618563571552193769e-01 -7.618563571552193769e-01 -7.618563571552193769e-01 -7.618563571552193769e-01
5.000000000000000000e+01 -3.573498265352541559e-01 -3.573498265352541559e-01 -3.573498265352541559e-01 -3.573498265352541559e-01
5.100000000000000000e+01 8.657177727387635469e-02 8.657177727387635469e-02 8.657177727387635469e-02 8.657177727387635469e-02
5.200000000000000000e+01 -5.739154596408595488e-01 -5.739154596408595488e-01 -5.739154596408595488e-01 -5.739154596408595488e-01
5.300000000000000000e+01 -1.080509357426002959e+00 -1.080509357426002959e+00 -1.080509357426002959e+00 -1.080509357426002959e+00
5.400000000000000000e+01 -9.119858054429198502e-01 -9.119858054429198502e-01 -9.119858054429198502e-01 -9.119858054429198502e-01
5.500000000000000000e+01 1.688174415041083787e-01 1.688174415041083787e-01 1.688174415041083787e-01 1.688174415041083787e-01
5.600000000000000000e+01 -2.498554582637962651e-01 -2.498554582637962651e-01 -2.498554582637962651e-01 -2.498554582637962651e-01
5.700000000000000000e+01 1.722986026014451666e-01 1.722986026014451666e-01 1.722986026014451666e-01 1.722986026014451666e-01
5.800000000000000000e+01 -5.744301997240915947e-01 -5.744301997240915947e-01 -5.744301997240915947e-01 -5.744301997240915947e-01
5.900000000000000000e+01 -7.035439685623626760e-01 -7.035439685623626760e-01 -7.035439685623626760e-01 -7.035439685623626760e-01
6.000000000000000000e+01 -8.210080007434741312e-01 -8.210080007434741312e-01 -8.210080007434741312e-01 -8.210080007434741312e-01
6.100000000000000000e+01 -3.103733679337905560e-01 -3.103733679337905560e-01 -3.103733679337905560e-01 -3.103733679337905560e-01
6.200000000000000000e+01 3.880504936970737007e-02 3.880504936970737007e-02 3.880504936970737007e-02 3.880504936970737007e-02
6.300000000000000000e+01 -7.131770845512021006e-01 -7.131770845512021006e-01 -7.131770845512021006e-01 -7.131770845512021006e-01
6.400000000000000000e+01 2.282876092818336353e-02 2.282876092818336353e-02 2.282876092818336353e-02 2.282876092818336353e-02
6.500000000000000000e+01 -1.340128312788083087e-01 -1.340128312788083087e-01 -1.340128312788083087e-01 -1.340128312788083087e-01
6.600000000000000000e+01 5.914574904598358662e-01 5.914574904598358662e-01 5.914574904598358662e-01 5.914574904598358662e-01
6.700000000000000000e+01 1.450222555779912548e-01 1.450222555779912548e-01 1.450222555779912548e-01 1.450222555779912548e-01
6.800000000000000000e+01 -3.235573098382895502e-02 -3.235573098382895502e-02 -3.235573098382895502e-02 -3.235573098382895502e-02
6.900000000000000000e+01 -2.913495555342339172e-01 -2.913495555342339172e-01 -2.913495555342339172e-01 -2.913495555342339172e-01
7.000000000000000000e+01 -1.214043634273836991e-01 -1.214043634273836991e-01 -1.214043634273836991e-01 -1.214043634273836991e-01
7.100000000000000000e+01 9.640550390115745771e-02 9.640550390115745771e-02 9.640550390115745771e-02 9.640550390115745771e-02
7.200000000000000000e+01 2.123988750533732095e-01 2.123988750533732095e-01 2.123988750533732095e-01 2.123988750533732095e-01
7.300000000000000000e+01 -1.958135363305782417e-02 -1.958135363305782417e-02 -1.958135363305782417e-02 -1.958135363305782417e-02
7.400000000000000000e+01 -4.160568041206708090e-01 -4.160568041206708090e-01 -4.160568041206708090e-01 -4.160568041206708090e-01
7.500000000000000000e+01 -7.572563973978575502e-01 -7.572563973978575502e-01 -7.572563973978575502e-01 -7.572563973978575502e-01
7.600000000000000000e+01 -2.176953002660478864e-01 -2.176953002660478864e-01 -2.176953002660478864e-01 -2.176953002660478864e-01
7.700000000000000000e+01 4.178537388391029839e-01 4.178537388391029839e-01 4.178537388391029839e-01 4.178537388391029839e-01
7.800000000000000000e+01 -3.645997248099916432e-01 -3.645997248099916432e-01 -3.645997248099916432e-01 -3.645997248099916432e-01
7.900000000000000000e+01 -1.198366845945375569e-01 -1.198366845945375569e-01 -1.198366845945375569e-01 -1.198366845945375569e-01
8.000000000000000000e+01 -5.540393862317566365e-01 -5.540393862317566365e-01 -5.540393862317566365e-01 -5.540393862317566365e-01
8.100000000000000000e+01 -5.081136660789127291e-01 -5.081136660789127291e-01 -5.081136660789127291e-01 -5.081136660789127291e-01
8.200000000000000000e+01 5.553947079007455212e-01 5.553947079007455212e-01 5.553947079007455212e-01 5.553947079007455212e-01
8.300000000000000000e+01 3.602931214726145387e-02 3.602931214726145387e-02 3.602931214726145387e-02 3.602931214726145387e-02
8.400000000000000000e+01 -5.470706880032077946e-01 -5.470706880032077946e-01 -5.470706880032077946e-01 -5.470706880032077946e-01
8.500000000000000000e+01 -7.082745455298410375e-01 -7.082745455298410375e-01 -7.082745455298410375e-01 -7.082745455298410375e-01
8.600000000000000000e+01 -3.677342569773018321e-01 -3.677342569773018321e-01 -3.677342569773018321e-01 -3.677342569773018321e-01
8.700000000000000000e+01 -3.067715464298664818e-01 -3.067715464298664818e-01 -3.067715464298664818e-01 -3.067715464298664818e-01
8.800000000000000000e+01 6.111050835063394082e-01 6.111050835063394082e-01 6.111050835063394082e-01 6.111050835063394082e-01
8.900000000000000000e+01 6.459766375086849477e-01 6.459766375086849477e-01 6.459766375086849477e-01 6.459766375086849477e-01
9.000000000000000000e+01 5.842899822072768201e-02 5.842899822072768201e-02 5.842899822072768201e-02 5.842899822072768201e-02
9.100000000000000000e+01 1.771013537833305007e-01 1.771013537833305007e-01 1.771013537833305007e-01 1.771013537833305007e-01
9.200000000000000000e+01 -4.795863719714220097e-01 -4.795863719714220097e-01 -4.795863719714220097e-01 -4.795863719714220097e-01
9.300000000000000000e+01 -9.603403847855859210e-01 -9.603403847855859210e-01 -9.603403847855859210e-01 -9.603403847855859210e-01
9.400000000000000000e+01 1.443490453824028963e-01 1.443490453824028963e-01 1.443490453824028963e-01 1.443490453824028963e-01
9.500000000000000000e+01 3.235256068217017833e-01 3.235256068217017833e-01 3.235256068217017833e-01 3.235256068217017833e-01
9.600000000000000000e+01 8.800209356412398432e-01 8.800209356412398432e-01 8.800209356412398432e-01 8.800209356412398432e-01
9.700000000000000000e+01 7.401443822665982886e-01 7.401443822665982886e-01 7.401443822665982886e-01 7.401443822665982886e-01
9.800000000000000000e+01 2.698870031194790520e-01 2.698870031194790520e-01 2.698870031194790520e-01 2.698870031194790520e-01
