0.000000000000000000e+00 8.264100372091693902e-01 8.264100372091693902e-01 8.264100372091693902e-01 8.264100372091693902e-01
1.000000000000000000e+00 9.526894752503083375e-01 9.526894752503083375e-01 9.526894752503083375e-01 9.526894752503083375e-01
2.000000000000000000e+00 9.187137795107196414e-01 9.187137795107196414e-01 9.187137795107196414e-01 9.187137795107196414e-01
3.000000000000000000e+00 9.918457472273177755e-01 9.918457472273177755e-01 9.918457472273177755e-01 9.918457472273177755e-01
4.000000000000000000e+00 9.269025071344645372e-01 9.269025071344645372e-01 9.269025071344645372e-01 9.269025071344645372e-01
5.000000000000000000e+00 1.015318313295242358e+00 1.015318313295242358e+00 1.015318313295242358e+00 1.015318313295242358e+00
6.000000000000000000e+00 1.155294652758228180e+00 1.155294652758228180e+00 1.155294652758228180e+00 1.155294652758228180e+00
7.000000000000000000e+00 1.155504424737066937e+00 1.155504424737066937e+00 1.155504424737066937e+00 1.155504424737066937e+00
8.000000000000000000e+00 1.362952179099843120e+00 1.362952179099843120e+00 1.362952179099843120e+00 1.362952179099843120e+00
9.000000000000000000e+00 1.160671809729561188e+00 1.160671809729561188e+00 1.160671809729561188e+00 1.160671809729561188e+00
1.000000000000000000e+01 1.516138443895569843e+00 1.516138443895569843e+00 1.516138443895569843e+00 1.516138443895569843e+00
1.100000000000000000e+01 1.512170913094750935e+00 1.512170913094750935e+00 1.512170913094750935e+00 1.512170913094750935e+00
1.200000000000000000e+01 1.735110143739506672e+00 1.735110143739506672e+00 1.735110143739506672e+00 1.735110143739506672e+00
1.300000000000000000e+01 2.010680040057750695e+00 2.010680040057750695e+00 2.010680040057750695e+00 2.010680040057750695e+00
1.400000000000000000e+01 1.983701837796275846e+00 1.983701837796275846e+00 1.983701837796275846e+00 1.983701837796275846e+00
1.500000000000000000e+01 2.383299862794252988e+00 2.383299862794252988e+00 2.383299862794252988e+00 2.383299862794252988e+00
1.600000000000000000e+01 2.525132495543271460e+00 2.525132495543271460e+00 2.525132495543271460e+00 2.525132495543271460e+00
1.700000000000000000e+01 2.634714100678741566e+00 2.634714100678741566e+00 2.634714100678741566e+00 2.634714100678741566e+00
1.800000000000000000e+01 2.651827403899734037e+00 2.651827403899734037e+00 2.651827403899734037e+00 2.651827403899734037e+00
1.900000000000000000e+01 2.996220458183013413e+00 2.996220458183013413e+00 2.996220458183013413e+00 2.996220458183013413e+00
2.000000000000000000e+01 3.075013665337954283e+00 3.075013665337954283e+00 3.075013665337954283e+00 3.075013665337954283e+00
2.100000000000000000e+01 3.353293259456929576e+00 3.353293259456929576e+00 3.353293259456929576e+00 3.353293259456929576e+00
2.200000000000000000e+01 3.729913174426005451e+00 3.729913174426005451e+00 3.729913174426005451e+00 3.729913174426005451e+00
2.300000000000000000e+01 3.971095903941490590e+00 3.971095903941490590e+00 3.971095903941490590e+00 3.971095903941490590e+00
2.400000000000000000e+01 4.136730539026525655e+00 4.136730539026525655e+00 4.136730539026525655e+00 4.136730539026525655e+00
2.500000000000000000e+01 4.151027690990311214e+00 4.151027690990311214e+00 4.151027690990311214e+00 4.151027690990311214e+00
2.600000000000000000e+01 4.283590060753966533e+00 4.283590060753966533e+00 4.283590060753966533e+00 4.283590060753966533e+00
2.700000000000000000e+01 4.044207923936072646e+00 4.044207923936072646e+00 4.044207923936072646e+00 4.044207923936072646e+00
2.800000000000000000e+01 4.273400584465352203e+00 4.273400584465352203e+00 4.273400584465352203e+00 4.273400584465352203e+00
2.900000000000000000e+01 4.257854527036528225e+00 4.257854527036528225e+00 4.257854527036528225e+00 4.257854527036528225e+00
3.000000000000000000e+01 4.351302457538295698e+00 4.351302457538295698e+00 4.351302457538295698e+00 4.351302457538295698e+00
3.100000000000000000e+01 4.713986814060057817e+00 4.713986814060057817e+00 4.713986814060057817e+00 4.713986814060057817e+00
3.200000000000000000e+01 4.998601145937019652e+00 4.998601145937019652e+00 4.998601145937019652e+00 4.998601145937019652e+00
3.300000000000000000e+01 5.159751891069357832e+00 5.159751891069357832e+00 5.159751891069357832e+00 5.159751891069357832e+00
3.400000000000000000e+01 5.208448934509673833e+00 5.208448934509673833e+00 5.208448934509673833e+00 5.208448934509673833e+00
3.500000000000000000e+01 5.098627035748727998e+00 5.098627035748727998e+00 5.098627035748727998e+00 5.098627035748727998e+00
3.600000000000000000e+01 5.147322350607292485e+00 5.147322350607292485e+00 5.147322350607292485e+00 5.147322350607292485e+00
3.700000000000000000e+01 5.019055709465368054e+00 5.019055709465368054e+00 5.019055709465368054e+00 5.019055709465368054e+00
3.800000000000000000e+01 5.139935308750196441e+00 5.139935308750196441e+00 5.139935308750196441e+00 5.139935308750196441e+00
3.900000000000000000e+01 5.558381854977374914e+00 5.558381854977374914e+00 5.558381854977374914e+00 5.558381854977374914e+00
4.000000000000000000e+01 6.144103733016184066e+00 6.144103733016184066e+00 6.144103733016184066e+00 6.144103733016184066e+00
4.100000000000000000e+01 6.380155462977998404e+00 6.380155462977998404e+00 6.380155462977998404e+00 6.380155462977998404e+00
4.200000000000000000e+01 6.704448878727808925e+00 6.704448878727808925e+00 6.704448878727808925e+00 6.704448878727808925e+00
4.300000000000000000e+01 6.473382844098955147e+00 6.473382844098955147e+00 6.473382844098955147e+00 6.473382844098955147e+00
4.400000000000000000e+01 6.490479694458580084e+00 6.490479694458580084e+00 6.490479694458580084e+00 6.490479694458580084e+00
4.500000000000000000e+01 6.134463882908454124e+00 6.134463882908454124e+00 6.134463882908454124e+00 6.134463882908454124e+00
4.600000000000000000e+01 5.402526351111168523e+00 5.402526351111168523e+00 5.402526351111168523e+00 5.402526351111168523e+00
4.700000000000000000e+01 5.447849019664515957e+00 5.447849019664515957e+00 5.447849019664515957e+00 5.447849019664515957e+00
4.800000000000000000e+01 4.897642341784045783e+00 4.897642341784045783e+00 4.897642341784045783e+00 4.897642341784045783e+00
4.900000000000000000e+01 4.904479918748561040e+00 4.904479918748561040e+00 4.904479918748561040e+00 4.904479918748561040e+00
5.000000000000000000e+01 4.908316499939518351e+00 4.908316499939518351e+00 4.908316499939518351e+00 4.908316499939518351e+00
5.100000000000000000e+01 4.800163333299707347e+00 4.800163333299707347e+00 4.800163333299707347e+00 4.800163333299707347e+00
5.200000000000000000e+01 5.211391147451592154e+00 5.211391147451592154e+00 5.211391147451592154e+00 5.211391147451592154e+00
5.300000000000000000e+01 5.095620421051064497e+00 5.095620421051064497e+00 5.095620421051064497e+00 5.095620421051064497e+00
5.400000000000000000e+01 4.947069701658817209e+00 4.947069701658817209e+00 4.947069701658817209e+00 4.947069701658817209e+00
5.500000000000000000e+01 4.822952694825939801e+00 4.822952694825939801e+00 4.822952694825939801e+00 4.822952694825939801e+00
5.600000000000000000e+01 4.718131784189460554e+00 4.718131784189460554e+00 4.718131784189460554e+00 4.718131784189460554e+00
5.700000000000000000e+01 4.549106653593651295e+00 4.549106653593651295e+00 4.549106653593651295e+00 4.549106653593651295e+00
5.800000000000000000e+01 4.519503579805393301e+00 4.519503579805393301e+00 4.519503579805393301e+00 4.519503579805393301e+00
5.900000000000000000e+01 4.949822889278097549e+00 4.949822889278097549e+00 4.949822889278097549e+00 4.949822889278097549e+00
6.000000000000000000e+01 5.245715426615692678e+00 5.245715426615692678e+00 5.245715426615692678e+00 5.245715426615692678e+00
6.100000000000000000e+01 5.841207924747329194e+00 5.841207924747329194e+00 5.841207924747329194e+00 5.841207924747329194e+00
6.200000000000000000e+01 5.936179837925279479e+00 5.936179837925279479e+00 5.936179837925279479e+00 5.936179837925279479e+00
6.300000000000000000e+01 5.959336275384003123e+00 5.959336275384003123e+00 5.959336275384003123e+00 5.959336275384003123e+00
6.400000000000000000e+01 5.808775512871238611e+00 5.808775512871238611e+00 5.808775512871238611e+00 5.808775512871238611e+00
6.500000000000000000e+01 5.452763035749877751e+00 5.452763035749877751e+00 5.452763035749877751e+00 5.452763035749877751e+00
6.600000000000000000e+01 5.373170436692273455e+00 5.373170436692273455e+00 5.373170436692273455e+00 5.373170436692273455e+00
6.700000000000000000e+01 4.943534848960363881e+00 4.943534848960363881e+00 4.943534848960363881e+00 4.943534848960363881e+00
6.800000000000000000e+01 5.081976696807376292e+00 5.081976696807376292e+00 5.081976696807376292e+00 5.081976696807376292e+00
6.900000000000000000e+01 4.744531716013399958e+00 4.744531716013399958e+00 4.744531716013399958e+00 4.744531716013399958e+00
7.000000000000000000e+01 4.993101118272107897e+00 4.993101118272107897e+00 4.993101118272107897e+00 4.993101118272107897e+00
7.100000000000000000e+01 4.659815361574745296e+00 4.659815361574745296e+00 4.659815361574745296e+00 4.659815361574745296e+00
7.200000000000000000e+01 4.763105586922177892e+00 4.763105586922177892e+00 4.763105586922177892e+00 4.763105586922177892e+00
7.300000000000000000e+01 4.184216319524824534e+00 4.184216319524824534e+00 4.184216319524824534e+00 4.184216319524824534e+00
7.400000000000000000e+01 4.253796086144259192e+00 4.253796086144259192e+00 4.253796086144259192e+00 4.253796086144259192e+00
7.500000000000000000e+01 3.948049823345945342e+00 3.948049823345945342e+00 3.948049823345945342e+00 3.948049823345945342e+00
7.600000000000000000e+01 3.901103623745134641e+00 3.901103623745134641e+00 3.901103623745134641e+00 3.901103623745134641e+00
7.700000000000000000e+01 4.058632428560433603e+00 4.058632428560433603e+00 4.058632428560433603e+00 4.058632428560433603e+00
7.800000000000000000e+01 4.089560274141058827e+00 4.089560274141058827e+00 4.089560274141058827e+00 4.089560274141058827e+00
7.900000000000000000e+01 4.484167448575317572e+00 4.484167448575317572e+00 4.484167448575317572e+00 4.484167448575317572e+00
8.000000000000000000e+01 4.480753976775629255e+00 4.480753976775629255e+00 4.480753976775629255e+00 4.480753976775629255e+00
8.100000000000000000e+01 5.142267264899440526e+00 5.142267264899440526e+00 5.142267264899440526e+00 5.142267264899440526e+00
8.200000000000000000e+01 5.038729936366124207e+00 5.038729936366124207e+00 5.038729936366124207e+00 5.038729936366124207e+00
8.300000000000000000e+01 5.061467615272486675e+00 5.061467615272486675e+00 5.061467615272486675e+00 5.061467615272486675e+00
8.400000000000000000e+01 5.156357887663096662e+00 5.156357887663096662e+00 5.156357887663096662e+00 5.156357887663096662e+00
8.500000000000000000e+01 5.133006739973327903e+00 5.133006739973327903e+00 5.133006739973327903e+00 5.133006739973327903e+00
8.600000000000000000e+01 4.718779505239190541e+00 4.718779505239190541e+00 4.718779505239190541e+00 4.718779505239190541e+00
8.700000000000000000e+01 4.981261551583869185e+00 4.981261551583869185e+00 4.981261551583869185e+00 4.981261551583869185e+00
8.800000000000000000e+01 4.531849779627882491e+00 4.531849779627882491e+00 4.531849779627882491e+00 4.531849779627882491e+00
8.900000000000000000e+01 4.264843552164610863e+00 4.264843552164610863e+00 4.264843552164610863e+00 4.264843552164610863e+00
9.000000000000000000e+01 3.895338550968301838e+00 3.895338550968301838e+00 3.895338550968301838e+00 3.895338550968301838e+00
9.100000000000000000e+01 3.552161198224502492e+00 3.552161198224502492e+00 3.552161198224502492e+00 3.552161198224502492e+00
9.200000000000000000e+01 3.310873749338835381e+00 3.310873749338835381e+00 3.310873749338835381e+00 3.310873749338835381e+00
9.300000000000000000e+01 3.100448561126064373e+00 3.100448561126064373e+00 3.100448561126064373e+00 3.100448561126064373e+00
9.400000000000000000e+01 3.023360581010953396e+00 3.023360581010953396e+00 3.023360581010953396e+00 3.023360581010953396e+00
9.500000000000000000e+01 3.005066053432056350e+00 3.005066053432056350e+00 3.005066053432056350e+00 3.005066053432056350e+00
9.600000000000000000e+01 3.182412051431564581e+00 3.182412051431564581e+00 3.182412051431564581e+00 3.182412051431564581e+00
9.700000000000000000e+01 3.522546793514080843e+00 3.522546793514080843e+00 3.522546793514080843e+00 3.522546793514080843e+00
9.800000000000000000e+01 3.523364149295692638e+00 3.523364149295692638e+00 3.523364149295692638e+00 3.523364149295692638e+00
9.900000000000000000e+01 4.067014613685810964e+00 4.067014613685810964e+00 4.067014613685810964e+00 4.067014613685810964e+00
