0.000000000000000000e+00 6.109948240271590586e-02 6.109948240271590586e-02 6.109948240271590586e-02 6.109948240271590586e-02
1.000000000000000000e+00 -1.053501782328403885e-01 -1.053501782328403885e-01 -1.053501782328403885e-01 -1.053501782328403885e-01
2.000000000000000000e+00 -2.924676302892663116e-01 -2.924676302892663116e-01 -2.924676302892663116e-01 -2.924676302892663116e-01
3.000000000000000000e+00 -6.560552948653941563e-02 -6.560552948653941563e-02 -6.560552948653941563e-02 -6.560552948653941563e-02
4.000000000000000000e+00 -8.861491706400176360e-02 -8.861491706400176360e-02 -8.861491706400176360e-02 -8.861491706400176360e-02
5.000000000000000000e+00 2.673395486647268948e-02 2.673395486647268948e-02 2.673395486647268948e-02 2.673395486647268948e-02
6.000000000000000000e+00 -4.007671690485575255e-01 -4.007671690485575255e-01 -4.007671690485575255e-01 -4.007671690485575255e-01
7.000000000000000000e+00 -3.235357127793188625e-01 -3.235357127793188625e-01 -3.235357127793188625e-01 -3.235357127793188625e-01
8.000000000000000000e+00 -3.517203826807093203e-01 -3.517203826807093203e-01 -3.517203826807093203e-01 -3.517203826807093203e-01
9.000000000000000000e+00 -6.124752498046252130e-02 -6.124752498046252130e-02 -6.124752498046252130e-02 -6.124752498046252130e-02
1.000000000000000000e+01 -2.129575567305781736e-02 -2.129575567305781736e-02 -2.129575567305781736e-02 -2.129575567305781736e-02
1.100000000000000000e+01 -3.771718507600571590e-01 -3.771718507600571590e-01 -3.771718507600571590e-01 -3.771718507600571590e-01
1.200000000000000000e+01 5.044756206075156069e-01 5.044756206075156069e-01 5.044756206075156069e-01 5.044756206075156069e-01
1.300000000000000000e+01 -1.590682506857432899e-01 -1.590682506857432899e-01 -1.590682506857432899e-01 -1.590682506857432899e-01
1.400000000000000000e+01 -2.038513517099847239e-01 -2.038513517099847239e-01 -2.038513517099847239e-01 -2.038513517099847239e-01
1.500000000000000000e+01 -3.171525619522046636e-03 -3.171525619522046636e-03 -3.171525619522046636e-03 -3.171525619522046636e-03
1.600000000000000000e+01 1.091727111135179229e-01 1.091727111135179229e-01 1.091727111135179229e-01 1.091727111135179229e-01
1.700000000000000000e+01 -1.682197833333730630e-01 -1.682197833333730630e-01 -1.682197833333730630e-01 -1.682197833333730630e-01
1.800000000000000000e+01 -2.627666099434103897e-01 -2.627666099434103897e-01 -2.627666099434103897e-01 -2.627666099434103897e-01
1.900000000000000000e+01 -1.094515570583696057e-01 -1.094515570583696057e-01 -1.094515570583696057e-01 -1.094515570583696057e-01
2.000000000000000000e+01 -3.998888228746702578e-01 -3.998888228746702578e-01 -3.998888228746702578e-01 -3.998888228746702578e-01
2.100000000000000000e+01 -4.319396654530893026e-02 -4.319396654530893026e-02 -4.319396654530893026e-02 -4.319396654530893026e-02
2.200000000000000000e+01 1.369174068414018008e-01 1.369174068414018008e-01 1.369174068414018008e-01 1.369174068414018008e-01
2.300000000000000000e+01 -4.157825090311026428e-02 -4.157825090311026428e-02 -4.157825090311026428e-02 -4.157825090311026428e-02
2.400000000000000000e+01 -6.595709289933923691e-02 -6.595709289933923691e-02 -6.595709289933923691e-02 -6.595709289933923691e-02
2.500000000000000000e+01 -1.453259718382282351e-01 -1.453259718382282351e-01 -1.453259718382282351e-01 -1.453259718382282351e-01
2.600000000000000000e+01 -9.734159754256968555e-02 -9.734159754256968555e-02 -9.734159754256968555e-02 -9.734159754256968555e-02
2.700000000000000000e+01 -3.768712412574869997e-01 -3.768712412574869997e-01 -3.768712412574869997e-01 -3.768712412574869997e-01
2.800000000000000000e+01 -3.531572833248756288e-02 -3.531572833248756288e-02 -3.531572833248756288e-02 -3.531572833248756288e-02
2.900000000000000000e+01 -7.211321170448015128e-02 -7.211321170448015128e-02 -7.211321170448015128e-02 -7.211321170448015128e-02
3.000000000000000000e+01 1.220054089136856246e-03 1.220054089136856246e-03 1.220054089136856246e-03 1.220054089136856246e-03
3.100000000000000000e+01 -1.742758661436761836e-01 -1.742758661436761836e-01 -1.742758661436761836e-01 -1.742758661436761836e-01
3.200000000000000000e+01 7.914561329567580683e-02 7.914561329567580683e-02 7.914561329567580683e-02 7.914561329567580683e-02
3.300000000000000000e+01 1.025774576734201672e-02 1.025774576734201672e-02 1.025774576734201672e-02 1.025774576734201672e-02
3.400000000000000000e+01 -1.338789451546397169e-01 -1.338789451546397169e-01 -1.338789451546397169e-01 -1.338789451546397169e-01
3.500000000000000000e+01 -1.645722354145854605e-01 -1.645722354145854605e-01 -1.645722354145854605e-01 -1.645722354145854605e-01
3.600000000000000000e+01 -1.558052045077459036e-01 -1.558052045077459036e-01 -1.558052045077459036e-01 -1.558052045077459036e-01
3.700000000000000000e+01 -4.364826328754370377e-02 -4.364826328754370377e-02 -4.364826328754370377e-02 -4.364826328754370377e-02
3.800000000000000000e+01 3.287950137437552489e-01 3.287950137437552489e-01 3.287950137437552489e-01 3.287950137437552489e-01
3.900000000000000000e+01 -7.166102387692339926e-02 -7.166102387692339926e-02 -7.166102387692339926e-02 -7.166102387692339926e-02
4.000000000000000000e+01 -2.808483031601015645e-01 -2.808483031601015645e-01 -2.808483031601015645e-01 -2.808483031601015645e-01
4.100000000000000000e+01 1.711750409433961950e-01 1.711750409433961950e-01 1.711750409433961950e-01 1.711750409433961950e-01
4.200000000000000000e+01 -2.121371423342163776e-01 -2.121371423342163776e-01 -2.121371423342163776e-01 -2.121371423342163776e-01
4.300000000000000000e+01 2.018767463810616225e-01 2.018767463810616225e-01 2.018767463810616225e-01 2.018767463810616225e-01
4.400000000000000000e+01 2.437431933858511812e-01 2.437431933858511812e-01 2.437431933858511812e-01 2.437431933858511812e-01
4.500000000000000000e+01 -3.250235299760900198e-01 -3.250235299760900198e-01 -3.250235299760900198e-01 -3.250235299760900198e-01
4.600000000000000000e+01 3.068765958803722493e-01 3.068765958803722493e-01 3.068765958803722493e-01 3.068765958803722493e-01
4.700000000000000000e+01 -1.018203164554702528e-01 -1.018203164554702528e-01 -1.018203164554702528e-01 -1.018203164554702528e-01
4.800000000000000000e+01 4.175948133292314846e-02 4.175948133292314846e-02 4.175948133292314846e-02 4.175948133292314846e-02
4.900000000000000000e+01 -3.859537416563006973e-01 -3.859537416563006973e-01 -3.859537416563006973e-01 -3.859537416563006973e-01
5.000000000000000000e+01 7.860006030625447948e-02 7.860006030625447948e-02 7.860006030625447948e-02 7.860006030625447948e-02
5.100000000000000000e+01 -1.835521343023194252e-01 -1.835521343023194252e-01 -1.835521343023194252e-01 -1.835521343023194252e-01
5.200000000000000000e+01 -2.964222623963440328e-02 -2.964222623963440328e-02 -2.964222623963440328e-02 -2.964222623963440328e-02
5.300000000000000000e+01 1.455304751819583020e-01 1.455304751819583020e-01 1.455304751819583020e-01 1.455304751819583020e-01
5.400000000000000000e+01 -1.515738962686592195e-01 -1.515738962686592195e-01 -1.515738962686592195e-01 -1.515738962686592195e-01
5.500000000000000000e+01 -1.748691845520033983e-01 -1.748691845520033983e-01 -1.748691845520033983e-01 -1.748691845520033983e-01
5.600000000000000000e+01 -3.741017589381996633e-02 -3.741017589381996633e-02 -3.741017589381996633e-02 -3.741017589381996633e-02
5.700000000000000000e+01 1.936392265733632156e-01 1.936392265733632156e-01 1.936392265733632156e-01 1.936392265733632156e-01
5.800000000000000000e+01 3.860970793002498902e-01 3.860970793002498902e-01 3.860970793002498902e-01 3.860970793002498902e-01
5.900000000000000000e+01 1.648563461799865473e-02 1.648563461799865473e-02 1.648563461799865473e-02 1.648563461799865473e-02
6.000000000000000000e+01 -1.724451659963979200e-01 -1.724451659963979200e-01 -1.724451659963979200e-01 -1.724451659963979200e-01
6.100000000000000000e+01 -9.849236590279722425e-02 -9.849236590279722425e-02 -9.849236590279722425e-02 -9.849236590279722425e-02
6.200000000000000000e+01 -3.099574838346282890e-01 -3.099574838346282890e-01 -3.099574838346282890e-01 -3.099574838346282890e-01
6.300000000000000000e+01 -4.842475204827944579e-01 -4.842475204827944579e-01 -4.842475204827944579e-01 -4.842475204827944579e-01
6.400000000000000000e+01 4.999362015051214692e-01 4.999362015051214692e-01 4.999362015051214692e-01 4.999362015051214692e-01
6.500000000000000000e+01 3.744792959289989787e-01 3.744792959289989787e-01 3.744792959289989787e-01 3.744792959289989787e-01
6.600000000000000000e+01 -1.198751111163587763e-01 -1.198751111163587763e-01 -1.198751111163587763e-01 -1.198751111163587763e-01
6.700000000000000000e+01 -6.581766848967215977e-02 -6.581766848967215977e-02 -6.581766848967215977e-02 -6.581766848967215977e-02
6.800000000000000000e+01 6.228075322490763538e-02 6.228075322490763538e-02 6.228075322490763538e-02 6.228075322490763538e-02
6.900000000000000000e+01 3.289393338088260343e-02 3.289393338088260343e-02 3.289393338088260343e-02 3.289393338088260343e-02
7.000000000000000000e+01 -7.572432524930701805e-03 -7.572432524930701805e-03 -7.572432524930701805e-03 -7.572432524930701805e-03
7.100000000000000000e+01 1.254533765435980053e-01 1.254533765435980053e-01 1.254533765435980053e-01 1.254533765435980053e-01
7.200000000000000000e+01 -7.079572243816782207e-04 -7.079572243816782207e-04 -7.079572243816782207e-04 -7.079572243816782207e-04
7.300000000000000000e+01 -1.017584764663926333e-01 -1.017584764663926333e-01 -1.017584764663926333e-01 -1.017584764663926333e-01
7.400000000000000000e+01 -1.100647303517131824e-02 -1.100647303517131824e-02 -1.100647303517131824e-02 -1.100647303517131824e-02
7.500000000000000000e+01 -2.987879091722804858e-01 -2.987879091722804858e-01 -2.987879091722804858e-01 -2.987879091722804858e-01
7.600000000000000000e+01 -2.495296138332096514e-01 -2.495296138332096514e-01 -2.495296138332096514e-01 -2.495296138332096514e-01
7.700000000000000000e+01 -2.646235998764137620e-01 -2.646235998764137620e-01 -2.646235998764137620e-01 -2.646235998764137620e-01
7.800000000000000000e+01 2.478401802105110741e-01 2.478401802105110741e-01 2.478401802105110741e-01 2.478401802105110741e-01
7.900000000000000000e+01 -2.186374783687695944e-01 -2.186374783687695944e-01 -2.186374783687695944e-01 -2.186374783687695944e-01
8.000000000000000000e+01 -2.548820874238928447e-01 -2.548820874238928447e-01 -2.548820874238928447e-01 -2.548820874238928447e-01
8.100000000000000000e+01 3.026765208811116881e-01 3.026765208811116881e-01 3.026765208811116881e-01 3.026765208811116881e-01
8.200000000000000000e+01 -1.693510171436418688e-02 -1.693510171436418688e-02 -1.693510171436418688e-02 -1.693510171436418688e-02
8.300000000000000000e+01 -1.606296721928201776e-01 -1.606296721928201776e-01 -1.606296721928201776e-01 -1.606296721928201776e-01
8.400000000000000000e+01 2.412150288165608170e-01 2.412150288165608170e-01 2.412150288165608170e-01 2.412150288165608170e-01
8.500000000000000000e+01 -3.615048135080678460e-01 -3.615048135080678460e-01 -3.615048135080678460e-01 -3.615048135080678460e-01
8.600000000000000000e+01 2.645656399641444292e-02 2.645656399641444292e-02 2.645656399641444292e-02 2.645656399641444292e-02
8.700000000000000000e+01 -1.293024579572399912e-01 -1.293024579572399912e-01 -1.293024579572399912e-01 -1.293024579572399912e-01
8.800000000000000000e+01 -1.911964748830516370e-01 -1.911964748830516370e-01 -1.911964748830516370e-01 -1.911964748830516370e-01
8.900000000000000000e+01 2.215217186790822690e-01 2.215217186790822690e-01 2.215217186790822690e-01 2.215217186790822690e-01
9.000000000000000000e+01 -3.846411939636430050e-02 -3.846411939636430050e-02 -3.846411939636430050e-02 -3.846411939636430050e-02
9.100000000000000000e+01 -8.043000722707326078e-02 -8.043000722707326078e-02 -8.043000722707326078e-02 -8.043000722707326078e-02
9.200000000000000000e+01 9.262546094359953852e-02 9.262546094359953852e-02 9.262546094359953852e-02 9.262546094359953852e-02
9.300000000000000000e+01 1.086548736088257302e-03 1.086548736088257302e-03 1.086548736088257302e-03 1.086548736088257302e-03
9.400000000000000000e+01 -2.086510369690275715e-02 -2.086510369690275715e-02 -2.086510369690275715e-02 -2.086510369690275715e-02
9.500000000000000000e+01 -4.580525641687990812e-02 -4.580525641687990812e-02 -4.580525641687990812e-02 -4.580525641687990812e-02
9.600000000000000000e+01 -2.187005161577451340e-01 -2.187005161577451340e-01 -2.187005161577451340e-01 -2.187005161577451340e-01
9.700000000000000000e+01 1.158580167231346297e-01 1.158580167231346297e-01 1.158580167231346297e-01 1.158580167231346297e-01
9.800000000000000000e+01 1.985647108159206350e-02 1.985647108159206350e-02 1.985647108159206350e-02 1.985647108159206350e-02
9.900000000000000000e+01 8.999177307865029174e-02 8.999177307865029174e-02 8.999177307865029174e-02 8.999177307865029174e-02
1.000000000000000000e+02 5.801779892708255199e-02 5.801779892708255199e-02 5.801779892708255199e-02 5.801779892708255199e-02
1.010000000000000000e+02 7.600466478911262203e-02 7.600466478911262203e-02 7.600466478911262203e-02 7.600466478911262203e-02
1.020000000000000000e+02 2.457317327645664740e-01 2.457317327645664740e-01 2.457317327645664740e-01 2.457317327645664740e-01
1.030000000000000000e+02 -2.527900361522414929e-01 -2.527900361522414929e-01 -2.527900361522414929e-01 -2.527900361522414929e-01
1.040000000000000000e+02 -3.765123817526722094e-02 -3.765123817526722094e-02 -3.765123817526722094e-02 -3.765123817526722094e-02
1.050000000000000000e+02 3.386372266360235805e-01 3.386372266360235805e-01 3.386372266360235805e-01 3.386372266360235805e-01
1.060000000000000000e+02 -3.704721523161660923e-01 -3.704721523161660923e-01 -3.704721523161660923e-01 -3.704721523161660923e-01
1.070000000000000000e+02 -1.879915753872035133e-01 -1.879915753872035133e-01 -1.879915753872035133e-01 -1.879915753872035133e-01
1.080000000000000000e+02 -2.266483685337092047e-01 -2.266483685337092047e-01 -2.266483685337092047e-01 -2.266483685337092047e-01
1.090000000000000000e+02 -1.605040085931566940e-01 -1.605040085931566940e-01 -1.605040085931566940e-01 -1.605040085931566940e-01
1.100000000000000000e+02 4.401843294869124956e-01 4.401843294869124956e-01 4.401843294869124956e-01 4.401843294869124956e-01
1.110000000000000000e+02 -3.444085307538451990e-01 -3.444085307538451990e-01 -3.444085307538451990e-01 -3.444085307538451990e-01
1.120000000000000000e+02 1.740983061115315353e-02 1.740983061115315353e-02 1.740983061115315353e-02 1.740983061115315353e-02
1.130000000000000000e+02 -1.353380927419293167e-01 -1.353380927419293167e-01 -1.353380927419293167e-01 -1.353380927419293167e-01
1.140000000000000000e+02 -1.404609051745119852e-01 -1.404609051745119852e-01 -1.404609051745119852e-01 -1.404609051745119852e-01
1.150000000000000000e+02 2.647999721290748565e-01 2.647999721290748565e-01 2.647999721290748565e-01 2.647999721290748565e-01
1.160000000000000000e+02 -4.075828773464540422e-02 -4.075828773464540422e-02 -4.075828773464540422e-02 -4.075828773464540422e-02
1.170000000000000000e+02 3.343064381161327536e-01 3.343064381161327536e-01 3.343064381161327536e-01 3.343064381161327536e-01
1.180000000000000000e+02 2.262368091821079785e-01 2.262368091821079785e-01 2.262368091821079785e-01 2.262368091821079785e-01
