0.000000000000000000e+00 -1.566603094199789381e-01 -1.566603094199789381e-01 -1.566603094199789381e-01 -1.566603094199789381e-01
1.000000000000000000e+00 -1.398773078151994698e-01 -1.398773078151994698e-01 -1.398773078151994698e-01 -1.398773078151994698e-01
2.000000000000000000e+00 -7.802896487531071346e-01 -7.802896487531071346e-01 -7.802896487531071346e-01 -7.802896487531071346e-01
3.000000000000000000e+00 -3.652880644066835991e-01 -3.652880644066835991e-01 -3.652880644066835991e-01 -3.652880644066835991e-01
4.000000000000000000e+00 -7.983438026564528833e-01 -7.983438026564528833e-01 -7.983438026564528833e-01 -7.983438026564528833e-01
5.000000000000000000e+00 6.897764839771548528e-01 6.897764839771548528e-01 6.897764839771548528e-01 6.897764839771548528e-01
6.000000000000000000e+00 5.183434466296031884e-01 5.183434466296031884e-01 5.183434466296031884e-01 5.183434466296031884e-01
7.000000000000000000e+00 -8.470016550309483749e-02 -8.470016550309483749e-02 -8.470016550309483749e-02 -8.470016550309483749e-02
8.000000000000000000e+00 -1.213819245824201143e-01 -1.213819245824201143e-01 -1.213819245824201143e-01 -1.213819245824201143e-01
9.000000000000000000e+00 3.513766117464460770e-01 3.513766117464460770e-01 3.513766117464460770e-01 3.513766117464460770e-01
1.000000000000000000e+01 -3.766346944380233874e-01 -3.766346944380233874e-01 -3.766346944380233874e-01 -3.766346944380233874e-01
1.100000000000000000e+01 5.688684339196751344e-02 5.688684339196751344e-02 5.688684339196751344e-02 5.688684339196751344e-02
1.200000000000000000e+01 -1.198990522890677479e-01 -1.198990522890677479e-01 -1.198990522890677479e-01 -1.198990522890677479e-01
1.300000000000000000e+01 -7.094194228844349359e-01 -7.094194228844349359e-01 -7.094194228844349359e-01 -7.094194228844349359e-01
1.400000000000000000e+01 -2.161457312295880784e-01 -2.161457312295880784e-01 -2.161457312295880784e-01 -2.161457312295880784e-01
1.500000000000000000e+01 -1.761643706463011938e-01 -1.761643706463011938e-01 -1.761643706463011938e-01 -1.761643706463011938e-01
1.600000000000000000e+01 5.226098103224333102e-02 5.226098103224333102e-02 5.226098103224333102e-02 5.226098103224333102e-02
1.700000000000000000e+01 8.146997057518844398e-01 8.146997057518844398e-01 8.146997057518844398e-01 8.146997057518844398e-01
1.800000000000000000e+01 3.558391362174027628e-01 3.558391362174027628e-01 3.558391362174027628e-01 3.558391362174027628e-01
1.900000000000000000e+01 -6.125011330884495564e-01 -6.125011330884495564e-01 -6.125011330884495564e-01 -6.125011330884495564e-01
2.000000000000000000e+01 -9.272925435669641947e-02 -9.272925435669641947e-02 -9.272925435669641947e-02 -9.272925435669641947e-02
2.100000000000000000e+01 -1.336481011979651357e-01 -1.336481011979651357e-01 -1.336481011979651357e-01 -1.336481011979651357e-01
2.200000000000000000e+01 -2.146407134274648243e+00 -2.146407134274648243e+00 -2.146407134274648243e+00 -2.146407134274648243e+00
2.300000000000000000e+01 1.330014831847014523e-01 1.330014831847014523e-01 1.330014831847014523e-01 1.330014831847014523e-01
2.400000000000000000e+01 -8.291559018316787544e-01 -8.291559018316787544e-01 -8.291559018316787544e-01 -8.291559018316787544e-01
2.500000000000000000e+01 -1.370694512001303655e+00 -1.370694512001303655e+00 -1.370694512001303655e+00 -1.370694512001303655e+00
2.600000000000000000e+01 -1.095086107874102987e+00 -1.095086107874102987e+00 -1.095086107874102987e+00 -1.095086107874102987e+00
2.700000000000000000e+01 -9.630564836091730641e-01 -9.630564836091730641e-01 -9.630564836091730641e-01 -9.630564836091730641e-01
2.800000000000000000e+01 -6.002334507155525634e-01 -6.002334507155525634e-01 -6.002334507155525634e-01 -6.002334507155525634e-01
2.900000000000000000e+01 -6.643025695722474255e-01 -6.643025695722474255e-01 -6.643025695722474255e-01 -6.643025695722474255e-01
3.000000000000000000e+01 -3.715147523436595489e-01 -3.715147523436595489e-01 -3.715147523436595489e-01 -3.715147523436595489e-01
3.100000000000000000e+01 3.039736539248706904e-01 3.039736539248706904e-01 3.039736539248706904e-01 3.039736539248706904e-01
3.200000000000000000e+01 -3.104825120871853583e-01 -3.104825120871853583e-01 -3.104825120871853583e-01 -3.104825120871853583e-01
3.300000000000000000e+01 -4.061260355735198946e-01 -4.061260355735198946e-01 -4.061260355735198946e-01 -4.061260355735198946e-01
3.400000000000000000e+01 -3.859999024702768788e-01 -3.859999024702768788e-01 -3.859999024702768788e-01 -3.859999024702768788e-01
3.500000000000000000e+01 4.048235667824472417e-01 4.048235667824472417e-01 4.048235667824472417e-01 4.048235667824472417e-01
3.600000000000000000e+01 7.667665429250047904e-01 7.667665429250047904e-01 7.667665429250047904e-01 7.667665429250047904e-01
3.700000000000000000e+01 2.297274609520825461e-01 2.297274609520825461e-01 2.297274609520825461e-01 2.297274609520825461e-01
3.800000000000000000e+01 5.087418131275118771e-01 5.087418131275118771e-01 5.087418131275118771e-01 5.087418131275118771e-01
3.900000000000000000e+01 5.284417108572888461e-02 5.284417108572888461e-02 5.284417108572888461e-02 5.284417108572888461e-02
4.000000000000000000e+01 -1.121584216385243943e-01 -1.121584216385243943e-01 -1.121584216385243943e-01 -1.121584216385243943e-01
4.100000000000000000e+01 1.474890399485005998e-01 1.474890399485005998e-01 1.474890399485005998e-01 1.474890399485005998e-01
4.200000000000000000e+01 4.819853597745855645e-01 4.819853597745855645e-01 4.819853597745855645e-01 4.819853597745855645e-01
4.300000000000000000e+01 3.160564627188511833e-01 3.160564627188511833e-01 3.160564627188511833e-01 3.160564627188511833e-01
4.400000000000000000e+01 -3.291713169637162095e-01 -3.291713169637162095e-01 -3.291713169637162095e-01 -3.291713169637162095e-01
4.500000000000000000e+01 -5.753842052580377536e-02 -5.753842052580377536e-02 -5.753842052580377536e-02 -5.753842052580377536e-02
4.600000000000000000e+01 8.454917896660983923e-01 8.454917896660983923e-01 8.454917896660983923e-01 8.454917896660983923e-01
4.700000000000000000e+01 -3.505545405487491828e-01 -3.505545405487491828e-01 -3.505545405487491828e-01 -3.505545405487491828e-01
4.800000000000000000e+01 1.005734723573569189e+00 1.005734723573569189e+00 1.005734723573569189e+00 1.005734723573569189e+00
4.900000000000000000e+01 5.464890244667525154e-01 5.464890244667525154e-01 5.464890244667525154e-01 5.464890244667525154e-01
5.000000000000000000e+01 -1.790640192722290913e-01 -1.790640192722290913e-01 -1.790640192722290913e-01 -1.790640192722290913e-01
5.100000000000000000e+01 -1.918777759958454066e-01 -1.918777759958454066e-01 -1.918777759958454066e-01 -1.918777759958454066e-01
5.200000000000000000e+01 3.810513292693398224e-01 3.810513292693398224e-01 3.810513292693398224e-01 3.810513292693398224e-01
5.300000000000000000e+01 7.357567670407466620e-01 7.357567670407466620e-01 7.357567670407466620e-01 7.357567670407466620e-01
5.400000000000000000e+01 6.566492140773299013e-01 6.566492140773299013e-01 6.566492140773299013e-01 6.566492140773299013e-01
5.500000000000000000e+01 -4.620907142475406126e-01 -4.620907142475406126e-01 -4.620907142475406126e-01 -4.620907142475406126e-01
5.600000000000000000e+01 -5.024196203747717249e-01 -5.024196203747717249e-01 -5.024196203747717249e-01 -5.024196203747717249e-01
5.700000000000000000e+01 8.051737278538813325e-02 8.051737278538813325e-02 8.051737278538813325e-02 8.051737278538813325e-02
5.800000000000000000e+01 3.077741347336667155e-01 3.077741347336667155e-01 3.077741347336667155e-01 3.077741347336667155e-01
5.900000000000000000e+01 -1.110301270347117397e-01 -1.110301270347117397e-01 -1.110301270347117397e-01 -1.110301270347117397e-01
6.000000000000000000e+01 -3.124622554834837196e-01 -3.124622554834837196e-01 -3.124622554834837196e-01 -3.124622554834837196e-01
6.100000000000000000e+01 -3.539973599801625737e-01 -3.539973599801625737e-01 -3.539973599801625737e-01 -3.539973599801625737e-01
6.200000000000000000e+01 8.211114156828262789e-02 8.211114156828262789e-02 8.211114156828262789e-02 8.211114156828262789e-02
6.300000000000000000e+01 -5.171085713497740322e-02 -5.171085713497740322e-02 -5.171085713497740322e-02 -5.171085713497740322e-02
6.400000000000000000e+01 5.947275054199174793e-01 5.947275054199174793e-01 5.947275054199174793e-01 5.947275054199174793e-01
6.500000000000000000e+01 -5.351774759686352967e-01 -5.351774759686352967e-01 -5.351774759686352967e-01 -5.351774759686352967e-01
6.600000000000000000e+01 5.363753576758981678e-01 5.363753576758981678e-01 5.363753576758981678e-01 5.363753576758981678e-01
6.700000000000000000e+01 -8.813085689586083182e-01 -8.813085689586083182e-01 -8.813085689586083182e-01 -8.813085689586083182e-01
6.800000000000000000e+01 1.363268731674815715e-01 1.363268731674815715e-01 1.363268731674815715e-01 1.363268731674815715e-01
6.900000000000000000e+01 -1.577095149127683282e-01 -1.577095149127683282e-01 -1.577095149127683282e-01 -1.577095149127683282e-01
7.000000000000000000e+01 2.428094660631003321e-01 2.428094660631003321e-01 2.428094660631003321e-01 2.428094660631003321e-01
7.100000000000000000e+01 5.508419620604754208e-01 5.508419620604754208e-01 5.508419620604754208e-01 5.508419620604754208e-01
7.200000000000000000e+01 2.142170384327041766e-01 2.142170384327041766e-01 2.142170384327041766e-01 2.142170384327041766e-01
7.300000000000000000e+01 -2.263407560971567867e-01 -2.263407560971567867e-01 -2.263407560971567867e-01 -2.263407560971567867e-01
7.400000000000000000e+01 -2.856328831002939023e-02 -2.856328831002939023e-02 -2.856328831002939023e-02 -2.856328831002939023e-02
7.500000000000000000e+01 2.462116120142398557e-01 2.462116120142398557e-01 2.462116120142398557e-01 2.462116120142398557e-01
7.600000000000000000e+01 5.605661962942430909e-01 5.605661962942430909e-01 5.605661962942430909e-01 5.605661962942430909e-01
7.700000000000000000e+01 -1.551426514886140584e-01 -1.551426514886140584e-01 -1.551426514886140584e-01 -1.551426514886140584e-01
7.800000000000000000e+01 -1.287838417787654233e-01 -1.287838417787654233e-01 -1.287838417787654233e-01 -1.287838417787654233e-01
7.900000000000000000e+01 -1.895103510199954988e-01 -1.895103510199954988e-01 -1.895103510199954988e-01 -1.895103510199954988e-01
8.000000000000000000e+01 3.101758957649504156e-01 3.101758957649504156e-01 3.101758957649504156e-01 3.101758957649504156e-01
8.100000000000000000e+01 -5.291368232461302057e-01 -5.291368232461302057e-01 -5.291368232461302057e-01 -5.291368232461302057e-01
8.200000000000000000e+01 4.655791376047145880e-01 4.655791376047145880e-01 4.655791376047145880e-01 4.655791376047145880e-01
8.300000000000000000e+01 -1.107455623323237770e+00 -1.107455623323237770e+00 -1.107455623323237770e+00 -1.107455623323237770e+00
8.400000000000000000e+01 7.274497465849324440e-01 7.274497465849324440e-01 7.274497465849324440e-01 7.274497465849324440e-01
8.500000000000000000e+01 3.106201410844283695e-01 3.106201410844283695e-01 3.106201410844283695e-01 3.106201410844283695e-01
8.600000000000000000e+01 -1.930622125086557672e-01 -1.930622125086557672e-01 -1.930622125086557672e-01 -1.930622125086557672e-01
8.700000000000000000e+01 1.434454881138378157e+00 1.434454881138378157e+00 1.434454881138378157e+00 1.434454881138378157e+00
8.800000000000000000e+01 8.172979122388752682e-01 8.172979122388752682e-01 8.172979122388752682e-01 8.172979122388752682e-01
8.900000000000000000e+01 5.782514448712581245e-01 5.782514448712581245e-01 5.782514448712581245e-01 5.782514448712581245e-01
9.000000000000000000e+01 -2.491925406704469936e-01 -2.491925406704469936e-01 -2.491925406704469936e-01 -2.491925406704469936e-01
9.100000000000000000e+01 1.579888078782279714e-01 1.579888078782279714e-01 1.579888078782279714e-01 1.579888078782279714e-01
9.200000000000000000e+01 -6.991857898265722848e-02 -6.991857898265722848e-02 -6.991857898265722848e-02 -6.991857898265722848e-02
9.300000000000000000e+01 -7.860023398220429558e-02 -7.860023398220429558e-02 -7.860023398220429558e-02 -7.860023398220429558e-02
9.400000000000000000e+01 1.148553974323554216e+00 1.148553974323554216e+00 1.148553974323554216e+00 1.148553974323554216e+00
9.500000000000000000e+01 -2.590467205233790149e-01 -2.590467205233790149e-01 -2.590467205233790149e-01 -2.590467205233790149e-01
9.600000000000000000e+01 -7.141169000439681058e-01 -7.141169000439681058e-01 -7.141169000439681058e-01 -7.141169000439681058e-01
9.700000000000000000e+01 -1.285529870479550085e-01 -1.285529870479550085e-01 -1.285529870479550085e-01 -1.285529870479550085e-01
9.800000000000000000e+01 -7.675616646928667963e-02 -7.675616646928667963e-02 -7.675616646928667963e-02 -7.675616646928667963e-02
9.900000000000000000e+01 -2.261404865733940284e-01 -2.261404865733940284e-01 -2.261404865733940284e-01 -2.261404865733940284e-01
1.000000000000000000e+02 -2.293149726459398768e-02 -2.293149726459398768e-02 -2.293149726459398768e-02 -2.293149726459398768e-02
1.010000000000000000e+02 -1.237134457801116749e-01 -1.237134457801116749e-01 -1.237134457801116749e-01 -1.237134457801116749e-01
1.020000000000000000e+02 2.806262368972466462e-02 2.806262368972466462e-02 2.806262368972466462e-02 2.806262368972466462e-02
1.030000000000000000e+02 3.536333416732979074e-01 3.536333416732979074e-01 3.536333416732979074e-01 3.536333416732979074e-01
1.040000000000000000e+02 -2.203299955508984109e-01 -2.203299955508984109e-01 -2.203299955508984109e-01 -2.203299955508984109e-01
1.050000000000000000e+02 2.531341388011198457e-01 2.531341388011198457e-01 2.531341388011198457e-01 2.531341388011198457e-01
1.060000000000000000e+02 -2.512815316019714196e-01 -2.512815316019714196e-01 -2.512815316019714196e-01 -2.512815316019714196e-01
1.070000000000000000e+02 5.569895190853051403e-01 5.569895190853051403e-01 5.569895190853051403e-01 5.569895190853051403e-01
1.080000000000000000e+02 2.722875109906385815e-01 2.722875109906385815e-01 2.722875109906385815e-01 2.722875109906385815e-01
1.090000000000000000e+02 -2.585796532981513574e-01 -2.585796532981513574e-01 -2.585796532981513574e-01 -2.585796532981513574e-01
1.100000000000000000e+02 -1.490106742357610037e-01 -1.490106742357610037e-01 -1.490106742357610037e-01 -1.490106742357610037e-01
1.110000000000000000e+02 -1.116627605304059800e+00 -1.116627605304059800e+00 -1.116627605304059800e+00 -1.116627605304059800e+00
1.120000000000000000e+02 7.949475396028662932e-02 7.949475396028662932e-02 7.949475396028662932e-02 7.949475396028662932e-02
1.130000000000000000e+02 6.146647029185138278e-01 6.146647029185138278e-01 6.146647029185138278e-01 6.146647029185138278e-01
1.140000000000000000e+02 1.302343595592852891e-02 1.302343595592852891e-02 1.302343595592852891e-02 1.302343595592852891e-02
1.150000000000000000e+02 5.192670442588203095e-01 5.192670442588203095e-01 5.192670442588203095e-01 5.192670442588203095e-01
1.160000000000000000e+02 9.244949475550013132e-03 9.244949475550013132e-03 9.244949475550013132e-03 9.244949475550013132e-03
1.170000000000000000e+02 -8.898270257254431437e-02 -8.898270257254431437e-02 -8.898270257254431437e-02 -8.898270257254431437e-02
1.180000000000000000e+02 6.509996481937782020e-01 6.509996481937782020e-01 6.509996481937782020e-01 6.509996481937782020e-01
