Time-delay1
-2.381663294703531442e+00
-2.162739859145110355e+00
-2.407878216743013056e+00
-1.008253610344087337e+00
-4.135372274518185343e-01
-2.633384920848171884e-01
-9.997471848000292205e-01
-1.354002327541994621e-01
6.446589239912701996e-02
-3.952162977580163106e-01
4.829210357795425401e-01
2.795707091299844960e-01
2.555918583684928524e-01
5.457889329172336268e-01
5.438042936739796440e-01
6.804082100778259257e-01
7.814495236078519147e-01
8.268382426680307429e-01
9.020817470328861276e-01
8.182235217463560417e-01
7.516197855516024706e-01
7.919056184887787175e-01
5.958011195104208069e-01
7.901713030012773586e-01
5.790106487269702784e-01
5.566970929766843490e-01
6.178557982407393290e-01
5.886427369159829004e-01
5.594286434333748392e-01
4.708023110150370560e-01
6.414500661677594584e-01
4.317237832353345017e-01
7.029493929377631511e-01
6.381167520513395530e-01
7.743824469607316630e-01
8.166894233333753528e-01
1.132046614129740503e+00
9.093721859708304711e-01
1.058506258957868207e+00
9.892360429738132899e-01
9.778662602141553473e-01
9.454775701645703467e-01
1.085331663175997052e+00
8.560424167882021429e-01
9.496258873866234573e-01
9.451455222726689032e-01
2.181359684069561489e+00
7.879989405854997964e-01
2.051353365342852619e+00
8.663960927758628250e-01
1.423579452530026268e+00
7.734500029462914039e-01
9.094107801981343719e-01
1.554810261243005698e+00
9.551891226976066962e-01
1.219479622318843770e+00
1.242713693385941731e+00
1.441369874000913320e+00
1.182871607923947854e+00
1.213792254730059472e+00
1.444052630931571102e+00
1.444256723227989703e+00
1.422814763969572072e+00
1.474394196024429782e+00
1.320222336605503255e+00
1.186735741495877905e+00
1.307848452692538244e+00
1.023396910436707552e+00
1.324366306142764849e+00
1.329801386607454727e+00
1.565100323793731540e+00
1.446301263114409652e+00
9.982419628406311585e-01
1.523173354561433213e+00
1.114330492043337895e+00
1.433227668744326833e+00
1.247944399508319480e+00
1.496764675385693133e+00
1.517327899691270021e+00
1.556720144409463602e+00
1.688904037351967480e+00
1.435587695226375304e+00
1.578332368467360247e+00
1.424099970445268593e+00
1.216647208011973458e+00
1.073747434382665400e+00
1.008279509842074262e+00
1.196927474217296172e+00
9.586503809008265486e-01
1.388439652578114192e+00
1.206440796094797374e+00
1.604328035786747098e+00
8.623106698625703226e-01
6.677693405156537310e-01
9.944338238236993810e-01
9.908894345444053675e-01
1.277952833324801141e+00
1.120641341317288431e+00
9.529306641398075373e-01
9.650923598045609841e-01
1.258523862949211702e+00
1.095690851525206178e+00
1.184467146489714517e+00
8.797924665500331809e-01
8.728079667788889440e-01
7.527804057972810048e-01
5.947315092414868776e-01
4.752995378123626713e-01
6.314412965091441565e-01
9.369761457459753196e-01
7.934665253325817735e-01
9.215913521135213893e-01
7.921570845694881902e-01
9.862314711682692581e-01
8.568792257178652338e-01
1.043902179797751018e+00
1.228092228945633302e+00
1.319382234760578365e+00
1.210363207573221134e+00
1.338422909237459102e+00
