0.000000000000000000e+00 -1.325418614024924224e+00 -1.325418614024924224e+00 -1.325418614024924224e+00 -1.325418614024924224e+00
1.000000000000000000e+00 -9.724562486739550815e-01 -9.724562486739550815e-01 -9.724562486739550815e-01 -9.724562486739550815e-01
2.000000000000000000e+00 -6.582404790487632606e-01 -6.582404790487632606e-01 -6.582404790487632606e-01 -6.582404790487632606e-01
3.000000000000000000e+00 -5.939634502522310733e-01 -5.939634502522310733e-01 -5.939634502522310733e-01 -5.939634502522310733e-01
4.000000000000000000e+00 -2.247968058911880007e-01 -2.247968058911880007e-01 -2.247968058911880007e-01 -2.247968058911880007e-01
5.000000000000000000e+00 -6.588412291121795161e-02 -6.588412291121795161e-02 -6.588412291121795161e-02 -6.588412291121795161e-02
6.000000000000000000e+00 -1.899800800753426167e-01 -1.899800800753426167e-01 -1.899800800753426167e-01 -1.899800800753426167e-01
7.000000000000000000e+00 -8.321543510266499188e-01 -8.321543510266499188e-01 -8.321543510266499188e-01 -8.321543510266499188e-01
8.000000000000000000e+00 -1.110148124757923127e-01 -1.110148124757923127e-01 -1.110148124757923127e-01 -1.110148124757923127e-01
9.000000000000000000e+00 -4.130232785407374207e-02 -4.130232785407374207e-02 -4.130232785407374207e-02 -4.130232785407374207e-02
1.000000000000000000e+01 4.942664489662486060e-01 4.942664489662486060e-01 4.942664489662486060e-01 4.942664489662486060e-01
1.100000000000000000e+01 5.793834669713058272e-01 5.793834669713058272e-01 5.793834669713058272e-01 5.793834669713058272e-01
1.200000000000000000e+01 6.428725665278106627e-01 6.428725665278106627e-01 6.428725665278106627e-01 6.428725665278106627e-01
1.300000000000000000e+01 7.061605906185727255e-01 7.061605906185727255e-01 7.061605906185727255e-01 7.061605906185727255e-01
1.400000000000000000e+01 6.880393422548581883e-01 6.880393422548581883e-01 6.880393422548581883e-01 6.880393422548581883e-01
1.500000000000000000e+01 8.698291380776592696e-01 8.698291380776592696e-01 8.698291380776592696e-01 8.698291380776592696e-01
1.600000000000000000e+01 9.064829155627214252e-01 9.064829155627214252e-01 9.064829155627214252e-01 9.064829155627214252e-01
1.700000000000000000e+01 7.548032722753176271e-01 7.548032722753176271e-01 7.548032722753176271e-01 7.548032722753176271e-01
1.800000000000000000e+01 8.257653884837082847e-01 8.257653884837082847e-01 8.257653884837082847e-01 8.257653884837082847e-01
1.900000000000000000e+01 8.681449244548897770e-01 8.681449244548897770e-01 8.681449244548897770e-01 8.681449244548897770e-01
2.000000000000000000e+01 7.112970790070676230e-01 7.112970790070676230e-01 7.112970790070676230e-01 7.112970790070676230e-01
2.100000000000000000e+01 9.133353966389103906e-01 9.133353966389103906e-01 9.133353966389103906e-01 9.133353966389103906e-01
2.200000000000000000e+01 1.049472167880289852e+00 1.049472167880289852e+00 1.049472167880289852e+00 1.049472167880289852e+00
2.300000000000000000e+01 5.524133175339976942e-01 5.524133175339976942e-01 5.524133175339976942e-01 5.524133175339976942e-01
2.400000000000000000e+01 1.313103890030127729e+00 1.313103890030127729e+00 1.313103890030127729e+00 1.313103890030127729e+00
2.500000000000000000e+01 1.556651381699368564e+00 1.556651381699368564e+00 1.556651381699368564e+00 1.556651381699368564e+00
2.600000000000000000e+01 1.659628454036061518e+00 1.659628454036061518e+00 1.659628454036061518e+00 1.659628454036061518e+00
2.700000000000000000e+01 1.560687482932762604e+00 1.560687482932762604e+00 1.560687482932762604e+00 1.560687482932762604e+00
2.800000000000000000e+01 1.588197833322029240e+00 1.588197833322029240e+00 1.588197833322029240e+00 1.588197833322029240e+00
2.900000000000000000e+01 1.612627187525848882e+00 1.612627187525848882e+00 1.612627187525848882e+00 1.612627187525848882e+00
3.000000000000000000e+01 1.532275981170260426e+00 1.532275981170260426e+00 1.532275981170260426e+00 1.532275981170260426e+00
3.100000000000000000e+01 1.631948346228413893e+00 1.631948346228413893e+00 1.631948346228413893e+00 1.631948346228413893e+00
3.200000000000000000e+01 1.756364857134704582e+00 1.756364857134704582e+00 1.756364857134704582e+00 1.756364857134704582e+00
3.300000000000000000e+01 1.714385388557761125e+00 1.714385388557761125e+00 1.714385388557761125e+00 1.714385388557761125e+00
3.400000000000000000e+01 1.865582570618274261e+00 1.865582570618274261e+00 1.865582570618274261e+00 1.865582570618274261e+00
3.500000000000000000e+01 1.739497303675433981e+00 1.739497303675433981e+00 1.739497303675433981e+00 1.739497303675433981e+00
3.600000000000000000e+01 1.682964926458559329e+00 1.682964926458559329e+00 1.682964926458559329e+00 1.682964926458559329e+00
3.700000000000000000e+01 1.827742008258977036e+00 1.827742008258977036e+00 1.827742008258977036e+00 1.827742008258977036e+00
3.800000000000000000e+01 1.942780375885595268e+00 1.942780375885595268e+00 1.942780375885595268e+00 1.942780375885595268e+00
3.900000000000000000e+01 1.436097217873526732e+00 1.436097217873526732e+00 1.436097217873526732e+00 1.436097217873526732e+00
4.000000000000000000e+01 1.681061082487601777e+00 1.681061082487601777e+00 1.681061082487601777e+00 1.681061082487601777e+00
4.100000000000000000e+01 2.210136393495957030e+00 2.210136393495957030e+00 2.210136393495957030e+00 2.210136393495957030e+00
4.200000000000000000e+01 2.378551536893103169e+00 2.378551536893103169e+00 2.378551536893103169e+00 2.378551536893103169e+00
4.300000000000000000e+01 3.238152417538358918e+00 3.238152417538358918e+00 3.238152417538358918e+00 3.238152417538358918e+00
4.400000000000000000e+01 2.681648759556666484e+00 2.681648759556666484e+00 2.681648759556666484e+00 2.681648759556666484e+00
4.500000000000000000e+01 2.621555967198364367e+00 2.621555967198364367e+00 2.621555967198364367e+00 2.621555967198364367e+00
4.600000000000000000e+01 2.554615237247781945e+00 2.554615237247781945e+00 2.554615237247781945e+00 2.554615237247781945e+00
4.700000000000000000e+01 2.528915056584000620e+00 2.528915056584000620e+00 2.528915056584000620e+00 2.528915056584000620e+00
4.800000000000000000e+01 2.168430061675661324e+00 2.168430061675661324e+00 2.168430061675661324e+00 2.168430061675661324e+00
4.900000000000000000e+01 2.331019609397702474e+00 2.331019609397702474e+00 2.331019609397702474e+00 2.331019609397702474e+00
5.000000000000000000e+01 2.372220214258841331e+00 2.372220214258841331e+00 2.372220214258841331e+00 2.372220214258841331e+00
5.100000000000000000e+01 2.534667177742376598e+00 2.534667177742376598e+00 2.534667177742376598e+00 2.534667177742376598e+00
5.200000000000000000e+01 2.702000276211422580e+00 2.702000276211422580e+00 2.702000276211422580e+00 2.702000276211422580e+00
5.300000000000000000e+01 2.027365891308497758e+00 2.027365891308497758e+00 2.027365891308497758e+00 2.027365891308497758e+00
5.400000000000000000e+01 2.547060799401826170e+00 2.547060799401826170e+00 2.547060799401826170e+00 2.547060799401826170e+00
5.500000000000000000e+01 3.448881189600893293e+00 3.448881189600893293e+00 3.448881189600893293e+00 3.448881189600893293e+00
5.600000000000000000e+01 2.847680541527735532e+00 2.847680541527735532e+00 2.847680541527735532e+00 2.847680541527735532e+00
5.700000000000000000e+01 2.978751248036145771e+00 2.978751248036145771e+00 2.978751248036145771e+00 2.978751248036145771e+00
5.800000000000000000e+01 2.445854339978811520e+00 2.445854339978811520e+00 2.445854339978811520e+00 2.445854339978811520e+00
5.900000000000000000e+01 2.811344503070146050e+00 2.811344503070146050e+00 2.811344503070146050e+00 2.811344503070146050e+00
6.000000000000000000e+01 3.088861644669012474e+00 3.088861644669012474e+00 3.088861644669012474e+00 3.088861644669012474e+00
6.100000000000000000e+01 3.245007994058473066e+00 3.245007994058473066e+00 3.245007994058473066e+00 3.245007994058473066e+00
6.200000000000000000e+01 3.480922788212827967e+00 3.480922788212827967e+00 3.480922788212827967e+00 3.480922788212827967e+00
6.300000000000000000e+01 3.628412176914069143e+00 3.628412176914069143e+00 3.628412176914069143e+00 3.628412176914069143e+00
6.400000000000000000e+01 3.684128763107817228e+00 3.684128763107817228e+00 3.684128763107817228e+00 3.684128763107817228e+00
6.500000000000000000e+01 3.696931051282662750e+00 3.696931051282662750e+00 3.696931051282662750e+00 3.696931051282662750e+00
6.600000000000000000e+01 3.587113617375977892e+00 3.587113617375977892e+00 3.587113617375977892e+00 3.587113617375977892e+00
6.700000000000000000e+01 3.680130201437049386e+00 3.680130201437049386e+00 3.680130201437049386e+00 3.680130201437049386e+00
6.800000000000000000e+01 3.609392606299235418e+00 3.609392606299235418e+00 3.609392606299235418e+00 3.609392606299235418e+00
6.900000000000000000e+01 3.595531814272945770e+00 3.595531814272945770e+00 3.595531814272945770e+00 3.595531814272945770e+00
7.000000000000000000e+01 3.365267892674845829e+00 3.365267892674845829e+00 3.365267892674845829e+00 3.365267892674845829e+00
7.100000000000000000e+01 3.303654183647856346e+00 3.303654183647856346e+00 3.303654183647856346e+00 3.303654183647856346e+00
7.200000000000000000e+01 3.174945976226688060e+00 3.174945976226688060e+00 3.174945976226688060e+00 3.174945976226688060e+00
7.300000000000000000e+01 3.470415433319380405e+00 3.470415433319380405e+00 3.470415433319380405e+00 3.470415433319380405e+00
7.400000000000000000e+01 3.472654611829423033e+00 3.472654611829423033e+00 3.472654611829423033e+00 3.472654611829423033e+00
7.500000000000000000e+01 3.379222738700510931e+00 3.379222738700510931e+00 3.379222738700510931e+00 3.379222738700510931e+00
7.600000000000000000e+01 3.136252148458332112e+00 3.136252148458332112e+00 3.136252148458332112e+00 3.136252148458332112e+00
7.700000000000000000e+01 3.167790364224293498e+00 3.167790364224293498e+00 3.167790364224293498e+00 3.167790364224293498e+00
7.800000000000000000e+01 3.064274940927414814e+00 3.064274940927414814e+00 3.064274940927414814e+00 3.064274940927414814e+00
7.900000000000000000e+01 3.527341713416141999e+00 3.527341713416141999e+00 3.527341713416141999e+00 3.527341713416141999e+00
8.000000000000000000e+01 3.356226773025170473e+00 3.356226773025170473e+00 3.356226773025170473e+00 3.356226773025170473e+00
8.100000000000000000e+01 3.550334144761831290e+00 3.550334144761831290e+00 3.550334144761831290e+00 3.550334144761831290e+00
8.200000000000000000e+01 3.495022555800384456e+00 3.495022555800384456e+00 3.495022555800384456e+00 3.495022555800384456e+00
8.300000000000000000e+01 3.072693362706992115e+00 3.072693362706992115e+00 3.072693362706992115e+00 3.072693362706992115e+00
8.400000000000000000e+01 3.380246118242707265e+00 3.380246118242707265e+00 3.380246118242707265e+00 3.380246118242707265e+00
8.500000000000000000e+01 3.403885494309743631e+00 3.403885494309743631e+00 3.403885494309743631e+00 3.403885494309743631e+00
8.600000000000000000e+01 3.305008861281103272e+00 3.305008861281103272e+00 3.305008861281103272e+00 3.305008861281103272e+00
8.700000000000000000e+01 3.243325788740217597e+00 3.243325788740217597e+00 3.243325788740217597e+00 3.243325788740217597e+00
8.800000000000000000e+01 3.147529913887477271e+00 3.147529913887477271e+00 3.147529913887477271e+00 3.147529913887477271e+00
8.900000000000000000e+01 2.895011647310100411e+00 2.895011647310100411e+00 2.895011647310100411e+00 2.895011647310100411e+00
9.000000000000000000e+01 3.112350624273009458e+00 3.112350624273009458e+00 3.112350624273009458e+00 3.112350624273009458e+00
9.100000000000000000e+01 3.201072140028879076e+00 3.201072140028879076e+00 3.201072140028879076e+00 3.201072140028879076e+00
9.200000000000000000e+01 2.999872041105895892e+00 2.999872041105895892e+00 2.999872041105895892e+00 2.999872041105895892e+00
9.300000000000000000e+01 3.118544823150975365e+00 3.118544823150975365e+00 3.118544823150975365e+00 3.118544823150975365e+00
9.400000000000000000e+01 2.991742576979424584e+00 2.991742576979424584e+00 2.991742576979424584e+00 2.991742576979424584e+00
9.500000000000000000e+01 2.940869403494089429e+00 2.940869403494089429e+00 2.940869403494089429e+00 2.940869403494089429e+00
9.600000000000000000e+01 3.020653134246571891e+00 3.020653134246571891e+00 3.020653134246571891e+00 3.020653134246571891e+00
9.700000000000000000e+01 2.893017873804597517e+00 2.893017873804597517e+00 2.893017873804597517e+00 2.893017873804597517e+00
9.800000000000000000e+01 2.938409944328710388e+00 2.938409944328710388e+00 2.938409944328710388e+00 2.938409944328710388e+00
9.900000000000000000e+01 2.920098267631667355e+00 2.920098267631667355e+00 2.920098267631667355e+00 2.920098267631667355e+00
