0.000000000000000000e+00 -1.060193274179272449e-01 -1.060193274179272449e-01 -1.060193274179272449e-01 -1.060193274179272449e-01
1.000000000000000000e+00 -3.378446037861242840e-02 -3.378446037861242840e-02 -3.378446037861242840e-02 -3.378446037861242840e-02
2.000000000000000000e+00 -6.333605726185109752e-01 -6.333605726185109752e-01 -6.333605726185109752e-01 -6.333605726185109752e-01
3.000000000000000000e+00 -6.311501492154021620e-02 -6.311501492154021620e-02 -6.311501492154021620e-02 -6.311501492154021620e-02
4.000000000000000000e+00 -1.549814111486055579e-01 -1.549814111486055579e-01 -1.549814111486055579e-01 -1.549814111486055579e-01
5.000000000000000000e+00 -5.383871020727976076e-01 -5.383871020727976076e-01 -5.383871020727976076e-01 -5.383871020727976076e-01
6.000000000000000000e+00 -3.477615611913698057e-01 -3.477615611913698057e-01 -3.477615611913698057e-01 -3.477615611913698057e-01
7.000000000000000000e+00 5.252209402466929689e-01 5.252209402466929689e-01 5.252209402466929689e-01 5.252209402466929689e-01
8.000000000000000000e+00 5.863242603585088197e-01 5.863242603585088197e-01 5.863242603585088197e-01 5.863242603585088197e-01
9.000000000000000000e+00 2.328330785909808465e-01 2.328330785909808465e-01 2.328330785909808465e-01 2.328330785909808465e-01
1.000000000000000000e+01 7.918076143823092605e-02 7.918076143823092605e-02 7.918076143823092605e-02 7.918076143823092605e-02
1.100000000000000000e+01 2.933208625275077752e-01 2.933208625275077752e-01 2.933208625275077752e-01 2.933208625275077752e-01
1.200000000000000000e+01 3.279706541638267026e-01 3.279706541638267026e-01 3.279706541638267026e-01 3.279706541638267026e-01
1.300000000000000000e+01 2.979757285532297906e-01 2.979757285532297906e-01 2.979757285532297906e-01 2.979757285532297906e-01
1.400000000000000000e+01 5.363413505308246565e-01 5.363413505308246565e-01 5.363413505308246565e-01 5.363413505308246565e-01
1.500000000000000000e+01 6.173597979667865276e-01 6.173597979667865276e-01 6.173597979667865276e-01 6.173597979667865276e-01
1.600000000000000000e+01 6.788512363949780193e-01 6.788512363949780193e-01 6.788512363949780193e-01 6.788512363949780193e-01
1.700000000000000000e+01 7.082222265678834727e-01 7.082222265678834727e-01 7.082222265678834727e-01 7.082222265678834727e-01
1.800000000000000000e+01 7.988789819947640369e-01 7.988789819947640369e-01 7.988789819947640369e-01 7.988789819947640369e-01
1.900000000000000000e+01 7.321619667590174574e-01 7.321619667590174574e-01 7.321619667590174574e-01 7.321619667590174574e-01
2.000000000000000000e+01 6.503946179937778460e-01 6.503946179937778460e-01 6.503946179937778460e-01 6.503946179937778460e-01
2.100000000000000000e+01 4.492837119378136346e-01 4.492837119378136346e-01 4.492837119378136346e-01 4.492837119378136346e-01
2.200000000000000000e+01 2.692859157183510321e-01 2.692859157183510321e-01 2.692859157183510321e-01 2.692859157183510321e-01
2.300000000000000000e+01 4.173836351058399230e-01 4.173836351058399230e-01 4.173836351058399230e-01 4.173836351058399230e-01
2.400000000000000000e+01 1.772421202882540903e-01 1.772421202882540903e-01 1.772421202882540903e-01 1.772421202882540903e-01
2.500000000000000000e+01 1.968973906865960355e-01 1.968973906865960355e-01 1.968973906865960355e-01 1.968973906865960355e-01
2.600000000000000000e+01 6.579150213226940824e-01 6.579150213226940824e-01 6.579150213226940824e-01 6.579150213226940824e-01
2.700000000000000000e+01 9.479776108837962845e-01 9.479776108837962845e-01 9.479776108837962845e-01 9.479776108837962845e-01
2.800000000000000000e+01 8.493208616339453787e-01 8.493208616339453787e-01 8.493208616339453787e-01 8.493208616339453787e-01
2.900000000000000000e+01 7.433160142839193574e-01 7.433160142839193574e-01 7.433160142839193574e-01 7.433160142839193574e-01
3.000000000000000000e+01 1.246761032833415772e+00 1.246761032833415772e+00 1.246761032833415772e+00 1.246761032833415772e+00
3.100000000000000000e+01 1.141844718105831324e+00 1.141844718105831324e+00 1.141844718105831324e+00 1.141844718105831324e+00
3.200000000000000000e+01 1.261103361354914076e+00 1.261103361354914076e+00 1.261103361354914076e+00 1.261103361354914076e+00
3.300000000000000000e+01 1.370020170567484818e+00 1.370020170567484818e+00 1.370020170567484818e+00 1.370020170567484818e+00
3.400000000000000000e+01 1.486740295157180425e+00 1.486740295157180425e+00 1.486740295157180425e+00 1.486740295157180425e+00
3.500000000000000000e+01 1.690924141309329221e+00 1.690924141309329221e+00 1.690924141309329221e+00 1.690924141309329221e+00
3.600000000000000000e+01 1.782169467099668614e+00 1.782169467099668614e+00 1.782169467099668614e+00 1.782169467099668614e+00
3.700000000000000000e+01 1.703747077144850630e+00 1.703747077144850630e+00 1.703747077144850630e+00 1.703747077144850630e+00
3.800000000000000000e+01 1.624380679055065446e+00 1.624380679055065446e+00 1.624380679055065446e+00 1.624380679055065446e+00
3.900000000000000000e+01 1.400644593500502522e+00 1.400644593500502522e+00 1.400644593500502522e+00 1.400644593500502522e+00
4.000000000000000000e+01 1.362963180175189137e+00 1.362963180175189137e+00 1.362963180175189137e+00 1.362963180175189137e+00
4.100000000000000000e+01 9.047567149493082050e-01 9.047567149493082050e-01 9.047567149493082050e-01 9.047567149493082050e-01
4.200000000000000000e+01 7.431934220569893501e-01 7.431934220569893501e-01 7.431934220569893501e-01 7.431934220569893501e-01
4.300000000000000000e+01 7.324881237546599921e-01 7.324881237546599921e-01 7.324881237546599921e-01 7.324881237546599921e-01
4.400000000000000000e+01 3.150998931334653141e-01 3.150998931334653141e-01 3.150998931334653141e-01 3.150998931334653141e-01
4.500000000000000000e+01 -3.460424490829431265e-01 -3.460424490829431265e-01 -3.460424490829431265e-01 -3.460424490829431265e-01
4.600000000000000000e+01 2.795369367520761927e-01 2.795369367520761927e-01 2.795369367520761927e-01 2.795369367520761927e-01
4.700000000000000000e+01 1.843396007520337054e+00 1.843396007520337054e+00 1.843396007520337054e+00 1.843396007520337054e+00
4.800000000000000000e+01 1.568362380075770224e+00 1.568362380075770224e+00 1.568362380075770224e+00 1.568362380075770224e+00
4.900000000000000000e+01 1.226607291970049696e+00 1.226607291970049696e+00 1.226607291970049696e+00 1.226607291970049696e+00
5.000000000000000000e+01 1.067146469811502962e+00 1.067146469811502962e+00 1.067146469811502962e+00 1.067146469811502962e+00
5.100000000000000000e+01 1.535744636527463181e+00 1.535744636527463181e+00 1.535744636527463181e+00 1.535744636527463181e+00
5.200000000000000000e+01 1.461448951979203548e+00 1.461448951979203548e+00 1.461448951979203548e+00 1.461448951979203548e+00
5.300000000000000000e+01 1.636281822097379157e+00 1.636281822097379157e+00 1.636281822097379157e+00 1.636281822097379157e+00
5.400000000000000000e+01 1.753368189359479690e+00 1.753368189359479690e+00 1.753368189359479690e+00 1.753368189359479690e+00
5.500000000000000000e+01 2.000982886275909589e+00 2.000982886275909589e+00 2.000982886275909589e+00 2.000982886275909589e+00
5.600000000000000000e+01 2.051579689198038459e+00 2.051579689198038459e+00 2.051579689198038459e+00 2.051579689198038459e+00
5.700000000000000000e+01 1.959477489652290183e+00 1.959477489652290183e+00 1.959477489652290183e+00 1.959477489652290183e+00
5.800000000000000000e+01 1.926810159151817858e+00 1.926810159151817858e+00 1.926810159151817858e+00 1.926810159151817858e+00
5.900000000000000000e+01 1.978420301237393542e+00 1.978420301237393542e+00 1.978420301237393542e+00 1.978420301237393542e+00
6.000000000000000000e+01 1.660050872722606430e+00 1.660050872722606430e+00 1.660050872722606430e+00 1.660050872722606430e+00
6.100000000000000000e+01 1.693368624949525003e+00 1.693368624949525003e+00 1.693368624949525003e+00 1.693368624949525003e+00
6.200000000000000000e+01 1.592202338016973417e+00 1.592202338016973417e+00 1.592202338016973417e+00 1.592202338016973417e+00
6.300000000000000000e+01 1.475619623646822420e+00 1.475619623646822420e+00 1.475619623646822420e+00 1.475619623646822420e+00
6.400000000000000000e+01 1.486643404543934510e+00 1.486643404543934510e+00 1.486643404543934510e+00 1.486643404543934510e+00
6.500000000000000000e+01 1.581682023374404222e+00 1.581682023374404222e+00 1.581682023374404222e+00 1.581682023374404222e+00
6.600000000000000000e+01 1.437661376921455902e+00 1.437661376921455902e+00 1.437661376921455902e+00 1.437661376921455902e+00
6.700000000000000000e+01 1.799111142069024005e+00 1.799111142069024005e+00 1.799111142069024005e+00 1.799111142069024005e+00
6.800000000000000000e+01 1.940873987467882644e+00 1.940873987467882644e+00 1.940873987467882644e+00 1.940873987467882644e+00
6.900000000000000000e+01 2.111809102655956227e+00 2.111809102655956227e+00 2.111809102655956227e+00 2.111809102655956227e+00
7.000000000000000000e+01 2.373321619489006107e+00 2.373321619489006107e+00 2.373321619489006107e+00 2.373321619489006107e+00
7.100000000000000000e+01 2.485117960667337478e+00 2.485117960667337478e+00 2.485117960667337478e+00 2.485117960667337478e+00
7.200000000000000000e+01 2.615775621649059968e+00 2.615775621649059968e+00 2.615775621649059968e+00 2.615775621649059968e+00
7.300000000000000000e+01 2.696237354379606543e+00 2.696237354379606543e+00 2.696237354379606543e+00 2.696237354379606543e+00
7.400000000000000000e+01 2.881005180787035158e+00 2.881005180787035158e+00 2.881005180787035158e+00 2.881005180787035158e+00
7.500000000000000000e+01 3.171440959576433016e+00 3.171440959576433016e+00 3.171440959576433016e+00 3.171440959576433016e+00
7.600000000000000000e+01 3.041664984416348361e+00 3.041664984416348361e+00 3.041664984416348361e+00 3.041664984416348361e+00
7.700000000000000000e+01 3.122482835781457133e+00 3.122482835781457133e+00 3.122482835781457133e+00 3.122482835781457133e+00
7.800000000000000000e+01 2.877304800652971561e+00 2.877304800652971561e+00 2.877304800652971561e+00 2.877304800652971561e+00
7.900000000000000000e+01 2.930853828617962620e+00 2.930853828617962620e+00 2.930853828617962620e+00 2.930853828617962620e+00
8.000000000000000000e+01 2.794334819393005098e+00 2.794334819393005098e+00 2.794334819393005098e+00 2.794334819393005098e+00
8.100000000000000000e+01 2.649643600262136189e+00 2.649643600262136189e+00 2.649643600262136189e+00 2.649643600262136189e+00
8.200000000000000000e+01 2.349731533838128161e+00 2.349731533838128161e+00 2.349731533838128161e+00 2.349731533838128161e+00
8.300000000000000000e+01 2.235998747388117103e+00 2.235998747388117103e+00 2.235998747388117103e+00 2.235998747388117103e+00
8.400000000000000000e+01 2.146604931722387199e+00 2.146604931722387199e+00 2.146604931722387199e+00 2.146604931722387199e+00
8.500000000000000000e+01 1.980309602540267555e+00 1.980309602540267555e+00 1.980309602540267555e+00 1.980309602540267555e+00
8.600000000000000000e+01 2.008381108378636259e+00 2.008381108378636259e+00 2.008381108378636259e+00 2.008381108378636259e+00
8.700000000000000000e+01 2.115994775631169666e+00 2.115994775631169666e+00 2.115994775631169666e+00 2.115994775631169666e+00
8.800000000000000000e+01 2.063858562114396555e+00 2.063858562114396555e+00 2.063858562114396555e+00 2.063858562114396555e+00
8.900000000000000000e+01 2.113191266883406527e+00 2.113191266883406527e+00 2.113191266883406527e+00 2.113191266883406527e+00
9.000000000000000000e+01 2.154719314007504494e+00 2.154719314007504494e+00 2.154719314007504494e+00 2.154719314007504494e+00
9.100000000000000000e+01 2.123995039614125613e+00 2.123995039614125613e+00 2.123995039614125613e+00 2.123995039614125613e+00
9.200000000000000000e+01 2.199276437010086571e+00 2.199276437010086571e+00 2.199276437010086571e+00 2.199276437010086571e+00
9.300000000000000000e+01 2.102869009364413788e+00 2.102869009364413788e+00 2.102869009364413788e+00 2.102869009364413788e+00
9.400000000000000000e+01 2.042920954993340477e+00 2.042920954993340477e+00 2.042920954993340477e+00 2.042920954993340477e+00
9.500000000000000000e+01 2.057232470680002923e+00 2.057232470680002923e+00 2.057232470680002923e+00 2.057232470680002923e+00
9.600000000000000000e+01 2.067714422816899322e+00 2.067714422816899322e+00 2.067714422816899322e+00 2.067714422816899322e+00
9.700000000000000000e+01 1.747298126975157073e+00 1.747298126975157073e+00 1.747298126975157073e+00 1.747298126975157073e+00
9.800000000000000000e+01 1.844474932480655305e+00 1.844474932480655305e+00 1.844474932480655305e+00 1.844474932480655305e+00
