0.000000000000000000e+00 5.396776930558222496e-01 5.396776930558222496e-01 5.396776930558222496e-01 5.396776930558222496e-01
1.000000000000000000e+00 7.948967806680836690e-01 7.948967806680836690e-01 7.948967806680836690e-01 7.948967806680836690e-01
2.000000000000000000e+00 2.228301470854882338e-01 2.228301470854882338e-01 2.228301470854882338e-01 2.228301470854882338e-01
3.000000000000000000e+00 1.593847223779405908e+00 1.593847223779405908e+00 1.593847223779405908e+00 1.593847223779405908e+00
4.000000000000000000e+00 1.199190204063636411e+00 1.199190204063636411e+00 1.199190204063636411e+00 1.199190204063636411e+00
5.000000000000000000e+00 1.459207719203402975e+00 1.459207719203402975e+00 1.459207719203402975e+00 1.459207719203402975e+00
6.000000000000000000e+00 2.575982457803013936e+00 2.575982457803013936e+00 2.575982457803013936e+00 2.575982457803013936e+00
7.000000000000000000e+00 2.964905114230499183e+00 2.964905114230499183e+00 2.964905114230499183e+00 2.964905114230499183e+00
8.000000000000000000e+00 2.898551488576540436e+00 2.898551488576540436e+00 2.898551488576540436e+00 2.898551488576540436e+00
9.000000000000000000e+00 2.165047029942087864e+00 2.165047029942087864e+00 2.165047029942087864e+00 2.165047029942087864e+00
1.000000000000000000e+01 3.215710869572722341e+00 3.215710869572722341e+00 3.215710869572722341e+00 3.215710869572722341e+00
1.100000000000000000e+01 3.305507909639845643e+00 3.305507909639845643e+00 3.305507909639845643e+00 3.305507909639845643e+00
1.200000000000000000e+01 3.062542709725742274e+00 3.062542709725742274e+00 3.062542709725742274e+00 3.062542709725742274e+00
1.300000000000000000e+01 2.864238318737456712e+00 2.864238318737456712e+00 2.864238318737456712e+00 2.864238318737456712e+00
1.400000000000000000e+01 3.006087915276093980e+00 3.006087915276093980e+00 3.006087915276093980e+00 3.006087915276093980e+00
1.500000000000000000e+01 2.834635870001840363e+00 2.834635870001840363e+00 2.834635870001840363e+00 2.834635870001840363e+00
1.600000000000000000e+01 2.452149669339574789e+00 2.452149669339574789e+00 2.452149669339574789e+00 2.452149669339574789e+00
1.700000000000000000e+01 2.639632686498127878e+00 2.639632686498127878e+00 2.639632686498127878e+00 2.639632686498127878e+00
1.800000000000000000e+01 1.947213138439493507e+00 1.947213138439493507e+00 1.947213138439493507e+00 1.947213138439493507e+00
1.900000000000000000e+01 2.011704644286460564e+00 2.011704644286460564e+00 2.011704644286460564e+00 2.011704644286460564e+00
2.000000000000000000e+01 2.896300682486459444e+00 2.896300682486459444e+00 2.896300682486459444e+00 2.896300682486459444e+00
2.100000000000000000e+01 2.234829653752925527e+00 2.234829653752925527e+00 2.234829653752925527e+00 2.234829653752925527e+00
2.200000000000000000e+01 2.446725126555866936e+00 2.446725126555866936e+00 2.446725126555866936e+00 2.446725126555866936e+00
2.300000000000000000e+01 2.478031823387365495e+00 2.478031823387365495e+00 2.478031823387365495e+00 2.478031823387365495e+00
2.400000000000000000e+01 2.417674978796810148e+00 2.417674978796810148e+00 2.417674978796810148e+00 2.417674978796810148e+00
2.500000000000000000e+01 2.544519999891746487e+00 2.544519999891746487e+00 2.544519999891746487e+00 2.544519999891746487e+00
2.600000000000000000e+01 2.632904411281611790e+00 2.632904411281611790e+00 2.632904411281611790e+00 2.632904411281611790e+00
2.700000000000000000e+01 2.119608790094173134e+00 2.119608790094173134e+00 2.119608790094173134e+00 2.119608790094173134e+00
2.800000000000000000e+01 2.478909844856168831e+00 2.478909844856168831e+00 2.478909844856168831e+00 2.478909844856168831e+00
2.900000000000000000e+01 1.929244372638630134e+00 1.929244372638630134e+00 1.929244372638630134e+00 1.929244372638630134e+00
3.000000000000000000e+01 2.276829541123991607e+00 2.276829541123991607e+00 2.276829541123991607e+00 2.276829541123991607e+00
3.100000000000000000e+01 2.114496089311708182e+00 2.114496089311708182e+00 2.114496089311708182e+00 2.114496089311708182e+00
3.200000000000000000e+01 2.392933900538183334e+00 2.392933900538183334e+00 2.392933900538183334e+00 2.392933900538183334e+00
3.300000000000000000e+01 2.243482226410341340e+00 2.243482226410341340e+00 2.243482226410341340e+00 2.243482226410341340e+00
3.400000000000000000e+01 2.291429196296852489e+00 2.291429196296852489e+00 2.291429196296852489e+00 2.291429196296852489e+00
3.500000000000000000e+01 2.753397883434579807e+00 2.753397883434579807e+00 2.753397883434579807e+00 2.753397883434579807e+00
3.600000000000000000e+01 3.026101671843056895e+00 3.026101671843056895e+00 3.026101671843056895e+00 3.026101671843056895e+00
3.700000000000000000e+01 2.957496118420465336e+00 2.957496118420465336e+00 2.957496118420465336e+00 2.957496118420465336e+00
3.800000000000000000e+01 2.748270507752902603e+00 2.748270507752902603e+00 2.748270507752902603e+00 2.748270507752902603e+00
3.900000000000000000e+01 2.880227537820712946e+00 2.880227537820712946e+00 2.880227537820712946e+00 2.880227537820712946e+00
4.000000000000000000e+01 3.191702785293483835e+00 3.191702785293483835e+00 3.191702785293483835e+00 3.191702785293483835e+00
4.100000000000000000e+01 2.852350326867755470e+00 2.852350326867755470e+00 2.852350326867755470e+00 2.852350326867755470e+00
4.200000000000000000e+01 2.843012090627143440e+00 2.843012090627143440e+00 2.843012090627143440e+00 2.843012090627143440e+00
4.300000000000000000e+01 2.739733889915959342e+00 2.739733889915959342e+00 2.739733889915959342e+00 2.739733889915959342e+00
4.400000000000000000e+01 3.913137472046404053e+00 3.913137472046404053e+00 3.913137472046404053e+00 3.913137472046404053e+00
4.500000000000000000e+01 3.500393980239588476e+00 3.500393980239588476e+00 3.500393980239588476e+00 3.500393980239588476e+00
4.600000000000000000e+01 3.596901749753450339e+00 3.596901749753450339e+00 3.596901749753450339e+00 3.596901749753450339e+00
4.700000000000000000e+01 2.909495847116994494e+00 2.909495847116994494e+00 2.909495847116994494e+00 2.909495847116994494e+00
4.800000000000000000e+01 3.370068777757487588e+00 3.370068777757487588e+00 3.370068777757487588e+00 3.370068777757487588e+00
4.900000000000000000e+01 2.632202332099188968e+00 2.632202332099188968e+00 2.632202332099188968e+00 2.632202332099188968e+00
5.000000000000000000e+01 3.088159233325796116e+00 3.088159233325796116e+00 3.088159233325796116e+00 3.088159233325796116e+00
5.100000000000000000e+01 3.090895515513230940e+00 3.090895515513230940e+00 3.090895515513230940e+00 3.090895515513230940e+00
5.200000000000000000e+01 3.324409453369728151e+00 3.324409453369728151e+00 3.324409453369728151e+00 3.324409453369728151e+00
5.300000000000000000e+01 3.269993831799043793e+00 3.269993831799043793e+00 3.269993831799043793e+00 3.269993831799043793e+00
5.400000000000000000e+01 3.881068567473057840e+00 3.881068567473057840e+00 3.881068567473057840e+00 3.881068567473057840e+00
5.500000000000000000e+01 3.683875002757024397e+00 3.683875002757024397e+00 3.683875002757024397e+00 3.683875002757024397e+00
5.600000000000000000e+01 4.570836602916629410e+00 4.570836602916629410e+00 4.570836602916629410e+00 4.570836602916629410e+00
5.700000000000000000e+01 4.197980560517217796e+00 4.197980560517217796e+00 4.197980560517217796e+00 4.197980560517217796e+00
5.800000000000000000e+01 4.174943382790046620e+00 4.174943382790046620e+00 4.174943382790046620e+00 4.174943382790046620e+00
5.900000000000000000e+01 4.180776212441465134e+00 4.180776212441465134e+00 4.180776212441465134e+00 4.180776212441465134e+00
6.000000000000000000e+01 4.019332121336510966e+00 4.019332121336510966e+00 4.019332121336510966e+00 4.019332121336510966e+00
6.100000000000000000e+01 3.649385056864978605e+00 3.649385056864978605e+00 3.649385056864978605e+00 3.649385056864978605e+00
6.200000000000000000e+01 3.716482150922880479e+00 3.716482150922880479e+00 3.716482150922880479e+00 3.716482150922880479e+00
6.300000000000000000e+01 3.538201614666573125e+00 3.538201614666573125e+00 3.538201614666573125e+00 3.538201614666573125e+00
6.400000000000000000e+01 3.504135622934585470e+00 3.504135622934585470e+00 3.504135622934585470e+00 3.504135622934585470e+00
6.500000000000000000e+01 3.326684680223813473e+00 3.326684680223813473e+00 3.326684680223813473e+00 3.326684680223813473e+00
6.600000000000000000e+01 2.742342654553574732e+00 2.742342654553574732e+00 2.742342654553574732e+00 2.742342654553574732e+00
6.700000000000000000e+01 3.507049090058195873e+00 3.507049090058195873e+00 3.507049090058195873e+00 3.507049090058195873e+00
6.800000000000000000e+01 3.581864565289560876e+00 3.581864565289560876e+00 3.581864565289560876e+00 3.581864565289560876e+00
6.900000000000000000e+01 3.397446842189770777e+00 3.397446842189770777e+00 3.397446842189770777e+00 3.397446842189770777e+00
7.000000000000000000e+01 3.666463656404209459e+00 3.666463656404209459e+00 3.666463656404209459e+00 3.666463656404209459e+00
7.100000000000000000e+01 3.427329573066677959e+00 3.427329573066677959e+00 3.427329573066677959e+00 3.427329573066677959e+00
7.200000000000000000e+01 3.700641256956846536e+00 3.700641256956846536e+00 3.700641256956846536e+00 3.700641256956846536e+00
7.300000000000000000e+01 4.425777582237200747e+00 4.425777582237200747e+00 4.425777582237200747e+00 4.425777582237200747e+00
7.400000000000000000e+01 4.408518661081560097e+00 4.408518661081560097e+00 4.408518661081560097e+00 4.408518661081560097e+00
7.500000000000000000e+01 4.371012870664341854e+00 4.371012870664341854e+00 4.371012870664341854e+00 4.371012870664341854e+00
7.600000000000000000e+01 4.224892394519589089e+00 4.224892394519589089e+00 4.224892394519589089e+00 4.224892394519589089e+00
7.700000000000000000e+01 3.617525398057397812e+00 3.617525398057397812e+00 3.617525398057397812e+00 3.617525398057397812e+00
7.800000000000000000e+01 4.562799552880372644e+00 4.562799552880372644e+00 4.562799552880372644e+00 4.562799552880372644e+00
7.900000000000000000e+01 4.146054921050462028e+00 4.146054921050462028e+00 4.146054921050462028e+00 4.146054921050462028e+00
8.000000000000000000e+01 3.972669084808785556e+00 3.972669084808785556e+00 3.972669084808785556e+00 3.972669084808785556e+00
8.100000000000000000e+01 4.116223149186360786e+00 4.116223149186360786e+00 4.116223149186360786e+00 4.116223149186360786e+00
8.200000000000000000e+01 4.561383872892958991e+00 4.561383872892958991e+00 4.561383872892958991e+00 4.561383872892958991e+00
8.300000000000000000e+01 4.650215694618275108e+00 4.650215694618275108e+00 4.650215694618275108e+00 4.650215694618275108e+00
8.400000000000000000e+01 4.125731225403891145e+00 4.125731225403891145e+00 4.125731225403891145e+00 4.125731225403891145e+00
8.500000000000000000e+01 3.377059403221037925e+00 3.377059403221037925e+00 3.377059403221037925e+00 3.377059403221037925e+00
8.600000000000000000e+01 2.775569291562145935e+00 2.775569291562145935e+00 2.775569291562145935e+00 2.775569291562145935e+00
8.700000000000000000e+01 2.193798607615116580e+00 2.193798607615116580e+00 2.193798607615116580e+00 2.193798607615116580e+00
8.800000000000000000e+01 2.711094727128478432e+00 2.711094727128478432e+00 2.711094727128478432e+00 2.711094727128478432e+00
8.900000000000000000e+01 3.231021171592217023e+00 3.231021171592217023e+00 3.231021171592217023e+00 3.231021171592217023e+00
9.000000000000000000e+01 3.054610599993763387e+00 3.054610599993763387e+00 3.054610599993763387e+00 3.054610599993763387e+00
9.100000000000000000e+01 4.227766079331721549e+00 4.227766079331721549e+00 4.227766079331721549e+00 4.227766079331721549e+00
9.200000000000000000e+01 4.498885591349653268e+00 4.498885591349653268e+00 4.498885591349653268e+00 4.498885591349653268e+00
9.300000000000000000e+01 4.253471821165946132e+00 4.253471821165946132e+00 4.253471821165946132e+00 4.253471821165946132e+00
9.400000000000000000e+01 4.303068217269494511e+00 4.303068217269494511e+00 4.303068217269494511e+00 4.303068217269494511e+00
9.500000000000000000e+01 3.688813514808890304e+00 3.688813514808890304e+00 3.688813514808890304e+00 3.688813514808890304e+00
9.600000000000000000e+01 3.679921501206921963e+00 3.679921501206921963e+00 3.679921501206921963e+00 3.679921501206921963e+00
9.700000000000000000e+01 3.025669038680949274e+00 3.025669038680949274e+00 3.025669038680949274e+00 3.025669038680949274e+00
9.800000000000000000e+01 2.395185125221335642e+00 2.395185125221335642e+00 2.395185125221335642e+00 2.395185125221335642e+00
