0.000000000000000000e+00 -1.996989837777762178e+00 -1.996989837777762178e+00 -1.996989837777762178e+00 -1.996989837777762178e+00
1.000000000000000000e+00 -1.098296236443731200e+00 -1.098296236443731200e+00 -1.098296236443731200e+00 -1.098296236443731200e+00
2.000000000000000000e+00 -7.667518013663712217e-01 -7.667518013663712217e-01 -7.667518013663712217e-01 -7.667518013663712217e-01
3.000000000000000000e+00 -2.272824346738702983e-01 -2.272824346738702983e-01 -2.272824346738702983e-01 -2.272824346738702983e-01
4.000000000000000000e+00 -4.023064538174446758e-01 -4.023064538174446758e-01 -4.023064538174446758e-01 -4.023064538174446758e-01
5.000000000000000000e+00 2.737992921535706281e-01 2.737992921535706281e-01 2.737992921535706281e-01 2.737992921535706281e-01
6.000000000000000000e+00 4.168295319206314908e-01 4.168295319206314908e-01 4.168295319206314908e-01 4.168295319206314908e-01
7.000000000000000000e+00 6.252370263123261385e-01 6.252370263123261385e-01 6.252370263123261385e-01 6.252370263123261385e-01
8.000000000000000000e+00 8.835302532741801107e-01 8.835302532741801107e-01 8.835302532741801107e-01 8.835302532741801107e-01
9.000000000000000000e+00 2.456520898343746429e-01 2.456520898343746429e-01 2.456520898343746429e-01 2.456520898343746429e-01
1.000000000000000000e+01 -5.321416643218580544e-01 -5.321416643218580544e-01 -5.321416643218580544e-01 -5.321416643218580544e-01
1.100000000000000000e+01 4.711290971881046952e-01 4.711290971881046952e-01 4.711290971881046952e-01 4.711290971881046952e-01
1.200000000000000000e+01 1.320727267854004960e+00 1.320727267854004960e+00 1.320727267854004960e+00 1.320727267854004960e+00
1.300000000000000000e+01 -5.413512098846034321e-02 -5.413512098846034321e-02 -5.413512098846034321e-02 -5.413512098846034321e-02
1.400000000000000000e+01 1.522398488294841368e+00 1.522398488294841368e+00 1.522398488294841368e+00 1.522398488294841368e+00
1.500000000000000000e+01 1.397318002819562421e+00 1.397318002819562421e+00 1.397318002819562421e+00 1.397318002819562421e+00
1.600000000000000000e+01 1.214441372911430506e+00 1.214441372911430506e+00 1.214441372911430506e+00 1.214441372911430506e+00
1.700000000000000000e+01 2.072913521848269269e+00 2.072913521848269269e+00 2.072913521848269269e+00 2.072913521848269269e+00
1.800000000000000000e+01 2.289982185390699865e+00 2.289982185390699865e+00 2.289982185390699865e+00 2.289982185390699865e+00
1.900000000000000000e+01 1.992747184881175526e+00 1.992747184881175526e+00 1.992747184881175526e+00 1.992747184881175526e+00
2.000000000000000000e+01 1.923906677416358457e+00 1.923906677416358457e+00 1.923906677416358457e+00 1.923906677416358457e+00
2.100000000000000000e+01 2.244829652279162424e+00 2.244829652279162424e+00 2.244829652279162424e+00 2.244829652279162424e+00
2.200000000000000000e+01 2.015634486862770469e+00 2.015634486862770469e+00 2.015634486862770469e+00 2.015634486862770469e+00
2.300000000000000000e+01 2.933251411347716164e+00 2.933251411347716164e+00 2.933251411347716164e+00 2.933251411347716164e+00
2.400000000000000000e+01 3.269982821494158642e+00 3.269982821494158642e+00 3.269982821494158642e+00 3.269982821494158642e+00
2.500000000000000000e+01 2.252906090983812781e+00 2.252906090983812781e+00 2.252906090983812781e+00 2.252906090983812781e+00
2.600000000000000000e+01 3.425101369059095457e+00 3.425101369059095457e+00 3.425101369059095457e+00 3.425101369059095457e+00
2.700000000000000000e+01 3.075921027440803535e+00 3.075921027440803535e+00 3.075921027440803535e+00 3.075921027440803535e+00
2.800000000000000000e+01 3.093486964874881284e+00 3.093486964874881284e+00 3.093486964874881284e+00 3.093486964874881284e+00
2.900000000000000000e+01 2.774906219690375320e+00 2.774906219690375320e+00 2.774906219690375320e+00 2.774906219690375320e+00
3.000000000000000000e+01 2.540842157129498347e+00 2.540842157129498347e+00 2.540842157129498347e+00 2.540842157129498347e+00
3.100000000000000000e+01 2.100640231190445295e+00 2.100640231190445295e+00 2.100640231190445295e+00 2.100640231190445295e+00
3.200000000000000000e+01 2.776471285695214508e+00 2.776471285695214508e+00 2.776471285695214508e+00 2.776471285695214508e+00
3.300000000000000000e+01 2.469940551664354000e+00 2.469940551664354000e+00 2.469940551664354000e+00 2.469940551664354000e+00
3.400000000000000000e+01 2.974115661123303500e+00 2.974115661123303500e+00 2.974115661123303500e+00 2.974115661123303500e+00
3.500000000000000000e+01 3.478332195721806297e+00 3.478332195721806297e+00 3.478332195721806297e+00 3.478332195721806297e+00
3.600000000000000000e+01 3.097095875197533044e+00 3.097095875197533044e+00 3.097095875197533044e+00 3.097095875197533044e+00
3.700000000000000000e+01 3.567679736620328335e+00 3.567679736620328335e+00 3.567679736620328335e+00 3.567679736620328335e+00
3.800000000000000000e+01 2.348106647565117111e+00 2.348106647565117111e+00 2.348106647565117111e+00 2.348106647565117111e+00
3.900000000000000000e+01 2.407509407101207088e+00 2.407509407101207088e+00 2.407509407101207088e+00 2.407509407101207088e+00
4.000000000000000000e+01 2.122207966833332016e+00 2.122207966833332016e+00 2.122207966833332016e+00 2.122207966833332016e+00
4.100000000000000000e+01 2.117641830087969801e+00 2.117641830087969801e+00 2.117641830087969801e+00 2.117641830087969801e+00
4.200000000000000000e+01 2.263123581690540398e+00 2.263123581690540398e+00 2.263123581690540398e+00 2.263123581690540398e+00
4.300000000000000000e+01 2.729291890813759558e+00 2.729291890813759558e+00 2.729291890813759558e+00 2.729291890813759558e+00
4.400000000000000000e+01 3.080809861159379270e+00 3.080809861159379270e+00 3.080809861159379270e+00 3.080809861159379270e+00
4.500000000000000000e+01 3.153308847821248317e+00 3.153308847821248317e+00 3.153308847821248317e+00 3.153308847821248317e+00
4.600000000000000000e+01 3.244524446433665332e+00 3.244524446433665332e+00 3.244524446433665332e+00 3.244524446433665332e+00
4.700000000000000000e+01 2.837017794206905474e+00 2.837017794206905474e+00 2.837017794206905474e+00 2.837017794206905474e+00
4.800000000000000000e+01 3.326482543412054849e+00 3.326482543412054849e+00 3.326482543412054849e+00 3.326482543412054849e+00
4.900000000000000000e+01 3.178400538634005290e+00 3.178400538634005290e+00 3.178400538634005290e+00 3.178400538634005290e+00
5.000000000000000000e+01 3.325914394216006542e+00 3.325914394216006542e+00 3.325914394216006542e+00 3.325914394216006542e+00
5.100000000000000000e+01 3.743304879002232521e+00 3.743304879002232521e+00 3.743304879002232521e+00 3.743304879002232521e+00
5.200000000000000000e+01 3.771325439880516939e+00 3.771325439880516939e+00 3.771325439880516939e+00 3.771325439880516939e+00
5.300000000000000000e+01 3.083515243272159534e+00 3.083515243272159534e+00 3.083515243272159534e+00 3.083515243272159534e+00
5.400000000000000000e+01 3.839513874980130304e+00 3.839513874980130304e+00 3.839513874980130304e+00 3.839513874980130304e+00
5.500000000000000000e+01 3.719251373547834305e+00 3.719251373547834305e+00 3.719251373547834305e+00 3.719251373547834305e+00
5.600000000000000000e+01 3.727695963546670210e+00 3.727695963546670210e+00 3.727695963546670210e+00 3.727695963546670210e+00
5.700000000000000000e+01 3.140411473041844204e+00 3.140411473041844204e+00 3.140411473041844204e+00 3.140411473041844204e+00
5.800000000000000000e+01 3.424641094480568526e+00 3.424641094480568526e+00 3.424641094480568526e+00 3.424641094480568526e+00
5.900000000000000000e+01 2.823000916210746336e+00 2.823000916210746336e+00 2.823000916210746336e+00 2.823000916210746336e+00
6.000000000000000000e+01 3.580421486813802012e+00 3.580421486813802012e+00 3.580421486813802012e+00 3.580421486813802012e+00
6.100000000000000000e+01 3.957645413064276418e+00 3.957645413064276418e+00 3.957645413064276418e+00 3.957645413064276418e+00
6.200000000000000000e+01 3.951136661354234025e+00 3.951136661354234025e+00 3.951136661354234025e+00 3.951136661354234025e+00
6.300000000000000000e+01 4.637422694756017982e+00 4.637422694756017982e+00 4.637422694756017982e+00 4.637422694756017982e+00
6.400000000000000000e+01 4.561611942629314242e+00 4.561611942629314242e+00 4.561611942629314242e+00 4.561611942629314242e+00
6.500000000000000000e+01 5.155355847555394000e+00 5.155355847555394000e+00 5.155355847555394000e+00 5.155355847555394000e+00
6.600000000000000000e+01 4.502333094372138689e+00 4.502333094372138689e+00 4.502333094372138689e+00 4.502333094372138689e+00
6.700000000000000000e+01 5.049671335929817317e+00 5.049671335929817317e+00 5.049671335929817317e+00 5.049671335929817317e+00
6.800000000000000000e+01 4.255536961261386253e+00 4.255536961261386253e+00 4.255536961261386253e+00 4.255536961261386253e+00
6.900000000000000000e+01 4.960010278902560188e+00 4.960010278902560188e+00 4.960010278902560188e+00 4.960010278902560188e+00
7.000000000000000000e+01 4.317676960162068589e+00 4.317676960162068589e+00 4.317676960162068589e+00 4.317676960162068589e+00
7.100000000000000000e+01 5.090370493424693166e+00 5.090370493424693166e+00 5.090370493424693166e+00 5.090370493424693166e+00
7.200000000000000000e+01 5.354543195051494564e+00 5.354543195051494564e+00 5.354543195051494564e+00 5.354543195051494564e+00
7.300000000000000000e+01 5.855013017274838916e+00 5.855013017274838916e+00 5.855013017274838916e+00 5.855013017274838916e+00
7.400000000000000000e+01 5.303360065303026616e+00 5.303360065303026616e+00 5.303360065303026616e+00 5.303360065303026616e+00
7.500000000000000000e+01 5.391133709922568684e+00 5.391133709922568684e+00 5.391133709922568684e+00 5.391133709922568684e+00
7.600000000000000000e+01 4.462743985228016186e+00 4.462743985228016186e+00 4.462743985228016186e+00 4.462743985228016186e+00
7.700000000000000000e+01 4.109427044783714678e+00 4.109427044783714678e+00 4.109427044783714678e+00 4.109427044783714678e+00
7.800000000000000000e+01 3.754856699773696072e+00 3.754856699773696072e+00 3.754856699773696072e+00 3.754856699773696072e+00
7.900000000000000000e+01 4.320196082635756163e+00 4.320196082635756163e+00 4.320196082635756163e+00 4.320196082635756163e+00
8.000000000000000000e+01 4.078444659679891338e+00 4.078444659679891338e+00 4.078444659679891338e+00 4.078444659679891338e+00
8.100000000000000000e+01 4.841564088286113510e+00 4.841564088286113510e+00 4.841564088286113510e+00 4.841564088286113510e+00
8.200000000000000000e+01 4.755463501712181795e+00 4.755463501712181795e+00 4.755463501712181795e+00 4.755463501712181795e+00
8.300000000000000000e+01 4.484512430550275930e+00 4.484512430550275930e+00 4.484512430550275930e+00 4.484512430550275930e+00
8.400000000000000000e+01 4.968897073030913880e+00 4.968897073030913880e+00 4.968897073030913880e+00 4.968897073030913880e+00
8.500000000000000000e+01 4.483556935628546292e+00 4.483556935628546292e+00 4.483556935628546292e+00 4.483556935628546292e+00
8.600000000000000000e+01 4.035278864102341601e+00 4.035278864102341601e+00 4.035278864102341601e+00 4.035278864102341601e+00
8.700000000000000000e+01 4.059996785896552218e+00 4.059996785896552218e+00 4.059996785896552218e+00 4.059996785896552218e+00
8.800000000000000000e+01 3.646144666182157046e+00 3.646144666182157046e+00 3.646144666182157046e+00 3.646144666182157046e+00
8.900000000000000000e+01 4.197267753719208905e+00 4.197267753719208905e+00 4.197267753719208905e+00 4.197267753719208905e+00
9.000000000000000000e+01 4.271971825693599456e+00 4.271971825693599456e+00 4.271971825693599456e+00 4.271971825693599456e+00
9.100000000000000000e+01 4.734995114575515807e+00 4.734995114575515807e+00 4.734995114575515807e+00 4.734995114575515807e+00
9.200000000000000000e+01 4.417421385716557403e+00 4.417421385716557403e+00 4.417421385716557403e+00 4.417421385716557403e+00
9.300000000000000000e+01 4.856747377360847828e+00 4.856747377360847828e+00 4.856747377360847828e+00 4.856747377360847828e+00
9.400000000000000000e+01 4.444949533553123722e+00 4.444949533553123722e+00 4.444949533553123722e+00 4.444949533553123722e+00
9.500000000000000000e+01 4.123368389423311520e+00 4.123368389423311520e+00 4.123368389423311520e+00 4.123368389423311520e+00
9.600000000000000000e+01 3.404840064853543069e+00 3.404840064853543069e+00 3.404840064853543069e+00 3.404840064853543069e+00
9.700000000000000000e+01 3.496886044534301963e+00 3.496886044534301963e+00 3.496886044534301963e+00 3.496886044534301963e+00
9.800000000000000000e+01 2.800090618687938626e+00 2.800090618687938626e+00 2.800090618687938626e+00 2.800090618687938626e+00
9.900000000000000000e+01 3.289630444130639653e+00 3.289630444130639653e+00 3.289630444130639653e+00 3.289630444130639653e+00
