0.000000000000000000e+00 3.340670035380385094e+00 3.340670035380385094e+00 3.340670035380385094e+00 3.340670035380385094e+00
1.000000000000000000e+00 -7.137221102642185677e+00 -7.137221102642185677e+00 -7.137221102642185677e+00 -7.137221102642185677e+00
2.000000000000000000e+00 6.559920947697523985e-01 6.559920947697523985e-01 6.559920947697523985e-01 6.559920947697523985e-01
3.000000000000000000e+00 1.386010107205137665e+01 1.386010107205137665e+01 1.386010107205137665e+01 1.386010107205137665e+01
4.000000000000000000e+00 9.901606203737962630e+00 9.901606203737962630e+00 9.901606203737962630e+00 9.901606203737962630e+00
5.000000000000000000e+00 4.804792967314620356e+00 4.804792967314620356e+00 4.804792967314620356e+00 4.804792967314620356e+00
6.000000000000000000e+00 -1.201328490113184877e+00 -1.201328490113184877e+00 -1.201328490113184877e+00 -1.201328490113184877e+00
7.000000000000000000e+00 -8.062834201933312128e-01 -8.062834201933312128e-01 -8.062834201933312128e-01 -8.062834201933312128e-01
8.000000000000000000e+00 -3.632048219911905740e+00 -3.632048219911905740e+00 -3.632048219911905740e+00 -3.632048219911905740e+00
9.000000000000000000e+00 1.521142022891005530e+00 1.521142022891005530e+00 1.521142022891005530e+00 1.521142022891005530e+00
1.000000000000000000e+01 1.773939077992131796e+00 1.773939077992131796e+00 1.773939077992131796e+00 1.773939077992131796e+00
1.100000000000000000e+01 -2.206532050655547916e+00 -2.206532050655547916e+00 -2.206532050655547916e+00 -2.206532050655547916e+00
1.200000000000000000e+01 -6.433220326626719832e+00 -6.433220326626719832e+00 -6.433220326626719832e+00 -6.433220326626719832e+00
1.300000000000000000e+01 1.464373180458695467e+00 1.464373180458695467e+00 1.464373180458695467e+00 1.464373180458695467e+00
1.400000000000000000e+01 2.453765053445097877e+00 2.453765053445097877e+00 2.453765053445097877e+00 2.453765053445097877e+00
1.500000000000000000e+01 1.415005194622637463e-01 1.415005194622637463e-01 1.415005194622637463e-01 1.415005194622637463e-01
1.600000000000000000e+01 4.048630899104330716e-01 4.048630899104330716e-01 4.048630899104330716e-01 4.048630899104330716e-01
1.700000000000000000e+01 7.100343146545817774e-01 7.100343146545817774e-01 7.100343146545817774e-01 7.100343146545817774e-01
1.800000000000000000e+01 -4.194692576750177482e-01 -4.194692576750177482e-01 -4.194692576750177482e-01 -4.194692576750177482e-01
1.900000000000000000e+01 2.907317033080376034e-01 2.907317033080376034e-01 2.907317033080376034e-01 2.907317033080376034e-01
2.000000000000000000e+01 -1.258153098868866962e-02 -1.258153098868866962e-02 -1.258153098868866962e-02 -1.258153098868866962e-02
2.100000000000000000e+01 4.166119360661682536e-01 4.166119360661682536e-01 4.166119360661682536e-01 4.166119360661682536e-01
2.200000000000000000e+01 -4.420630682895151375e-01 -4.420630682895151375e-01 -4.420630682895151375e-01 -4.420630682895151375e-01
2.300000000000000000e+01 4.647748256713174486e-01 4.647748256713174486e-01 4.647748256713174486e-01 4.647748256713174486e-01
2.400000000000000000e+01 -4.476216050786799849e-01 -4.476216050786799849e-01 -4.476216050786799849e-01 -4.476216050786799849e-01
2.500000000000000000e+01 -6.528283132907150739e-03 -6.528283132907150739e-03 -6.528283132907150739e-03 -6.528283132907150739e-03
2.600000000000000000e+01 4.641444752291455367e-01 4.641444752291455367e-01 4.641444752291455367e-01 4.641444752291455367e-01
2.700000000000000000e+01 1.722306357874488492e-01 1.722306357874488492e-01 1.722306357874488492e-01 1.722306357874488492e-01
2.800000000000000000e+01 -4.942031381611145836e-03 -4.942031381611145836e-03 -4.942031381611145836e-03 -4.942031381611145836e-03
2.900000000000000000e+01 4.088168974362610397e-02 4.088168974362610397e-02 4.088168974362610397e-02 4.088168974362610397e-02
3.000000000000000000e+01 5.904607514325865836e-01 5.904607514325865836e-01 5.904607514325865836e-01 5.904607514325865836e-01
3.100000000000000000e+01 -1.795076719789292785e-01 -1.795076719789292785e-01 -1.795076719789292785e-01 -1.795076719789292785e-01
3.200000000000000000e+01 6.603393868615098361e-02 6.603393868615098361e-02 6.603393868615098361e-02 6.603393868615098361e-02
3.300000000000000000e+01 8.747125638571322248e-02 8.747125638571322248e-02 8.747125638571322248e-02 8.747125638571322248e-02
3.400000000000000000e+01 4.274231768338404569e-01 4.274231768338404569e-01 4.274231768338404569e-01 4.274231768338404569e-01
3.500000000000000000e+01 5.302830690500361099e-02 5.302830690500361099e-02 5.302830690500361099e-02 5.302830690500361099e-02
3.600000000000000000e+01 5.077942614205680494e-01 5.077942614205680494e-01 5.077942614205680494e-01 5.077942614205680494e-01
3.700000000000000000e+01 7.892794648126587320e-02 7.892794648126587320e-02 7.892794648126587320e-02 7.892794648126587320e-02
3.800000000000000000e+01 4.722876506448171474e-01 4.722876506448171474e-01 4.722876506448171474e-01 4.722876506448171474e-01
3.900000000000000000e+01 1.049720255870915553e+00 1.049720255870915553e+00 1.049720255870915553e+00 1.049720255870915553e+00
4.000000000000000000e+01 7.247189539396966529e-01 7.247189539396966529e-01 7.247189539396966529e-01 7.247189539396966529e-01
4.100000000000000000e+01 1.120445318389085232e+00 1.120445318389085232e+00 1.120445318389085232e+00 1.120445318389085232e+00
4.200000000000000000e+01 1.247929266415610111e-01 1.247929266415610111e-01 1.247929266415610111e-01 1.247929266415610111e-01
4.300000000000000000e+01 5.048833025915959727e-01 5.048833025915959727e-01 5.048833025915959727e-01 5.048833025915959727e-01
4.400000000000000000e+01 -5.820679326840846324e-01 -5.820679326840846324e-01 -5.820679326840846324e-01 -5.820679326840846324e-01
4.500000000000000000e+01 -8.030161630587451249e-02 -8.030161630587451249e-02 -8.030161630587451249e-02 -8.030161630587451249e-02
4.600000000000000000e+01 4.731204184619916542e-01 4.731204184619916542e-01 4.731204184619916542e-01 4.731204184619916542e-01
4.700000000000000000e+01 2.012895313655894691e-01 2.012895313655894691e-01 2.012895313655894691e-01 2.012895313655894691e-01
4.800000000000000000e+01 2.281024477632216940e-01 2.281024477632216940e-01 2.281024477632216940e-01 2.281024477632216940e-01
4.900000000000000000e+01 4.834673066298242339e-01 4.834673066298242339e-01 4.834673066298242339e-01 4.834673066298242339e-01
5.000000000000000000e+01 5.049568178439745036e-01 5.049568178439745036e-01 5.049568178439745036e-01 5.049568178439745036e-01
5.100000000000000000e+01 -6.964379867710156213e-02 -6.964379867710156213e-02 -6.964379867710156213e-02 -6.964379867710156213e-02
5.200000000000000000e+01 -2.014606130364195169e-01 -2.014606130364195169e-01 -2.014606130364195169e-01 -2.014606130364195169e-01
5.300000000000000000e+01 -1.406143692459899293e-02 -1.406143692459899293e-02 -1.406143692459899293e-02 -1.406143692459899293e-02
5.400000000000000000e+01 -1.243613128873228835e-01 -1.243613128873228835e-01 -1.243613128873228835e-01 -1.243613128873228835e-01
5.500000000000000000e+01 3.868340736616424080e-01 3.868340736616424080e-01 3.868340736616424080e-01 3.868340736616424080e-01
5.600000000000000000e+01 -2.928278976880556092e-02 -2.928278976880556092e-02 -2.928278976880556092e-02 -2.928278976880556092e-02
5.700000000000000000e+01 5.503784963710010025e-01 5.503784963710010025e-01 5.503784963710010025e-01 5.503784963710010025e-01
5.800000000000000000e+01 8.480969195585331688e-01 8.480969195585331688e-01 8.480969195585331688e-01 8.480969195585331688e-01
5.900000000000000000e+01 6.609509742407286836e-01 6.609509742407286836e-01 6.609509742407286836e-01 6.609509742407286836e-01
6.000000000000000000e+01 6.244581349540405668e-01 6.244581349540405668e-01 6.244581349540405668e-01 6.244581349540405668e-01
6.100000000000000000e+01 7.196467618166083602e-01 7.196467618166083602e-01 7.196467618166083602e-01 7.196467618166083602e-01
6.200000000000000000e+01 8.075715478632328193e-01 8.075715478632328193e-01 8.075715478632328193e-01 8.075715478632328193e-01
6.300000000000000000e+01 1.678664593261867954e-01 1.678664593261867954e-01 1.678664593261867954e-01 1.678664593261867954e-01
6.400000000000000000e+01 2.201329024488776764e-01 2.201329024488776764e-01 2.201329024488776764e-01 2.201329024488776764e-01
6.500000000000000000e+01 2.177313014683065762e-01 2.177313014683065762e-01 2.177313014683065762e-01 2.177313014683065762e-01
6.600000000000000000e+01 1.727580258064901064e-01 1.727580258064901064e-01 1.727580258064901064e-01 1.727580258064901064e-01
6.700000000000000000e+01 5.190583138465296731e-01 5.190583138465296731e-01 5.190583138465296731e-01 5.190583138465296731e-01
6.800000000000000000e+01 2.801772630617935245e-01 2.801772630617935245e-01 2.801772630617935245e-01 2.801772630617935245e-01
6.900000000000000000e+01 3.151345426035316866e-01 3.151345426035316866e-01 3.151345426035316866e-01 3.151345426035316866e-01
7.000000000000000000e+01 6.591360455656007922e-01 6.591360455656007922e-01 6.591360455656007922e-01 6.591360455656007922e-01
7.100000000000000000e+01 7.018990107801165168e-01 7.018990107801165168e-01 7.018990107801165168e-01 7.018990107801165168e-01
7.200000000000000000e+01 6.945780195998824125e-01 6.945780195998824125e-01 6.945780195998824125e-01 6.945780195998824125e-01
7.300000000000000000e+01 3.993472221519768217e-01 3.993472221519768217e-01 3.993472221519768217e-01 3.993472221519768217e-01
7.400000000000000000e+01 1.065166593416615015e+00 1.065166593416615015e+00 1.065166593416615015e+00 1.065166593416615015e+00
7.500000000000000000e+01 9.546554659374995033e-01 9.546554659374995033e-01 9.546554659374995033e-01 9.546554659374995033e-01
7.600000000000000000e+01 1.196904717510040017e-01 1.196904717510040017e-01 1.196904717510040017e-01 1.196904717510040017e-01
7.700000000000000000e+01 4.241433577682967027e-01 4.241433577682967027e-01 4.241433577682967027e-01 4.241433577682967027e-01
7.800000000000000000e+01 7.699593250809452227e-01 7.699593250809452227e-01 7.699593250809452227e-01 7.699593250809452227e-01
7.900000000000000000e+01 1.264517504449278240e+00 1.264517504449278240e+00 1.264517504449278240e+00 1.264517504449278240e+00
8.000000000000000000e+01 6.371045189274952836e-02 6.371045189274952836e-02 6.371045189274952836e-02 6.371045189274952836e-02
8.100000000000000000e+01 2.333912767824080636e-01 2.333912767824080636e-01 2.333912767824080636e-01 2.333912767824080636e-01
8.200000000000000000e+01 5.100856211742904600e-01 5.100856211742904600e-01 5.100856211742904600e-01 5.100856211742904600e-01
8.300000000000000000e+01 2.416026723664709552e-01 2.416026723664709552e-01 2.416026723664709552e-01 2.416026723664709552e-01
8.400000000000000000e+01 2.523532365537614064e-01 2.523532365537614064e-01 2.523532365537614064e-01 2.523532365537614064e-01
8.500000000000000000e+01 5.317533267086628213e-01 5.317533267086628213e-01 5.317533267086628213e-01 5.317533267086628213e-01
8.600000000000000000e+01 1.210707613466841970e+00 1.210707613466841970e+00 1.210707613466841970e+00 1.210707613466841970e+00
8.700000000000000000e+01 -6.057781218670825751e-01 -6.057781218670825751e-01 -6.057781218670825751e-01 -6.057781218670825751e-01
8.800000000000000000e+01 5.635976267505786730e-01 5.635976267505786730e-01 5.635976267505786730e-01 5.635976267505786730e-01
8.900000000000000000e+01 2.138052538158591309e-01 2.138052538158591309e-01 2.138052538158591309e-01 2.138052538158591309e-01
9.000000000000000000e+01 1.771628703529888882e-01 1.771628703529888882e-01 1.771628703529888882e-01 1.771628703529888882e-01
9.100000000000000000e+01 2.753984738015125555e-01 2.753984738015125555e-01 2.753984738015125555e-01 2.753984738015125555e-01
9.200000000000000000e+01 5.119545568075090092e-01 5.119545568075090092e-01 5.119545568075090092e-01 5.119545568075090092e-01
9.300000000000000000e+01 4.598657342271802451e-01 4.598657342271802451e-01 4.598657342271802451e-01 4.598657342271802451e-01
9.400000000000000000e+01 -2.975669395897463376e-01 -2.975669395897463376e-01 -2.975669395897463376e-01 -2.975669395897463376e-01
9.500000000000000000e+01 6.260850000697242013e-02 6.260850000697242013e-02 6.260850000697242013e-02 6.260850000697242013e-02
9.600000000000000000e+01 6.086918710192414095e-02 6.086918710192414095e-02 6.086918710192414095e-02 6.086918710192414095e-02
9.700000000000000000e+01 4.141487277958964541e-01 4.141487277958964541e-01 4.141487277958964541e-01 4.141487277958964541e-01
9.800000000000000000e+01 2.626118626019925406e-01 2.626118626019925406e-01 2.626118626019925406e-01 2.626118626019925406e-01
