0.000000000000000000e+00 3.616341363310322521e+00 3.616341363310322521e+00 3.616341363310322521e+00 3.616341363310322521e+00
1.000000000000000000e+00 3.995652473195375087e+00 3.995652473195375087e+00 3.995652473195375087e+00 3.995652473195375087e+00
2.000000000000000000e+00 5.022060221175625117e+00 5.022060221175625117e+00 5.022060221175625117e+00 5.022060221175625117e+00
3.000000000000000000e+00 4.971828199997109010e+00 4.971828199997109010e+00 4.971828199997109010e+00 4.971828199997109010e+00
4.000000000000000000e+00 4.522487721942868077e+00 4.522487721942868077e+00 4.522487721942868077e+00 4.522487721942868077e+00
5.000000000000000000e+00 5.567832026725929140e+00 5.567832026725929140e+00 5.567832026725929140e+00 5.567832026725929140e+00
6.000000000000000000e+00 5.297945691963596104e+00 5.297945691963596104e+00 5.297945691963596104e+00 5.297945691963596104e+00
7.000000000000000000e+00 5.122381741397094679e+00 5.122381741397094679e+00 5.122381741397094679e+00 5.122381741397094679e+00
8.000000000000000000e+00 6.603026552329207099e+00 6.603026552329207099e+00 6.603026552329207099e+00 6.603026552329207099e+00
9.000000000000000000e+00 6.255350202566065221e+00 6.255350202566065221e+00 6.255350202566065221e+00 6.255350202566065221e+00
1.000000000000000000e+01 6.187839024938717181e+00 6.187839024938717181e+00 6.187839024938717181e+00 6.187839024938717181e+00
1.100000000000000000e+01 6.580004478135633050e+00 6.580004478135633050e+00 6.580004478135633050e+00 6.580004478135633050e+00
1.200000000000000000e+01 7.244584329746934337e+00 7.244584329746934337e+00 7.244584329746934337e+00 7.244584329746934337e+00
1.300000000000000000e+01 7.208800546155706535e+00 7.208800546155706535e+00 7.208800546155706535e+00 7.208800546155706535e+00
1.400000000000000000e+01 7.353922644401817976e+00 7.353922644401817976e+00 7.353922644401817976e+00 7.353922644401817976e+00
1.500000000000000000e+01 7.679564305762477616e+00 7.679564305762477616e+00 7.679564305762477616e+00 7.679564305762477616e+00
1.600000000000000000e+01 7.998031678541124734e+00 7.998031678541124734e+00 7.998031678541124734e+00 7.998031678541124734e+00
1.700000000000000000e+01 8.165347358964575974e+00 8.165347358964575974e+00 8.165347358964575974e+00 8.165347358964575974e+00
1.800000000000000000e+01 9.181343485996025677e+00 9.181343485996025677e+00 9.181343485996025677e+00 9.181343485996025677e+00
1.900000000000000000e+01 9.964798054850316333e+00 9.964798054850316333e+00 9.964798054850316333e+00 9.964798054850316333e+00
2.000000000000000000e+01 9.946670590654134614e+00 9.946670590654134614e+00 9.946670590654134614e+00 9.946670590654134614e+00
2.100000000000000000e+01 9.845064051408890293e+00 9.845064051408890293e+00 9.845064051408890293e+00 9.845064051408890293e+00
2.200000000000000000e+01 1.009070255499360513e+01 1.009070255499360513e+01 1.009070255499360513e+01 1.009070255499360513e+01
2.300000000000000000e+01 1.009715850070407939e+01 1.009715850070407939e+01 1.009715850070407939e+01 1.009715850070407939e+01
2.400000000000000000e+01 1.030059967984974456e+01 1.030059967984974456e+01 1.030059967984974456e+01 1.030059967984974456e+01
2.500000000000000000e+01 1.016780520271926136e+01 1.016780520271926136e+01 1.016780520271926136e+01 1.016780520271926136e+01
2.600000000000000000e+01 1.120463462584735481e+01 1.120463462584735481e+01 1.120463462584735481e+01 1.120463462584735481e+01
2.700000000000000000e+01 1.165848528817214103e+01 1.165848528817214103e+01 1.165848528817214103e+01 1.165848528817214103e+01
2.800000000000000000e+01 1.153109955745724235e+01 1.153109955745724235e+01 1.153109955745724235e+01 1.153109955745724235e+01
2.900000000000000000e+01 1.150855209391111345e+01 1.150855209391111345e+01 1.150855209391111345e+01 1.150855209391111345e+01
3.000000000000000000e+01 1.187329098580021025e+01 1.187329098580021025e+01 1.187329098580021025e+01 1.187329098580021025e+01
3.100000000000000000e+01 1.264163434326938606e+01 1.264163434326938606e+01 1.264163434326938606e+01 1.264163434326938606e+01
3.200000000000000000e+01 1.248141395855320290e+01 1.248141395855320290e+01 1.248141395855320290e+01 1.248141395855320290e+01
3.300000000000000000e+01 1.262759449003928047e+01 1.262759449003928047e+01 1.262759449003928047e+01 1.262759449003928047e+01
3.400000000000000000e+01 1.268087328026059168e+01 1.268087328026059168e+01 1.268087328026059168e+01 1.268087328026059168e+01
3.500000000000000000e+01 1.247691869200852999e+01 1.247691869200852999e+01 1.247691869200852999e+01 1.247691869200852999e+01
3.600000000000000000e+01 1.330497428302159335e+01 1.330497428302159335e+01 1.330497428302159335e+01 1.330497428302159335e+01
3.700000000000000000e+01 1.386390878458539433e+01 1.386390878458539433e+01 1.386390878458539433e+01 1.386390878458539433e+01
3.800000000000000000e+01 1.416055501748961198e+01 1.416055501748961198e+01 1.416055501748961198e+01 1.416055501748961198e+01
3.900000000000000000e+01 1.484881140459354221e+01 1.484881140459354221e+01 1.484881140459354221e+01 1.484881140459354221e+01
4.000000000000000000e+01 1.484405629277606309e+01 1.484405629277606309e+01 1.484405629277606309e+01 1.484405629277606309e+01
4.100000000000000000e+01 1.544339684713739835e+01 1.544339684713739835e+01 1.544339684713739835e+01 1.544339684713739835e+01
4.200000000000000000e+01 1.530299178369515367e+01 1.530299178369515367e+01 1.530299178369515367e+01 1.530299178369515367e+01
4.300000000000000000e+01 1.492239117407440396e+01 1.492239117407440396e+01 1.492239117407440396e+01 1.492239117407440396e+01
4.400000000000000000e+01 1.455740675290249975e+01 1.455740675290249975e+01 1.455740675290249975e+01 1.455740675290249975e+01
4.500000000000000000e+01 1.534479343803623941e+01 1.534479343803623941e+01 1.534479343803623941e+01 1.534479343803623941e+01
4.600000000000000000e+01 1.517659103676349552e+01 1.517659103676349552e+01 1.517659103676349552e+01 1.517659103676349552e+01
4.700000000000000000e+01 1.442867665535146671e+01 1.442867665535146671e+01 1.442867665535146671e+01 1.442867665535146671e+01
4.800000000000000000e+01 1.493596805237857694e+01 1.493596805237857694e+01 1.493596805237857694e+01 1.493596805237857694e+01
4.900000000000000000e+01 1.554065286911606769e+01 1.554065286911606769e+01 1.554065286911606769e+01 1.554065286911606769e+01
5.000000000000000000e+01 1.526806312049123981e+01 1.526806312049123981e+01 1.526806312049123981e+01 1.526806312049123981e+01
5.100000000000000000e+01 1.583007041250878366e+01 1.583007041250878366e+01 1.583007041250878366e+01 1.583007041250878366e+01
5.200000000000000000e+01 1.510762416198314817e+01 1.510762416198314817e+01 1.510762416198314817e+01 1.510762416198314817e+01
5.300000000000000000e+01 1.523142500226392038e+01 1.523142500226392038e+01 1.523142500226392038e+01 1.523142500226392038e+01
5.400000000000000000e+01 1.608259663280642116e+01 1.608259663280642116e+01 1.608259663280642116e+01 1.608259663280642116e+01
5.500000000000000000e+01 1.544740467305562781e+01 1.544740467305562781e+01 1.544740467305562781e+01 1.544740467305562781e+01
5.600000000000000000e+01 1.458358134273452755e+01 1.458358134273452755e+01 1.458358134273452755e+01 1.458358134273452755e+01
5.700000000000000000e+01 1.526515239357710918e+01 1.526515239357710918e+01 1.526515239357710918e+01 1.526515239357710918e+01
5.800000000000000000e+01 1.542031796235582775e+01 1.542031796235582775e+01 1.542031796235582775e+01 1.542031796235582775e+01
5.900000000000000000e+01 1.570681712673531649e+01 1.570681712673531649e+01 1.570681712673531649e+01 1.570681712673531649e+01
6.000000000000000000e+01 1.535422443018609862e+01 1.535422443018609862e+01 1.535422443018609862e+01 1.535422443018609862e+01
6.100000000000000000e+01 1.574076628968573388e+01 1.574076628968573388e+01 1.574076628968573388e+01 1.574076628968573388e+01
6.200000000000000000e+01 1.530856361408694433e+01 1.530856361408694433e+01 1.530856361408694433e+01 1.530856361408694433e+01
6.300000000000000000e+01 1.611317119839105771e+01 1.611317119839105771e+01 1.611317119839105771e+01 1.611317119839105771e+01
6.400000000000000000e+01 1.569913260413907885e+01 1.569913260413907885e+01 1.569913260413907885e+01 1.569913260413907885e+01
6.500000000000000000e+01 1.596878234978374600e+01 1.596878234978374600e+01 1.596878234978374600e+01 1.596878234978374600e+01
6.600000000000000000e+01 1.592290279356586602e+01 1.592290279356586602e+01 1.592290279356586602e+01 1.592290279356586602e+01
6.700000000000000000e+01 1.563487123575330884e+01 1.563487123575330884e+01 1.563487123575330884e+01 1.563487123575330884e+01
6.800000000000000000e+01 1.561064721172278702e+01 1.561064721172278702e+01 1.561064721172278702e+01 1.561064721172278702e+01
6.900000000000000000e+01 1.553592032333422246e+01 1.553592032333422246e+01 1.553592032333422246e+01 1.553592032333422246e+01
7.000000000000000000e+01 1.631772682676908559e+01 1.631772682676908559e+01 1.631772682676908559e+01 1.631772682676908559e+01
7.100000000000000000e+01 1.639089733885749922e+01 1.639089733885749922e+01 1.639089733885749922e+01 1.639089733885749922e+01
7.200000000000000000e+01 1.605233834704993612e+01 1.605233834704993612e+01 1.605233834704993612e+01 1.605233834704993612e+01
7.300000000000000000e+01 1.488340584884846862e+01 1.488340584884846862e+01 1.488340584884846862e+01 1.488340584884846862e+01
7.400000000000000000e+01 1.626209164415375596e+01 1.626209164415375596e+01 1.626209164415375596e+01 1.626209164415375596e+01
7.500000000000000000e+01 1.636981586397313748e+01 1.636981586397313748e+01 1.636981586397313748e+01 1.636981586397313748e+01
7.600000000000000000e+01 1.455631169399025637e+01 1.455631169399025637e+01 1.455631169399025637e+01 1.455631169399025637e+01
7.700000000000000000e+01 1.446628623925407631e+01 1.446628623925407631e+01 1.446628623925407631e+01 1.446628623925407631e+01
7.800000000000000000e+01 1.448740841859565798e+01 1.448740841859565798e+01 1.448740841859565798e+01 1.448740841859565798e+01
7.900000000000000000e+01 1.461775950336087071e+01 1.461775950336087071e+01 1.461775950336087071e+01 1.461775950336087071e+01
8.000000000000000000e+01 1.407539558116661382e+01 1.407539558116661382e+01 1.407539558116661382e+01 1.407539558116661382e+01
8.100000000000000000e+01 1.436964112839706154e+01 1.436964112839706154e+01 1.436964112839706154e+01 1.436964112839706154e+01
8.200000000000000000e+01 1.400222810904303117e+01 1.400222810904303117e+01 1.400222810904303117e+01 1.400222810904303117e+01
8.300000000000000000e+01 1.391775864022296005e+01 1.391775864022296005e+01 1.391775864022296005e+01 1.391775864022296005e+01
8.400000000000000000e+01 1.327288758665463142e+01 1.327288758665463142e+01 1.327288758665463142e+01 1.327288758665463142e+01
8.500000000000000000e+01 1.417412942140472865e+01 1.417412942140472865e+01 1.417412942140472865e+01 1.417412942140472865e+01
8.600000000000000000e+01 1.398789059913091393e+01 1.398789059913091393e+01 1.398789059913091393e+01 1.398789059913091393e+01
8.700000000000000000e+01 1.352127403855853771e+01 1.352127403855853771e+01 1.352127403855853771e+01 1.352127403855853771e+01
8.800000000000000000e+01 1.305200018908625026e+01 1.305200018908625026e+01 1.305200018908625026e+01 1.305200018908625026e+01
8.900000000000000000e+01 1.296424922113296141e+01 1.296424922113296141e+01 1.296424922113296141e+01 1.296424922113296141e+01
9.000000000000000000e+01 1.459696700114167811e+01 1.459696700114167811e+01 1.459696700114167811e+01 1.459696700114167811e+01
9.100000000000000000e+01 1.447051809315661508e+01 1.447051809315661508e+01 1.447051809315661508e+01 1.447051809315661508e+01
9.200000000000000000e+01 1.345253887246257385e+01 1.345253887246257385e+01 1.345253887246257385e+01 1.345253887246257385e+01
9.300000000000000000e+01 1.341015784095355023e+01 1.341015784095355023e+01 1.341015784095355023e+01 1.341015784095355023e+01
9.400000000000000000e+01 1.383469045106016004e+01 1.383469045106016004e+01 1.383469045106016004e+01 1.383469045106016004e+01
9.500000000000000000e+01 1.255477614004486675e+01 1.255477614004486675e+01 1.255477614004486675e+01 1.255477614004486675e+01
9.600000000000000000e+01 1.162462783032756697e+01 1.162462783032756697e+01 1.162462783032756697e+01 1.162462783032756697e+01
9.700000000000000000e+01 1.179192974746330158e+01 1.179192974746330158e+01 1.179192974746330158e+01 1.179192974746330158e+01
9.800000000000000000e+01 1.095170442275748535e+01 1.095170442275748535e+01 1.095170442275748535e+01 1.095170442275748535e+01
9.900000000000000000e+01 1.036794551178170565e+01 1.036794551178170565e+01 1.036794551178170565e+01 1.036794551178170565e+01
