0.000000000000000000e+00 3.302469185088989345e+00 3.302469185088989345e+00 3.302469185088989345e+00 3.302469185088989345e+00
1.000000000000000000e+00 1.774372518924733022e+00 1.774372518924733022e+00 1.774372518924733022e+00 1.774372518924733022e+00
2.000000000000000000e+00 2.374826136171832580e+00 2.374826136171832580e+00 2.374826136171832580e+00 2.374826136171832580e+00
3.000000000000000000e+00 2.107764851824253771e+00 2.107764851824253771e+00 2.107764851824253771e+00 2.107764851824253771e+00
4.000000000000000000e+00 2.747161887739387520e+00 2.747161887739387520e+00 2.747161887739387520e+00 2.747161887739387520e+00
5.000000000000000000e+00 3.345025702042684124e+00 3.345025702042684124e+00 3.345025702042684124e+00 3.345025702042684124e+00
6.000000000000000000e+00 5.341458273981829485e+00 5.341458273981829485e+00 5.341458273981829485e+00 5.341458273981829485e+00
7.000000000000000000e+00 5.928094696260156837e+00 5.928094696260156837e+00 5.928094696260156837e+00 5.928094696260156837e+00
8.000000000000000000e+00 6.367636048063710419e+00 6.367636048063710419e+00 6.367636048063710419e+00 6.367636048063710419e+00
9.000000000000000000e+00 5.004212854532476662e+00 5.004212854532476662e+00 5.004212854532476662e+00 5.004212854532476662e+00
1.000000000000000000e+01 6.022464893305190081e+00 6.022464893305190081e+00 6.022464893305190081e+00 6.022464893305190081e+00
1.100000000000000000e+01 6.095091374957373631e+00 6.095091374957373631e+00 6.095091374957373631e+00 6.095091374957373631e+00
1.200000000000000000e+01 5.679278806573716309e+00 5.679278806573716309e+00 5.679278806573716309e+00 5.679278806573716309e+00
1.300000000000000000e+01 5.872174758377537884e+00 5.872174758377537884e+00 5.872174758377537884e+00 5.872174758377537884e+00
1.400000000000000000e+01 7.174369759387104750e+00 7.174369759387104750e+00 7.174369759387104750e+00 7.174369759387104750e+00
1.500000000000000000e+01 6.659390231361184576e+00 6.659390231361184576e+00 6.659390231361184576e+00 6.659390231361184576e+00
1.600000000000000000e+01 7.075070519649724332e+00 7.075070519649724332e+00 7.075070519649724332e+00 7.075070519649724332e+00
1.700000000000000000e+01 7.548287534517130304e+00 7.548287534517130304e+00 7.548287534517130304e+00 7.548287534517130304e+00
1.800000000000000000e+01 6.932212081363570810e+00 6.932212081363570810e+00 6.932212081363570810e+00 6.932212081363570810e+00
1.900000000000000000e+01 6.003905351643390453e+00 6.003905351643390453e+00 6.003905351643390453e+00 6.003905351643390453e+00
2.000000000000000000e+01 5.785739065839433870e+00 5.785739065839433870e+00 5.785739065839433870e+00 5.785739065839433870e+00
2.100000000000000000e+01 6.823494311031757853e+00 6.823494311031757853e+00 6.823494311031757853e+00 6.823494311031757853e+00
2.200000000000000000e+01 7.189754486566998004e+00 7.189754486566998004e+00 7.189754486566998004e+00 7.189754486566998004e+00
2.300000000000000000e+01 7.827636424812922655e+00 7.827636424812922655e+00 7.827636424812922655e+00 7.827636424812922655e+00
2.400000000000000000e+01 1.074254836097557941e+01 1.074254836097557941e+01 1.074254836097557941e+01 1.074254836097557941e+01
2.500000000000000000e+01 8.938073555686290916e+00 8.938073555686290916e+00 8.938073555686290916e+00 8.938073555686290916e+00
2.600000000000000000e+01 9.472132927728685203e+00 9.472132927728685203e+00 9.472132927728685203e+00 9.472132927728685203e+00
2.700000000000000000e+01 1.133825287868690879e+01 1.133825287868690879e+01 1.133825287868690879e+01 1.133825287868690879e+01
2.800000000000000000e+01 1.066791041585403832e+01 1.066791041585403832e+01 1.066791041585403832e+01 1.066791041585403832e+01
2.900000000000000000e+01 1.125200394819579053e+01 1.125200394819579053e+01 1.125200394819579053e+01 1.125200394819579053e+01
3.000000000000000000e+01 1.206162971784108073e+01 1.206162971784108073e+01 1.206162971784108073e+01 1.206162971784108073e+01
3.100000000000000000e+01 1.112340315727777806e+01 1.112340315727777806e+01 1.112340315727777806e+01 1.112340315727777806e+01
3.200000000000000000e+01 1.206733190975085357e+01 1.206733190975085357e+01 1.206733190975085357e+01 1.206733190975085357e+01
3.300000000000000000e+01 1.311992011559981641e+01 1.311992011559981641e+01 1.311992011559981641e+01 1.311992011559981641e+01
3.400000000000000000e+01 1.274364531317368332e+01 1.274364531317368332e+01 1.274364531317368332e+01 1.274364531317368332e+01
3.500000000000000000e+01 9.625016267306989448e+00 9.625016267306989448e+00 9.625016267306989448e+00 9.625016267306989448e+00
3.600000000000000000e+01 1.027816056889824736e+01 1.027816056889824736e+01 1.027816056889824736e+01 1.027816056889824736e+01
3.700000000000000000e+01 9.914151393750143981e+00 9.914151393750143981e+00 9.914151393750143981e+00 9.914151393750143981e+00
3.800000000000000000e+01 1.186884454965930225e+01 1.186884454965930225e+01 1.186884454965930225e+01 1.186884454965930225e+01
3.900000000000000000e+01 1.185720551641607834e+01 1.185720551641607834e+01 1.185720551641607834e+01 1.185720551641607834e+01
4.000000000000000000e+01 1.284173852797865223e+01 1.284173852797865223e+01 1.284173852797865223e+01 1.284173852797865223e+01
4.100000000000000000e+01 1.538170018401434902e+01 1.538170018401434902e+01 1.538170018401434902e+01 1.538170018401434902e+01
4.200000000000000000e+01 1.406706052956366193e+01 1.406706052956366193e+01 1.406706052956366193e+01 1.406706052956366193e+01
4.300000000000000000e+01 1.507824679788516775e+01 1.507824679788516775e+01 1.507824679788516775e+01 1.507824679788516775e+01
4.400000000000000000e+01 1.508975065368295709e+01 1.508975065368295709e+01 1.508975065368295709e+01 1.508975065368295709e+01
4.500000000000000000e+01 1.352236146910488301e+01 1.352236146910488301e+01 1.352236146910488301e+01 1.352236146910488301e+01
4.600000000000000000e+01 1.471794514905055884e+01 1.471794514905055884e+01 1.471794514905055884e+01 1.471794514905055884e+01
4.700000000000000000e+01 1.424795141398222320e+01 1.424795141398222320e+01 1.424795141398222320e+01 1.424795141398222320e+01
4.800000000000000000e+01 1.420278982976106974e+01 1.420278982976106974e+01 1.420278982976106974e+01 1.420278982976106974e+01
4.900000000000000000e+01 1.577011892536165050e+01 1.577011892536165050e+01 1.577011892536165050e+01 1.577011892536165050e+01
5.000000000000000000e+01 1.530700377142662738e+01 1.530700377142662738e+01 1.530700377142662738e+01 1.530700377142662738e+01
5.100000000000000000e+01 1.573145111657446016e+01 1.573145111657446016e+01 1.573145111657446016e+01 1.573145111657446016e+01
5.200000000000000000e+01 1.564382562287723921e+01 1.564382562287723921e+01 1.564382562287723921e+01 1.564382562287723921e+01
5.300000000000000000e+01 1.540948040300331456e+01 1.540948040300331456e+01 1.540948040300331456e+01 1.540948040300331456e+01
5.400000000000000000e+01 1.298553782295254955e+01 1.298553782295254955e+01 1.298553782295254955e+01 1.298553782295254955e+01
5.500000000000000000e+01 1.198297310192902998e+01 1.198297310192902998e+01 1.198297310192902998e+01 1.198297310192902998e+01
5.600000000000000000e+01 1.208857916329081661e+01 1.208857916329081661e+01 1.208857916329081661e+01 1.208857916329081661e+01
5.700000000000000000e+01 1.192047708632997782e+01 1.192047708632997782e+01 1.192047708632997782e+01 1.192047708632997782e+01
5.800000000000000000e+01 1.238539268598116827e+01 1.238539268598116827e+01 1.238539268598116827e+01 1.238539268598116827e+01
5.900000000000000000e+01 1.531181011584778950e+01 1.531181011584778950e+01 1.531181011584778950e+01 1.531181011584778950e+01
6.000000000000000000e+01 1.541866700432318460e+01 1.541866700432318460e+01 1.541866700432318460e+01 1.541866700432318460e+01
6.100000000000000000e+01 1.505284505448607568e+01 1.505284505448607568e+01 1.505284505448607568e+01 1.505284505448607568e+01
6.200000000000000000e+01 1.591453134736473096e+01 1.591453134736473096e+01 1.591453134736473096e+01 1.591453134736473096e+01
6.300000000000000000e+01 1.616912986648381434e+01 1.616912986648381434e+01 1.616912986648381434e+01 1.616912986648381434e+01
6.400000000000000000e+01 1.586452717579217442e+01 1.586452717579217442e+01 1.586452717579217442e+01 1.586452717579217442e+01
6.500000000000000000e+01 1.610585514233212479e+01 1.610585514233212479e+01 1.610585514233212479e+01 1.610585514233212479e+01
6.600000000000000000e+01 1.651008457624867276e+01 1.651008457624867276e+01 1.651008457624867276e+01 1.651008457624867276e+01
6.700000000000000000e+01 1.620640768853496638e+01 1.620640768853496638e+01 1.620640768853496638e+01 1.620640768853496638e+01
6.800000000000000000e+01 1.686255823746622085e+01 1.686255823746622085e+01 1.686255823746622085e+01 1.686255823746622085e+01
6.900000000000000000e+01 1.565943549386039635e+01 1.565943549386039635e+01 1.565943549386039635e+01 1.565943549386039635e+01
7.000000000000000000e+01 1.608634060516027375e+01 1.608634060516027375e+01 1.608634060516027375e+01 1.608634060516027375e+01
7.100000000000000000e+01 1.495462129517895988e+01 1.495462129517895988e+01 1.495462129517895988e+01 1.495462129517895988e+01
7.200000000000000000e+01 1.331066622641711916e+01 1.331066622641711916e+01 1.331066622641711916e+01 1.331066622641711916e+01
7.300000000000000000e+01 1.317658594441835795e+01 1.317658594441835795e+01 1.317658594441835795e+01 1.317658594441835795e+01
7.400000000000000000e+01 1.253208031854880034e+01 1.253208031854880034e+01 1.253208031854880034e+01 1.253208031854880034e+01
7.500000000000000000e+01 1.321922428727778787e+01 1.321922428727778787e+01 1.321922428727778787e+01 1.321922428727778787e+01
7.600000000000000000e+01 1.265300719918483985e+01 1.265300719918483985e+01 1.265300719918483985e+01 1.265300719918483985e+01
7.700000000000000000e+01 1.352108112075145208e+01 1.352108112075145208e+01 1.352108112075145208e+01 1.352108112075145208e+01
7.800000000000000000e+01 1.553635051723857785e+01 1.553635051723857785e+01 1.553635051723857785e+01 1.553635051723857785e+01
7.900000000000000000e+01 1.381045907273480822e+01 1.381045907273480822e+01 1.381045907273480822e+01 1.381045907273480822e+01
8.000000000000000000e+01 1.588552964294920855e+01 1.588552964294920855e+01 1.588552964294920855e+01 1.588552964294920855e+01
8.100000000000000000e+01 1.525940309769470993e+01 1.525940309769470993e+01 1.525940309769470993e+01 1.525940309769470993e+01
8.200000000000000000e+01 1.467076671214819150e+01 1.467076671214819150e+01 1.467076671214819150e+01 1.467076671214819150e+01
8.300000000000000000e+01 1.553051904127787530e+01 1.553051904127787530e+01 1.553051904127787530e+01 1.553051904127787530e+01
8.400000000000000000e+01 1.447357235429444344e+01 1.447357235429444344e+01 1.447357235429444344e+01 1.447357235429444344e+01
8.500000000000000000e+01 1.380554775768740328e+01 1.380554775768740328e+01 1.380554775768740328e+01 1.380554775768740328e+01
8.600000000000000000e+01 1.528950325080449346e+01 1.528950325080449346e+01 1.528950325080449346e+01 1.528950325080449346e+01
8.700000000000000000e+01 1.466595974485436038e+01 1.466595974485436038e+01 1.466595974485436038e+01 1.466595974485436038e+01
8.800000000000000000e+01 1.371505562204957940e+01 1.371505562204957940e+01 1.371505562204957940e+01 1.371505562204957940e+01
8.900000000000000000e+01 1.324132599936012511e+01 1.324132599936012511e+01 1.324132599936012511e+01 1.324132599936012511e+01
9.000000000000000000e+01 1.395270591886667511e+01 1.395270591886667511e+01 1.395270591886667511e+01 1.395270591886667511e+01
9.100000000000000000e+01 1.451233881789746150e+01 1.451233881789746150e+01 1.451233881789746150e+01 1.451233881789746150e+01
9.200000000000000000e+01 1.440388572963438030e+01 1.440388572963438030e+01 1.440388572963438030e+01 1.440388572963438030e+01
9.300000000000000000e+01 1.431147340214133301e+01 1.431147340214133301e+01 1.431147340214133301e+01 1.431147340214133301e+01
9.400000000000000000e+01 1.455526865323447794e+01 1.455526865323447794e+01 1.455526865323447794e+01 1.455526865323447794e+01
9.500000000000000000e+01 1.463872641393192531e+01 1.463872641393192531e+01 1.463872641393192531e+01 1.463872641393192531e+01
9.600000000000000000e+01 1.313116994985827013e+01 1.313116994985827013e+01 1.313116994985827013e+01 1.313116994985827013e+01
9.700000000000000000e+01 1.314022458072612665e+01 1.314022458072612665e+01 1.314022458072612665e+01 1.314022458072612665e+01
9.800000000000000000e+01 1.219595006452401798e+01 1.219595006452401798e+01 1.219595006452401798e+01 1.219595006452401798e+01
9.900000000000000000e+01 1.144137721471612323e+01 1.144137721471612323e+01 1.144137721471612323e+01 1.144137721471612323e+01
