Delays Time-delay1 Time-delay2 Time-delay3 Time-delay4
0.000000000000000000e+00 -5.564463901957545922e-01 -5.564463901957545922e-01 -5.564463901957545922e-01 -5.564463901957545922e-01
1.000000000000000000e+00 -2.739794337500139898e-01 -2.739794337500139898e-01 -2.739794337500139898e-01 -2.739794337500139898e-01
2.000000000000000000e+00 -2.491506790177519526e-01 -2.491506790177519526e-01 -2.491506790177519526e-01 -2.491506790177519526e-01
3.000000000000000000e+00 -2.897089559875353770e-01 -2.897089559875353770e-01 -2.897089559875353770e-01 -2.897089559875353770e-01
4.000000000000000000e+00 -2.056723008734454572e-01 -2.056723008734454572e-01 -2.056723008734454572e-01 -2.056723008734454572e-01
5.000000000000000000e+00 -2.029824483788514322e-01 -2.029824483788514322e-01 -2.029824483788514322e-01 -2.029824483788514322e-01
6.000000000000000000e+00 -1.741323516952331119e-01 -1.741323516952331119e-01 -1.741323516952331119e-01 -1.741323516952331119e-01
7.000000000000000000e+00 -1.063286881696889896e-01 -1.063286881696889896e-01 -1.063286881696889896e-01 -1.063286881696889896e-01
8.000000000000000000e+00 -1.427393053641305976e-01 -1.427393053641305976e-01 -1.427393053641305976e-01 -1.427393053641305976e-01
9.000000000000000000e+00 -7.920313574980331062e-02 -7.920313574980331062e-02 -7.920313574980331062e-02 -7.920313574980331062e-02
1.000000000000000000e+01 1.763450258197885867e-01 1.763450258197885867e-01 1.763450258197885867e-01 1.763450258197885867e-01
1.100000000000000000e+01 -1.912473377795872453e-01 -1.912473377795872453e-01 -1.912473377795872453e-01 -1.912473377795872453e-01
1.200000000000000000e+01 1.445979487468051772e-01 1.445979487468051772e-01 1.445979487468051772e-01 1.445979487468051772e-01
1.300000000000000000e+01 1.480737097678036240e-01 1.480737097678036240e-01 1.480737097678036240e-01 1.480737097678036240e-01
1.400000000000000000e+01 3.362961941304569435e-02 3.362961941304569435e-02 3.362961941304569435e-02 3.362961941304569435e-02
1.500000000000000000e+01 1.155793048943323936e-01 1.155793048943323936e-01 1.155793048943323936e-01 1.155793048943323936e-01
1.600000000000000000e+01 1.344209400927653675e-01 1.344209400927653675e-01 1.344209400927653675e-01 1.344209400927653675e-01
1.700000000000000000e+01 1.627374437119377126e-01 1.627374437119377126e-01 1.627374437119377126e-01 1.627374437119377126e-01
1.800000000000000000e+01 1.254006883527087335e-01 1.254006883527087335e-01 1.254006883527087335e-01 1.254006883527087335e-01
1.900000000000000000e+01 3.687478194249433489e-02 3.687478194249433489e-02 3.687478194249433489e-02 3.687478194249433489e-02
2.000000000000000000e+01 3.951677099825610245e-02 3.951677099825610245e-02 3.951677099825610245e-02 3.951677099825610245e-02
2.100000000000000000e+01 1.383512189009555582e-01 1.383512189009555582e-01 1.383512189009555582e-01 1.383512189009555582e-01
2.200000000000000000e+01 3.328856785439534421e-02 3.328856785439534421e-02 3.328856785439534421e-02 3.328856785439534421e-02
2.300000000000000000e+01 8.715595936759681917e-02 8.715595936759681917e-02 8.715595936759681917e-02 8.715595936759681917e-02
2.400000000000000000e+01 1.110895709067074161e-01 1.110895709067074161e-01 1.110895709067074161e-01 1.110895709067074161e-01
2.500000000000000000e+01 -3.411288419318085630e-02 -3.411288419318085630e-02 -3.411288419318085630e-02 -3.411288419318085630e-02
2.600000000000000000e+01 6.708595381533816182e-02 6.708595381533816182e-02 6.708595381533816182e-02 6.708595381533816182e-02
2.700000000000000000e+01 2.003133725022690215e-01 2.003133725022690215e-01 2.003133725022690215e-01 2.003133725022690215e-01
2.800000000000000000e+01 4.399902391881908847e-02 4.399902391881908847e-02 4.399902391881908847e-02 4.399902391881908847e-02
2.900000000000000000e+01 1.028256490432939568e-01 1.028256490432939568e-01 1.028256490432939568e-01 1.028256490432939568e-01
3.000000000000000000e+01 1.122539133932174693e-01 1.122539133932174693e-01 1.122539133932174693e-01 1.122539133932174693e-01
3.100000000000000000e+01 1.268641061567389594e-01 1.268641061567389594e-01 1.268641061567389594e-01 1.268641061567389594e-01
3.200000000000000000e+01 1.560427048675959716e-01 1.560427048675959716e-01 1.560427048675959716e-01 1.560427048675959716e-01
3.300000000000000000e+01 1.405473625660108306e-01 1.405473625660108306e-01 1.405473625660108306e-01 1.405473625660108306e-01
3.400000000000000000e+01 6.549458293831728062e-02 6.549458293831728062e-02 6.549458293831728062e-02 6.549458293831728062e-02
3.500000000000000000e+01 1.367020907751691494e-01 1.367020907751691494e-01 1.367020907751691494e-01 1.367020907751691494e-01
3.600000000000000000e+01 1.414174551359177467e-01 1.414174551359177467e-01 1.414174551359177467e-01 1.414174551359177467e-01
3.700000000000000000e+01 5.812666199293672203e-02 5.812666199293672203e-02 5.812666199293672203e-02 5.812666199293672203e-02
3.800000000000000000e+01 4.474405619363300279e-02 4.474405619363300279e-02 4.474405619363300279e-02 4.474405619363300279e-02
3.900000000000000000e+01 1.168583425789446184e-03 1.168583425789446184e-03 1.168583425789446184e-03 1.168583425789446184e-03
4.000000000000000000e+01 -4.475279900701758379e-02 -4.475279900701758379e-02 -4.475279900701758379e-02 -4.475279900701758379e-02
4.100000000000000000e+01 1.816451023320967972e-01 1.816451023320967972e-01 1.816451023320967972e-01 1.816451023320967972e-01
4.200000000000000000e+01 -5.606932515507016129e-02 -5.606932515507016129e-02 -5.606932515507016129e-02 -5.606932515507016129e-02
4.300000000000000000e+01 9.618500566442747621e-04 9.618500566442747621e-04 9.618500566442747621e-04 9.618500566442747621e-04
4.400000000000000000e+01 3.475371420645337883e-01 3.475371420645337883e-01 3.475371420645337883e-01 3.475371420645337883e-01
4.500000000000000000e+01 -1.015183255270818083e-02 -1.015183255270818083e-02 -1.015183255270818083e-02 -1.015183255270818083e-02
4.600000000000000000e+01 9.823846913403336267e-02 9.823846913403336267e-02 9.823846913403336267e-02 9.823846913403336267e-02
4.700000000000000000e+01 9.363773800512438517e-02 9.363773800512438517e-02 9.363773800512438517e-02 9.363773800512438517e-02
4.800000000000000000e+01 8.788910186378529055e-02 8.788910186378529055e-02 8.788910186378529055e-02 8.788910186378529055e-02
4.900000000000000000e+01 4.900243642671999605e-02 4.900243642671999605e-02 4.900243642671999605e-02 4.900243642671999605e-02
5.000000000000000000e+01 1.051156178045175027e-01 1.051156178045175027e-01 1.051156178045175027e-01 1.051156178045175027e-01
5.100000000000000000e+01 2.454627660302498016e-01 2.454627660302498016e-01 2.454627660302498016e-01 2.454627660302498016e-01
5.200000000000000000e+01 4.391763351801878518e-02 4.391763351801878518e-02 4.391763351801878518e-02 4.391763351801878518e-02
5.300000000000000000e+01 2.963936210924540959e-01 2.963936210924540959e-01 2.963936210924540959e-01 2.963936210924540959e-01
5.400000000000000000e+01 1.011892801903276351e-01 1.011892801903276351e-01 1.011892801903276351e-01 1.011892801903276351e-01
5.500000000000000000e+01 2.710372090049614213e-01 2.710372090049614213e-01 2.710372090049614213e-01 2.710372090049614213e-01
5.600000000000000000e+01 1.238527679876932908e-02 1.238527679876932908e-02 1.238527679876932908e-02 1.238527679876932908e-02
5.700000000000000000e+01 1.008984971049388113e-01 1.008984971049388113e-01 1.008984971049388113e-01 1.008984971049388113e-01
5.800000000000000000e+01 1.460104586687862860e-01 1.460104586687862860e-01 1.460104586687862860e-01 1.460104586687862860e-01
5.900000000000000000e+01 8.083854724129897751e-02 8.083854724129897751e-02 8.083854724129897751e-02 8.083854724129897751e-02
6.000000000000000000e+01 1.661096483026763271e-01 1.661096483026763271e-01 1.661096483026763271e-01 1.661096483026763271e-01
6.100000000000000000e+01 -7.550337553522923351e-02 -7.550337553522923351e-02 -7.550337553522923351e-02 -7.550337553522923351e-02
6.200000000000000000e+01 6.558016956875989401e-02 6.558016956875989401e-02 6.558016956875989401e-02 6.558016956875989401e-02
6.300000000000000000e+01 -1.314304140251504605e-01 -1.314304140251504605e-01 -1.314304140251504605e-01 -1.314304140251504605e-01
6.400000000000000000e+01 1.506890976553365291e-01 1.506890976553365291e-01 1.506890976553365291e-01 1.506890976553365291e-01
6.500000000000000000e+01 2.418445433430740921e-01 2.418445433430740921e-01 2.418445433430740921e-01 2.418445433430740921e-01
6.600000000000000000e+01 -2.285343267054848471e-02 -2.285343267054848471e-02 -2.285343267054848471e-02 -2.285343267054848471e-02
6.700000000000000000e+01 1.180364606317133025e-01 1.180364606317133025e-01 1.180364606317133025e-01 1.180364606317133025e-01
6.800000000000000000e+01 1.318487245637494920e-01 1.318487245637494920e-01 1.318487245637494920e-01 1.318487245637494920e-01
6.900000000000000000e+01 1.639648548243888837e-01 1.639648548243888837e-01 1.639648548243888837e-01 1.639648548243888837e-01
7.000000000000000000e+01 -1.796698110882668370e-02 -1.796698110882668370e-02 -1.796698110882668370e-02 -1.796698110882668370e-02
7.100000000000000000e+01 4.796423309225762016e-02 4.796423309225762016e-02 4.796423309225762016e-02 4.796423309225762016e-02
7.200000000000000000e+01 1.203141470352608461e-01 1.203141470352608461e-01 1.203141470352608461e-01 1.203141470352608461e-01
7.300000000000000000e+01 1.138222334422387821e-01 1.138222334422387821e-01 1.138222334422387821e-01 1.138222334422387821e-01
7.400000000000000000e+01 1.650987971291989140e-02 1.650987971291989140e-02 1.650987971291989140e-02 1.650987971291989140e-02
7.500000000000000000e+01 -8.287915828845557331e-02 -8.287915828845557331e-02 -8.287915828845557331e-02 -8.287915828845557331e-02
7.600000000000000000e+01 3.296369629807704427e-01 3.296369629807704427e-01 3.296369629807704427e-01 3.296369629807704427e-01
7.700000000000000000e+01 6.550195872083797166e-02 6.550195872083797166e-02 6.550195872083797166e-02 6.550195872083797166e-02
7.800000000000000000e+01 1.367823921871352821e-01 1.367823921871352821e-01 1.367823921871352821e-01 1.367823921871352821e-01
7.900000000000000000e+01 7.466693613078811617e-03 7.466693613078811617e-03 7.466693613078811617e-03 7.466693613078811617e-03
8.000000000000000000e+01 -6.965797299671454279e-02 -6.965797299671454279e-02 -6.965797299671454279e-02 -6.965797299671454279e-02
8.100000000000000000e+01 3.027640610826267675e-01 3.027640610826267675e-01 3.027640610826267675e-01 3.027640610826267675e-01
8.200000000000000000e+01 1.865878717244452700e-02 1.865878717244452700e-02 1.865878717244452700e-02 1.865878717244452700e-02
8.300000000000000000e+01 -1.245031296514731572e-01 -1.245031296514731572e-01 -1.245031296514731572e-01 -1.245031296514731572e-01
8.400000000000000000e+01 2.255714292338429072e-01 2.255714292338429072e-01 2.255714292338429072e-01 2.255714292338429072e-01
8.500000000000000000e+01 9.022009580431306075e-02 9.022009580431306075e-02 9.022009580431306075e-02 9.022009580431306075e-02
8.600000000000000000e+01 1.309087967093814919e-01 1.309087967093814919e-01 1.309087967093814919e-01 1.309087967093814919e-01
8.700000000000000000e+01 5.636177986641988102e-02 5.636177986641988102e-02 5.636177986641988102e-02 5.636177986641988102e-02
8.800000000000000000e+01 1.611320191604899144e-01 1.611320191604899144e-01 1.611320191604899144e-01 1.611320191604899144e-01
8.900000000000000000e+01 1.063827201857566740e-01 1.063827201857566740e-01 1.063827201857566740e-01 1.063827201857566740e-01
9.000000000000000000e+01 -1.546370967761709070e-01 -1.546370967761709070e-01 -1.546370967761709070e-01 -1.546370967761709070e-01
9.100000000000000000e+01 -2.800140011132353779e-01 -2.800140011132353779e-01 -2.800140011132353779e-01 -2.800140011132353779e-01
9.200000000000000000e+01 -3.404770818285218770e-01 -3.404770818285218770e-01 -3.404770818285218770e-01 -3.404770818285218770e-01
9.300000000000000000e+01 4.107361045576594649e-01 4.107361045576594649e-01 4.107361045576594649e-01 4.107361045576594649e-01
9.400000000000000000e+01 -3.408409708595317583e-02 -3.408409708595317583e-02 -3.408409708595317583e-02 -3.408409708595317583e-02
9.500000000000000000e+01 2.210193510399646455e-01 2.210193510399646455e-01 2.210193510399646455e-01 2.210193510399646455e-01
9.600000000000000000e+01 4.823724037687613375e-01 4.823724037687613375e-01 4.823724037687613375e-01 4.823724037687613375e-01
9.700000000000000000e+01 -4.029827098117553380e-02 -4.029827098117553380e-02 -4.029827098117553380e-02 -4.029827098117553380e-02
9.800000000000000000e+01 -2.654532911587645372e-01 -2.654532911587645372e-01 -2.654532911587645372e-01 -2.654532911587645372e-01
9.900000000000000000e+01 1.479058745641475547e-01 1.479058745641475547e-01 1.479058745641475547e-01 1.479058745641475547e-01
1.000000000000000000e+02 -3.461457655831882696e-01 -3.461457655831882696e-01 -3.461457655831882696e-01 -3.461457655831882696e-01
1.010000000000000000e+02 -2.662163498869943856e-01 -2.662163498869943856e-01 -2.662163498869943856e-01 -2.662163498869943856e-01
1.020000000000000000e+02 3.644704891042579997e-01 3.644704891042579997e-01 3.644704891042579997e-01 3.644704891042579997e-01
1.030000000000000000e+02 -1.290009777534570634e-01 -1.290009777534570634e-01 -1.290009777534570634e-01 -1.290009777534570634e-01
1.040000000000000000e+02 -1.652267053962013510e-01 -1.652267053962013510e-01 -1.652267053962013510e-01 -1.652267053962013510e-01
1.050000000000000000e+02 4.963909360399876292e-01 4.963909360399876292e-01 4.963909360399876292e-01 4.963909360399876292e-01
1.060000000000000000e+02 1.067668434335633937e-01 1.067668434335633937e-01 1.067668434335633937e-01 1.067668434335633937e-01
1.070000000000000000e+02 9.955924964129912735e-02 9.955924964129912735e-02 9.955924964129912735e-02 9.955924964129912735e-02
1.080000000000000000e+02 -2.745294859306353086e-01 -2.745294859306353086e-01 -2.745294859306353086e-01 -2.745294859306353086e-01
1.090000000000000000e+02 2.311036279686843053e-01 2.311036279686843053e-01 2.311036279686843053e-01 2.311036279686843053e-01
1.100000000000000000e+02 8.995794820860415764e-03 8.995794820860415764e-03 8.995794820860415764e-03 8.995794820860415764e-03
1.110000000000000000e+02 -4.267792477173002474e-01 -4.267792477173002474e-01 -4.267792477173002474e-01 -4.267792477173002474e-01
1.120000000000000000e+02 4.254362691672619601e-01 4.254362691672619601e-01 4.254362691672619601e-01 4.254362691672619601e-01
1.130000000000000000e+02 3.140310863004731889e-02 3.140310863004731889e-02 3.140310863004731889e-02 3.140310863004731889e-02
1.140000000000000000e+02 2.612531481474705264e-01 2.612531481474705264e-01 2.612531481474705264e-01 2.612531481474705264e-01
1.150000000000000000e+02 2.963400419760857107e-01 2.963400419760857107e-01 2.963400419760857107e-01 2.963400419760857107e-01
1.160000000000000000e+02 1.301419656075892550e-01 1.301419656075892550e-01 1.301419656075892550e-01 1.301419656075892550e-01
1.170000000000000000e+02 2.222579483499944886e-01 2.222579483499944886e-01 2.222579483499944886e-01 2.222579483499944886e-01
1.180000000000000000e+02 1.861942017737249766e-01 1.861942017737249766e-01 1.861942017737249766e-01 1.861942017737249766e-01
1.190000000000000000e+02 -1.126518079334363209e-01 -1.126518079334363209e-01 -1.126518079334363209e-01 -1.126518079334363209e-01
