0.000000000000000000e+00 2.707960791568342795e+00 2.707960791568342795e+00 2.707960791568342795e+00 2.707960791568342795e+00
1.000000000000000000e+00 3.208870825369687374e+00 3.208870825369687374e+00 3.208870825369687374e+00 3.208870825369687374e+00
2.000000000000000000e+00 6.510005331018483332e+00 6.510005331018483332e+00 6.510005331018483332e+00 6.510005331018483332e+00
3.000000000000000000e+00 5.732662806689464929e+00 5.732662806689464929e+00 5.732662806689464929e+00 5.732662806689464929e+00
4.000000000000000000e+00 6.219024068803890692e+00 6.219024068803890692e+00 6.219024068803890692e+00 6.219024068803890692e+00
5.000000000000000000e+00 7.143972815138185162e+00 7.143972815138185162e+00 7.143972815138185162e+00 7.143972815138185162e+00
6.000000000000000000e+00 7.359535262689524515e+00 7.359535262689524515e+00 7.359535262689524515e+00 7.359535262689524515e+00
7.000000000000000000e+00 6.040669882686443337e+00 6.040669882686443337e+00 6.040669882686443337e+00 6.040669882686443337e+00
8.000000000000000000e+00 6.775742703056444327e+00 6.775742703056444327e+00 6.775742703056444327e+00 6.775742703056444327e+00
9.000000000000000000e+00 6.668772016769956679e+00 6.668772016769956679e+00 6.668772016769956679e+00 6.668772016769956679e+00
1.000000000000000000e+01 6.556893854623033313e+00 6.556893854623033313e+00 6.556893854623033313e+00 6.556893854623033313e+00
1.100000000000000000e+01 7.032590514835896478e+00 7.032590514835896478e+00 7.032590514835896478e+00 7.032590514835896478e+00
1.200000000000000000e+01 6.773587111034663266e+00 6.773587111034663266e+00 6.773587111034663266e+00 6.773587111034663266e+00
1.300000000000000000e+01 4.177761733136830635e+00 4.177761733136830635e+00 4.177761733136830635e+00 4.177761733136830635e+00
1.400000000000000000e+01 4.399414580259913166e+00 4.399414580259913166e+00 4.399414580259913166e+00 4.399414580259913166e+00
1.500000000000000000e+01 4.623358187131646702e+00 4.623358187131646702e+00 4.623358187131646702e+00 4.623358187131646702e+00
1.600000000000000000e+01 4.440670175645873741e+00 4.440670175645873741e+00 4.440670175645873741e+00 4.440670175645873741e+00
1.700000000000000000e+01 5.591125315502151416e+00 5.591125315502151416e+00 5.591125315502151416e+00 5.591125315502151416e+00
1.800000000000000000e+01 9.171516507251594064e+00 9.171516507251594064e+00 9.171516507251594064e+00 9.171516507251594064e+00
1.900000000000000000e+01 1.042456462498813607e+01 1.042456462498813607e+01 1.042456462498813607e+01 1.042456462498813607e+01
2.000000000000000000e+01 1.125474375547281092e+01 1.125474375547281092e+01 1.125474375547281092e+01 1.125474375547281092e+01
2.100000000000000000e+01 1.034684777206726025e+01 1.034684777206726025e+01 1.034684777206726025e+01 1.034684777206726025e+01
2.200000000000000000e+01 1.015339112565950153e+01 1.015339112565950153e+01 1.015339112565950153e+01 1.015339112565950153e+01
2.300000000000000000e+01 1.115504281351258875e+01 1.115504281351258875e+01 1.115504281351258875e+01 1.115504281351258875e+01
2.400000000000000000e+01 1.092087964892304441e+01 1.092087964892304441e+01 1.092087964892304441e+01 1.092087964892304441e+01
2.500000000000000000e+01 1.119530470224534469e+01 1.119530470224534469e+01 1.119530470224534469e+01 1.119530470224534469e+01
2.600000000000000000e+01 1.067769772369222814e+01 1.067769772369222814e+01 1.067769772369222814e+01 1.067769772369222814e+01
2.700000000000000000e+01 1.235075240392311002e+01 1.235075240392311002e+01 1.235075240392311002e+01 1.235075240392311002e+01
2.800000000000000000e+01 1.231456722187199837e+01 1.231456722187199837e+01 1.231456722187199837e+01 1.231456722187199837e+01
2.900000000000000000e+01 8.890736066030827445e+00 8.890736066030827445e+00 8.890736066030827445e+00 8.890736066030827445e+00
3.000000000000000000e+01 7.614649337595032819e+00 7.614649337595032819e+00 7.614649337595032819e+00 7.614649337595032819e+00
3.100000000000000000e+01 8.044022852573005977e+00 8.044022852573005977e+00 8.044022852573005977e+00 8.044022852573005977e+00
3.200000000000000000e+01 9.785552945155982840e+00 9.785552945155982840e+00 9.785552945155982840e+00 9.785552945155982840e+00
3.300000000000000000e+01 1.058215140312311320e+01 1.058215140312311320e+01 1.058215140312311320e+01 1.058215140312311320e+01
3.400000000000000000e+01 1.351015398665003886e+01 1.351015398665003886e+01 1.351015398665003886e+01 1.351015398665003886e+01
3.500000000000000000e+01 1.402789920686989333e+01 1.402789920686989333e+01 1.402789920686989333e+01 1.402789920686989333e+01
3.600000000000000000e+01 1.393986031132536496e+01 1.393986031132536496e+01 1.393986031132536496e+01 1.393986031132536496e+01
3.700000000000000000e+01 1.413816096222583596e+01 1.413816096222583596e+01 1.413816096222583596e+01 1.413816096222583596e+01
3.800000000000000000e+01 1.473736666288214536e+01 1.473736666288214536e+01 1.473736666288214536e+01 1.473736666288214536e+01
3.900000000000000000e+01 1.526210066917867003e+01 1.526210066917867003e+01 1.526210066917867003e+01 1.526210066917867003e+01
4.000000000000000000e+01 1.478246776558818887e+01 1.478246776558818887e+01 1.478246776558818887e+01 1.478246776558818887e+01
4.100000000000000000e+01 1.517764664181785328e+01 1.517764664181785328e+01 1.517764664181785328e+01 1.517764664181785328e+01
4.200000000000000000e+01 1.540757610361910679e+01 1.540757610361910679e+01 1.540757610361910679e+01 1.540757610361910679e+01
4.300000000000000000e+01 1.535699769897936839e+01 1.535699769897936839e+01 1.535699769897936839e+01 1.535699769897936839e+01
4.400000000000000000e+01 1.517049875174159368e+01 1.517049875174159368e+01 1.517049875174159368e+01 1.517049875174159368e+01
4.500000000000000000e+01 1.463100421068116219e+01 1.463100421068116219e+01 1.463100421068116219e+01 1.463100421068116219e+01
4.600000000000000000e+01 1.434955303375839364e+01 1.434955303375839364e+01 1.434955303375839364e+01 1.434955303375839364e+01
4.700000000000000000e+01 1.163756920415055163e+01 1.163756920415055163e+01 1.163756920415055163e+01 1.163756920415055163e+01
4.800000000000000000e+01 1.127096235610719788e+01 1.127096235610719788e+01 1.127096235610719788e+01 1.127096235610719788e+01
4.900000000000000000e+01 1.211425831531245834e+01 1.211425831531245834e+01 1.211425831531245834e+01 1.211425831531245834e+01
5.000000000000000000e+01 1.151650339267789924e+01 1.151650339267789924e+01 1.151650339267789924e+01 1.151650339267789924e+01
5.100000000000000000e+01 1.241238330989709659e+01 1.241238330989709659e+01 1.241238330989709659e+01 1.241238330989709659e+01
5.200000000000000000e+01 1.335743043778054329e+01 1.335743043778054329e+01 1.335743043778054329e+01 1.335743043778054329e+01
5.300000000000000000e+01 1.643543411513785557e+01 1.643543411513785557e+01 1.643543411513785557e+01 1.643543411513785557e+01
5.400000000000000000e+01 1.687237803035610995e+01 1.687237803035610995e+01 1.687237803035610995e+01 1.687237803035610995e+01
5.500000000000000000e+01 1.611973617339877052e+01 1.611973617339877052e+01 1.611973617339877052e+01 1.611973617339877052e+01
5.600000000000000000e+01 1.651223026628687762e+01 1.651223026628687762e+01 1.651223026628687762e+01 1.651223026628687762e+01
5.700000000000000000e+01 1.645386401225538719e+01 1.645386401225538719e+01 1.645386401225538719e+01 1.645386401225538719e+01
5.800000000000000000e+01 1.672053582726723775e+01 1.672053582726723775e+01 1.672053582726723775e+01 1.672053582726723775e+01
5.900000000000000000e+01 1.566059249399553721e+01 1.566059249399553721e+01 1.566059249399553721e+01 1.566059249399553721e+01
6.000000000000000000e+01 1.622426841013270504e+01 1.622426841013270504e+01 1.622426841013270504e+01 1.622426841013270504e+01
6.100000000000000000e+01 1.526992715520314015e+01 1.526992715520314015e+01 1.526992715520314015e+01 1.526992715520314015e+01
6.200000000000000000e+01 1.441932631648431062e+01 1.441932631648431062e+01 1.441932631648431062e+01 1.441932631648431062e+01
6.300000000000000000e+01 1.248993093032286694e+01 1.248993093032286694e+01 1.248993093032286694e+01 1.248993093032286694e+01
6.400000000000000000e+01 1.333731156884673652e+01 1.333731156884673652e+01 1.333731156884673652e+01 1.333731156884673652e+01
6.500000000000000000e+01 1.315755774183116067e+01 1.315755774183116067e+01 1.315755774183116067e+01 1.315755774183116067e+01
6.600000000000000000e+01 1.292735568061006290e+01 1.292735568061006290e+01 1.292735568061006290e+01 1.292735568061006290e+01
6.700000000000000000e+01 1.668170709247934624e+01 1.668170709247934624e+01 1.668170709247934624e+01 1.668170709247934624e+01
6.800000000000000000e+01 1.703767954441101651e+01 1.703767954441101651e+01 1.703767954441101651e+01 1.703767954441101651e+01
6.900000000000000000e+01 1.608493380452550170e+01 1.608493380452550170e+01 1.608493380452550170e+01 1.608493380452550170e+01
7.000000000000000000e+01 1.711652380703534604e+01 1.711652380703534604e+01 1.711652380703534604e+01 1.711652380703534604e+01
7.100000000000000000e+01 1.661011049491450819e+01 1.661011049491450819e+01 1.661011049491450819e+01 1.661011049491450819e+01
7.200000000000000000e+01 1.822924341100328505e+01 1.822924341100328505e+01 1.822924341100328505e+01 1.822924341100328505e+01
7.300000000000000000e+01 1.710704760052698958e+01 1.710704760052698958e+01 1.710704760052698958e+01 1.710704760052698958e+01
7.400000000000000000e+01 1.751299680443580797e+01 1.751299680443580797e+01 1.751299680443580797e+01 1.751299680443580797e+01
7.500000000000000000e+01 1.729642160655410166e+01 1.729642160655410166e+01 1.729642160655410166e+01 1.729642160655410166e+01
7.600000000000000000e+01 1.565790720169653838e+01 1.565790720169653838e+01 1.565790720169653838e+01 1.565790720169653838e+01
7.700000000000000000e+01 1.553691236263984621e+01 1.553691236263984621e+01 1.553691236263984621e+01 1.553691236263984621e+01
7.800000000000000000e+01 1.444344044786248915e+01 1.444344044786248915e+01 1.444344044786248915e+01 1.444344044786248915e+01
7.900000000000000000e+01 1.182245977650710955e+01 1.182245977650710955e+01 1.182245977650710955e+01 1.182245977650710955e+01
8.000000000000000000e+01 1.122286321580973478e+01 1.122286321580973478e+01 1.122286321580973478e+01 1.122286321580973478e+01
8.100000000000000000e+01 1.183876009954509101e+01 1.183876009954509101e+01 1.183876009954509101e+01 1.183876009954509101e+01
8.200000000000000000e+01 1.277021025685293587e+01 1.277021025685293587e+01 1.277021025685293587e+01 1.277021025685293587e+01
8.300000000000000000e+01 1.336173808647146366e+01 1.336173808647146366e+01 1.336173808647146366e+01 1.336173808647146366e+01
8.400000000000000000e+01 1.598970155590521536e+01 1.598970155590521536e+01 1.598970155590521536e+01 1.598970155590521536e+01
8.500000000000000000e+01 1.562281264181295803e+01 1.562281264181295803e+01 1.562281264181295803e+01 1.562281264181295803e+01
8.600000000000000000e+01 1.555714318376870153e+01 1.555714318376870153e+01 1.555714318376870153e+01 1.555714318376870153e+01
8.700000000000000000e+01 1.526020623798083342e+01 1.526020623798083342e+01 1.526020623798083342e+01 1.526020623798083342e+01
8.800000000000000000e+01 1.504166249990318427e+01 1.504166249990318427e+01 1.504166249990318427e+01 1.504166249990318427e+01
8.900000000000000000e+01 1.474688157036118596e+01 1.474688157036118596e+01 1.474688157036118596e+01 1.474688157036118596e+01
9.000000000000000000e+01 1.505070391414158948e+01 1.505070391414158948e+01 1.505070391414158948e+01 1.505070391414158948e+01
9.100000000000000000e+01 1.494974038503464620e+01 1.494974038503464620e+01 1.494974038503464620e+01 1.494974038503464620e+01
9.200000000000000000e+01 1.484542635218426021e+01 1.484542635218426021e+01 1.484542635218426021e+01 1.484542635218426021e+01
9.300000000000000000e+01 1.482251459746809452e+01 1.482251459746809452e+01 1.482251459746809452e+01 1.482251459746809452e+01
9.400000000000000000e+01 1.459741330305497975e+01 1.459741330305497975e+01 1.459741330305497975e+01 1.459741330305497975e+01
9.500000000000000000e+01 1.103623399460559895e+01 1.103623399460559895e+01 1.103623399460559895e+01 1.103623399460559895e+01
9.600000000000000000e+01 9.720641451947345857e+00 9.720641451947345857e+00 9.720641451947345857e+00 9.720641451947345857e+00
9.700000000000000000e+01 8.484071164687545519e+00 8.484071164687545519e+00 8.484071164687545519e+00 8.484071164687545519e+00
9.800000000000000000e+01 9.203105885393076946e+00 9.203105885393076946e+00 9.203105885393076946e+00 9.203105885393076946e+00
9.900000000000000000e+01 9.028574698007467703e+00 9.028574698007467703e+00 9.028574698007467703e+00 9.028574698007467703e+00
