0.000000000000000000e+00 9.168660832294115437e-01 9.168660832294115437e-01 9.168660832294115437e-01 9.168660832294115437e-01
1.000000000000000000e+00 2.367150484885240047e+00 2.367150484885240047e+00 2.367150484885240047e+00 2.367150484885240047e+00
2.000000000000000000e+00 2.682197398649030173e+00 2.682197398649030173e+00 2.682197398649030173e+00 2.682197398649030173e+00
3.000000000000000000e+00 3.449065298583810613e+00 3.449065298583810613e+00 3.449065298583810613e+00 3.449065298583810613e+00
4.000000000000000000e+00 4.490701880855744399e+00 4.490701880855744399e+00 4.490701880855744399e+00 4.490701880855744399e+00
5.000000000000000000e+00 4.880307202710943315e+00 4.880307202710943315e+00 4.880307202710943315e+00 4.880307202710943315e+00
6.000000000000000000e+00 6.460964358774223371e+00 6.460964358774223371e+00 6.460964358774223371e+00 6.460964358774223371e+00
7.000000000000000000e+00 6.053754772351337188e+00 6.053754772351337188e+00 6.053754772351337188e+00 6.053754772351337188e+00
8.000000000000000000e+00 6.531839800640915961e+00 6.531839800640915961e+00 6.531839800640915961e+00 6.531839800640915961e+00
9.000000000000000000e+00 5.505601382779675923e+00 5.505601382779675923e+00 5.505601382779675923e+00 5.505601382779675923e+00
1.000000000000000000e+01 6.510792642312335232e+00 6.510792642312335232e+00 6.510792642312335232e+00 6.510792642312335232e+00
1.100000000000000000e+01 7.166387900404526334e+00 7.166387900404526334e+00 7.166387900404526334e+00 7.166387900404526334e+00
1.200000000000000000e+01 6.941393294836490035e+00 6.941393294836490035e+00 6.941393294836490035e+00 6.941393294836490035e+00
1.300000000000000000e+01 6.924191822886387016e+00 6.924191822886387016e+00 6.924191822886387016e+00 6.924191822886387016e+00
1.400000000000000000e+01 7.589567317789719603e+00 7.589567317789719603e+00 7.589567317789719603e+00 7.589567317789719603e+00
1.500000000000000000e+01 7.738006041397698098e+00 7.738006041397698098e+00 7.738006041397698098e+00 7.738006041397698098e+00
1.600000000000000000e+01 7.761728716275304585e+00 7.761728716275304585e+00 7.761728716275304585e+00 7.761728716275304585e+00
1.700000000000000000e+01 7.538547706793538694e+00 7.538547706793538694e+00 7.538547706793538694e+00 7.538547706793538694e+00
1.800000000000000000e+01 7.925320240819027973e+00 7.925320240819027973e+00 7.925320240819027973e+00 7.925320240819027973e+00
1.900000000000000000e+01 8.882063240118590386e+00 8.882063240118590386e+00 8.882063240118590386e+00 8.882063240118590386e+00
2.000000000000000000e+01 8.637579749869269463e+00 8.637579749869269463e+00 8.637579749869269463e+00 8.637579749869269463e+00
2.100000000000000000e+01 8.693446538637591203e+00 8.693446538637591203e+00 8.693446538637591203e+00 8.693446538637591203e+00
2.200000000000000000e+01 9.657169425277981389e+00 9.657169425277981389e+00 9.657169425277981389e+00 9.657169425277981389e+00
2.300000000000000000e+01 8.518882219496930475e+00 8.518882219496930475e+00 8.518882219496930475e+00 8.518882219496930475e+00
2.400000000000000000e+01 9.104213587370656668e+00 9.104213587370656668e+00 9.104213587370656668e+00 9.104213587370656668e+00
2.500000000000000000e+01 9.417518474163435016e+00 9.417518474163435016e+00 9.417518474163435016e+00 9.417518474163435016e+00
2.600000000000000000e+01 9.851868246957508291e+00 9.851868246957508291e+00 9.851868246957508291e+00 9.851868246957508291e+00
2.700000000000000000e+01 1.012339156768966930e+01 1.012339156768966930e+01 1.012339156768966930e+01 1.012339156768966930e+01
2.800000000000000000e+01 1.029546118560477019e+01 1.029546118560477019e+01 1.029546118560477019e+01 1.029546118560477019e+01
2.900000000000000000e+01 1.018451304903738297e+01 1.018451304903738297e+01 1.018451304903738297e+01 1.018451304903738297e+01
3.000000000000000000e+01 1.124625520979956050e+01 1.124625520979956050e+01 1.124625520979956050e+01 1.124625520979956050e+01
3.100000000000000000e+01 1.107738807397425873e+01 1.107738807397425873e+01 1.107738807397425873e+01 1.107738807397425873e+01
3.200000000000000000e+01 1.089574262400760674e+01 1.089574262400760674e+01 1.089574262400760674e+01 1.089574262400760674e+01
3.300000000000000000e+01 1.147709823966954623e+01 1.147709823966954623e+01 1.147709823966954623e+01 1.147709823966954623e+01
3.400000000000000000e+01 1.129662676920346520e+01 1.129662676920346520e+01 1.129662676920346520e+01 1.129662676920346520e+01
3.500000000000000000e+01 1.169696908771912369e+01 1.169696908771912369e+01 1.169696908771912369e+01 1.169696908771912369e+01
3.600000000000000000e+01 1.174670580936435016e+01 1.174670580936435016e+01 1.174670580936435016e+01 1.174670580936435016e+01
3.700000000000000000e+01 1.108946802767724193e+01 1.108946802767724193e+01 1.108946802767724193e+01 1.108946802767724193e+01
3.800000000000000000e+01 1.125573872625519378e+01 1.125573872625519378e+01 1.125573872625519378e+01 1.125573872625519378e+01
3.900000000000000000e+01 1.067142910832833103e+01 1.067142910832833103e+01 1.067142910832833103e+01 1.067142910832833103e+01
4.000000000000000000e+01 1.087694822323835631e+01 1.087694822323835631e+01 1.087694822323835631e+01 1.087694822323835631e+01
4.100000000000000000e+01 1.070407384003615547e+01 1.070407384003615547e+01 1.070407384003615547e+01 1.070407384003615547e+01
4.200000000000000000e+01 1.192001536553020813e+01 1.192001536553020813e+01 1.192001536553020813e+01 1.192001536553020813e+01
4.300000000000000000e+01 1.135372010856485048e+01 1.135372010856485048e+01 1.135372010856485048e+01 1.135372010856485048e+01
4.400000000000000000e+01 1.252747830010172869e+01 1.252747830010172869e+01 1.252747830010172869e+01 1.252747830010172869e+01
4.500000000000000000e+01 1.178868901520541534e+01 1.178868901520541534e+01 1.178868901520541534e+01 1.178868901520541534e+01
4.600000000000000000e+01 1.158300993911176135e+01 1.158300993911176135e+01 1.158300993911176135e+01 1.158300993911176135e+01
4.700000000000000000e+01 1.202700750297649002e+01 1.202700750297649002e+01 1.202700750297649002e+01 1.202700750297649002e+01
4.800000000000000000e+01 1.155684951706861519e+01 1.155684951706861519e+01 1.155684951706861519e+01 1.155684951706861519e+01
4.900000000000000000e+01 1.253259636834481405e+01 1.253259636834481405e+01 1.253259636834481405e+01 1.253259636834481405e+01
5.000000000000000000e+01 1.303111096185773299e+01 1.303111096185773299e+01 1.303111096185773299e+01 1.303111096185773299e+01
5.100000000000000000e+01 1.300624689993692407e+01 1.300624689993692407e+01 1.300624689993692407e+01 1.300624689993692407e+01
5.200000000000000000e+01 1.325903515423651413e+01 1.325903515423651413e+01 1.325903515423651413e+01 1.325903515423651413e+01
5.300000000000000000e+01 1.290097661736230350e+01 1.290097661736230350e+01 1.290097661736230350e+01 1.290097661736230350e+01
5.400000000000000000e+01 1.155237174917838949e+01 1.155237174917838949e+01 1.155237174917838949e+01 1.155237174917838949e+01
5.500000000000000000e+01 1.192776990784449431e+01 1.192776990784449431e+01 1.192776990784449431e+01 1.192776990784449431e+01
5.600000000000000000e+01 1.195446609970565888e+01 1.195446609970565888e+01 1.195446609970565888e+01 1.195446609970565888e+01
5.700000000000000000e+01 1.199849613067122434e+01 1.199849613067122434e+01 1.199849613067122434e+01 1.199849613067122434e+01
5.800000000000000000e+01 1.176528485281935055e+01 1.176528485281935055e+01 1.176528485281935055e+01 1.176528485281935055e+01
5.900000000000000000e+01 1.244807688719337690e+01 1.244807688719337690e+01 1.244807688719337690e+01 1.244807688719337690e+01
6.000000000000000000e+01 1.279908519180201232e+01 1.279908519180201232e+01 1.279908519180201232e+01 1.279908519180201232e+01
6.100000000000000000e+01 1.331325613792148665e+01 1.331325613792148665e+01 1.331325613792148665e+01 1.331325613792148665e+01
6.200000000000000000e+01 1.306430110819314905e+01 1.306430110819314905e+01 1.306430110819314905e+01 1.306430110819314905e+01
6.300000000000000000e+01 1.348500765127123202e+01 1.348500765127123202e+01 1.348500765127123202e+01 1.348500765127123202e+01
6.400000000000000000e+01 1.392825382723408545e+01 1.392825382723408545e+01 1.392825382723408545e+01 1.392825382723408545e+01
6.500000000000000000e+01 1.435026285012814640e+01 1.435026285012814640e+01 1.435026285012814640e+01 1.435026285012814640e+01
6.600000000000000000e+01 1.420836023933128089e+01 1.420836023933128089e+01 1.420836023933128089e+01 1.420836023933128089e+01
6.700000000000000000e+01 1.464530548448721881e+01 1.464530548448721881e+01 1.464530548448721881e+01 1.464530548448721881e+01
6.800000000000000000e+01 1.395740136035694867e+01 1.395740136035694867e+01 1.395740136035694867e+01 1.395740136035694867e+01
6.900000000000000000e+01 1.295436503929568595e+01 1.295436503929568595e+01 1.295436503929568595e+01 1.295436503929568595e+01
7.000000000000000000e+01 1.345112194172148712e+01 1.345112194172148712e+01 1.345112194172148712e+01 1.345112194172148712e+01
7.100000000000000000e+01 1.342276691199496597e+01 1.342276691199496597e+01 1.342276691199496597e+01 1.342276691199496597e+01
7.200000000000000000e+01 1.349219921989098125e+01 1.349219921989098125e+01 1.349219921989098125e+01 1.349219921989098125e+01
7.300000000000000000e+01 1.375172926895697678e+01 1.375172926895697678e+01 1.375172926895697678e+01 1.375172926895697678e+01
7.400000000000000000e+01 1.353699496946043901e+01 1.353699496946043901e+01 1.353699496946043901e+01 1.353699496946043901e+01
7.500000000000000000e+01 1.375303365000251965e+01 1.375303365000251965e+01 1.375303365000251965e+01 1.375303365000251965e+01
7.600000000000000000e+01 1.351883476581406285e+01 1.351883476581406285e+01 1.351883476581406285e+01 1.351883476581406285e+01
7.700000000000000000e+01 1.250418301469956717e+01 1.250418301469956717e+01 1.250418301469956717e+01 1.250418301469956717e+01
7.800000000000000000e+01 1.258377852063073199e+01 1.258377852063073199e+01 1.258377852063073199e+01 1.258377852063073199e+01
7.900000000000000000e+01 1.346907309608915071e+01 1.346907309608915071e+01 1.346907309608915071e+01 1.346907309608915071e+01
8.000000000000000000e+01 1.372229590232139174e+01 1.372229590232139174e+01 1.372229590232139174e+01 1.372229590232139174e+01
8.100000000000000000e+01 1.407991928443009044e+01 1.407991928443009044e+01 1.407991928443009044e+01 1.407991928443009044e+01
8.200000000000000000e+01 1.400301207050967989e+01 1.400301207050967989e+01 1.400301207050967989e+01 1.400301207050967989e+01
8.300000000000000000e+01 1.248438436893165182e+01 1.248438436893165182e+01 1.248438436893165182e+01 1.248438436893165182e+01
8.400000000000000000e+01 1.154671496669231523e+01 1.154671496669231523e+01 1.154671496669231523e+01 1.154671496669231523e+01
8.500000000000000000e+01 1.103282959742311675e+01 1.103282959742311675e+01 1.103282959742311675e+01 1.103282959742311675e+01
8.600000000000000000e+01 1.027728845886154296e+01 1.027728845886154296e+01 1.027728845886154296e+01 1.027728845886154296e+01
8.700000000000000000e+01 9.969779494452765789e+00 9.969779494452765789e+00 9.969779494452765789e+00 9.969779494452765789e+00
8.800000000000000000e+01 9.956249374845969058e+00 9.956249374845969058e+00 9.956249374845969058e+00 9.956249374845969058e+00
8.900000000000000000e+01 9.634483008925418090e+00 9.634483008925418090e+00 9.634483008925418090e+00 9.634483008925418090e+00
9.000000000000000000e+01 9.918474755324975689e+00 9.918474755324975689e+00 9.918474755324975689e+00 9.918474755324975689e+00
9.100000000000000000e+01 9.828358428986680551e+00 9.828358428986680551e+00 9.828358428986680551e+00 9.828358428986680551e+00
9.200000000000000000e+01 9.240100094189294566e+00 9.240100094189294566e+00 9.240100094189294566e+00 9.240100094189294566e+00
9.300000000000000000e+01 8.669970387511595433e+00 8.669970387511595433e+00 8.669970387511595433e+00 8.669970387511595433e+00
9.400000000000000000e+01 8.983857307310394447e+00 8.983857307310394447e+00 8.983857307310394447e+00 8.983857307310394447e+00
9.500000000000000000e+01 9.088873528015367853e+00 9.088873528015367853e+00 9.088873528015367853e+00 9.088873528015367853e+00
9.600000000000000000e+01 8.743903504699572338e+00 8.743903504699572338e+00 8.743903504699572338e+00 8.743903504699572338e+00
9.700000000000000000e+01 8.917487065965030268e+00 8.917487065965030268e+00 8.917487065965030268e+00 8.917487065965030268e+00
9.800000000000000000e+01 8.652259011271148381e+00 8.652259011271148381e+00 8.652259011271148381e+00 8.652259011271148381e+00
