0.000000000000000000e+00 -5.102192701212029391e-01 -5.102192701212029391e-01 -5.102192701212029391e-01 -5.102192701212029391e-01
1.000000000000000000e+00 -4.100273279327720788e-01 -4.100273279327720788e-01 -4.100273279327720788e-01 -4.100273279327720788e-01
2.000000000000000000e+00 -1.974373253948301932e-01 -1.974373253948301932e-01 -1.974373253948301932e-01 -1.974373253948301932e-01
3.000000000000000000e+00 -3.405365388660899773e-01 -3.405365388660899773e-01 -3.405365388660899773e-01 -3.405365388660899773e-01
4.000000000000000000e+00 2.019835267830409342e-01 2.019835267830409342e-01 2.019835267830409342e-01 2.019835267830409342e-01
5.000000000000000000e+00 4.580988342098461508e-01 4.580988342098461508e-01 4.580988342098461508e-01 4.580988342098461508e-01
6.000000000000000000e+00 7.359673027411350876e-01 7.359673027411350876e-01 7.359673027411350876e-01 7.359673027411350876e-01
7.000000000000000000e+00 1.169959756066955681e+00 1.169959756066955681e+00 1.169959756066955681e+00 1.169959756066955681e+00
8.000000000000000000e+00 1.288376311995947932e+00 1.288376311995947932e+00 1.288376311995947932e+00 1.288376311995947932e+00
9.000000000000000000e+00 9.041405487684910369e-01 9.041405487684910369e-01 9.041405487684910369e-01 9.041405487684910369e-01
1.000000000000000000e+01 1.488205678341777860e+00 1.488205678341777860e+00 1.488205678341777860e+00 1.488205678341777860e+00
1.100000000000000000e+01 1.399691251243846635e+00 1.399691251243846635e+00 1.399691251243846635e+00 1.399691251243846635e+00
1.200000000000000000e+01 1.565104367039007904e+00 1.565104367039007904e+00 1.565104367039007904e+00 1.565104367039007904e+00
1.300000000000000000e+01 1.825639761340591027e+00 1.825639761340591027e+00 1.825639761340591027e+00 1.825639761340591027e+00
1.400000000000000000e+01 1.927430083076929312e+00 1.927430083076929312e+00 1.927430083076929312e+00 1.927430083076929312e+00
1.500000000000000000e+01 2.198823105794410537e+00 2.198823105794410537e+00 2.198823105794410537e+00 2.198823105794410537e+00
1.600000000000000000e+01 2.164918508649181117e+00 2.164918508649181117e+00 2.164918508649181117e+00 2.164918508649181117e+00
1.700000000000000000e+01 2.310080464626342422e+00 2.310080464626342422e+00 2.310080464626342422e+00 2.310080464626342422e+00
1.800000000000000000e+01 1.947260133043362540e+00 1.947260133043362540e+00 1.947260133043362540e+00 1.947260133043362540e+00
1.900000000000000000e+01 1.957013256870655526e+00 1.957013256870655526e+00 1.957013256870655526e+00 1.957013256870655526e+00
2.000000000000000000e+01 1.561329838984932161e+00 1.561329838984932161e+00 1.561329838984932161e+00 1.561329838984932161e+00
2.100000000000000000e+01 1.448832264451706653e+00 1.448832264451706653e+00 1.448832264451706653e+00 1.448832264451706653e+00
2.200000000000000000e+01 1.555738462926584464e+00 1.555738462926584464e+00 1.555738462926584464e+00 1.555738462926584464e+00
2.300000000000000000e+01 1.485246776524783652e+00 1.485246776524783652e+00 1.485246776524783652e+00 1.485246776524783652e+00
2.400000000000000000e+01 1.531148884728011916e+00 1.531148884728011916e+00 1.531148884728011916e+00 1.531148884728011916e+00
2.500000000000000000e+01 1.436995051551022362e+00 1.436995051551022362e+00 1.436995051551022362e+00 1.436995051551022362e+00
2.600000000000000000e+01 1.435657826151071070e+00 1.435657826151071070e+00 1.435657826151071070e+00 1.435657826151071070e+00
2.700000000000000000e+01 1.253858961310537312e+00 1.253858961310537312e+00 1.253858961310537312e+00 1.253858961310537312e+00
2.800000000000000000e+01 1.298002058068934650e+00 1.298002058068934650e+00 1.298002058068934650e+00 1.298002058068934650e+00
2.900000000000000000e+01 1.169314167965921802e+00 1.169314167965921802e+00 1.169314167965921802e+00 1.169314167965921802e+00
3.000000000000000000e+01 1.313513323741318795e+00 1.313513323741318795e+00 1.313513323741318795e+00 1.313513323741318795e+00
3.100000000000000000e+01 1.382045072506909333e+00 1.382045072506909333e+00 1.382045072506909333e+00 1.382045072506909333e+00
3.200000000000000000e+01 1.499712247220620798e+00 1.499712247220620798e+00 1.499712247220620798e+00 1.499712247220620798e+00
3.300000000000000000e+01 1.869557537977778461e+00 1.869557537977778461e+00 1.869557537977778461e+00 1.869557537977778461e+00
3.400000000000000000e+01 1.733616146345950515e+00 1.733616146345950515e+00 1.733616146345950515e+00 1.733616146345950515e+00
3.500000000000000000e+01 1.652490338125226499e+00 1.652490338125226499e+00 1.652490338125226499e+00 1.652490338125226499e+00
3.600000000000000000e+01 1.786433285197664977e+00 1.786433285197664977e+00 1.786433285197664977e+00 1.786433285197664977e+00
3.700000000000000000e+01 1.750838064958566198e+00 1.750838064958566198e+00 1.750838064958566198e+00 1.750838064958566198e+00
3.800000000000000000e+01 1.668765848176664290e+00 1.668765848176664290e+00 1.668765848176664290e+00 1.668765848176664290e+00
3.900000000000000000e+01 1.725267563875218846e+00 1.725267563875218846e+00 1.725267563875218846e+00 1.725267563875218846e+00
4.000000000000000000e+01 1.928786919595559368e+00 1.928786919595559368e+00 1.928786919595559368e+00 1.928786919595559368e+00
4.100000000000000000e+01 2.077112463355594851e+00 2.077112463355594851e+00 2.077112463355594851e+00 2.077112463355594851e+00
4.200000000000000000e+01 2.246363987624458325e+00 2.246363987624458325e+00 2.246363987624458325e+00 2.246363987624458325e+00
4.300000000000000000e+01 2.287291340349851598e+00 2.287291340349851598e+00 2.287291340349851598e+00 2.287291340349851598e+00
4.400000000000000000e+01 2.280862927087759395e+00 2.280862927087759395e+00 2.280862927087759395e+00 2.280862927087759395e+00
4.500000000000000000e+01 2.196688842426658184e+00 2.196688842426658184e+00 2.196688842426658184e+00 2.196688842426658184e+00
4.600000000000000000e+01 2.186540981500728176e+00 2.186540981500728176e+00 2.186540981500728176e+00 2.186540981500728176e+00
4.700000000000000000e+01 2.075054852585094700e+00 2.075054852585094700e+00 2.075054852585094700e+00 2.075054852585094700e+00
4.800000000000000000e+01 2.137894166553333974e+00 2.137894166553333974e+00 2.137894166553333974e+00 2.137894166553333974e+00
4.900000000000000000e+01 2.080312855550872975e+00 2.080312855550872975e+00 2.080312855550872975e+00 2.080312855550872975e+00
5.000000000000000000e+01 2.706701080191196152e+00 2.706701080191196152e+00 2.706701080191196152e+00 2.706701080191196152e+00
5.100000000000000000e+01 2.512485882948698457e+00 2.512485882948698457e+00 2.512485882948698457e+00 2.512485882948698457e+00
5.200000000000000000e+01 2.615277621964996690e+00 2.615277621964996690e+00 2.615277621964996690e+00 2.615277621964996690e+00
5.300000000000000000e+01 3.185387459505470087e+00 3.185387459505470087e+00 3.185387459505470087e+00 3.185387459505470087e+00
5.400000000000000000e+01 2.730144164000751772e+00 2.730144164000751772e+00 2.730144164000751772e+00 2.730144164000751772e+00
5.500000000000000000e+01 2.708028458737413935e+00 2.708028458737413935e+00 2.708028458737413935e+00 2.708028458737413935e+00
5.600000000000000000e+01 2.835185909378418412e+00 2.835185909378418412e+00 2.835185909378418412e+00 2.835185909378418412e+00
5.700000000000000000e+01 2.119569609438738844e+00 2.119569609438738844e+00 2.119569609438738844e+00 2.119569609438738844e+00
5.800000000000000000e+01 2.632382678922096098e+00 2.632382678922096098e+00 2.632382678922096098e+00 2.632382678922096098e+00
5.900000000000000000e+01 2.891880407131632413e+00 2.891880407131632413e+00 2.891880407131632413e+00 2.891880407131632413e+00
6.000000000000000000e+01 2.471673267974460853e+00 2.471673267974460853e+00 2.471673267974460853e+00 2.471673267974460853e+00
6.100000000000000000e+01 2.542418026758878291e+00 2.542418026758878291e+00 2.542418026758878291e+00 2.542418026758878291e+00
6.200000000000000000e+01 2.693535975545783945e+00 2.693535975545783945e+00 2.693535975545783945e+00 2.693535975545783945e+00
6.300000000000000000e+01 2.463603967674981909e+00 2.463603967674981909e+00 2.463603967674981909e+00 2.463603967674981909e+00
6.400000000000000000e+01 2.627108561061003655e+00 2.627108561061003655e+00 2.627108561061003655e+00 2.627108561061003655e+00
6.500000000000000000e+01 2.474417465837450703e+00 2.474417465837450703e+00 2.474417465837450703e+00 2.474417465837450703e+00
6.600000000000000000e+01 2.394530520448034050e+00 2.394530520448034050e+00 2.394530520448034050e+00 2.394530520448034050e+00
6.700000000000000000e+01 2.391893749831908167e+00 2.391893749831908167e+00 2.391893749831908167e+00 2.391893749831908167e+00
6.800000000000000000e+01 2.355103795650835607e+00 2.355103795650835607e+00 2.355103795650835607e+00 2.355103795650835607e+00
6.900000000000000000e+01 2.264227608365786182e+00 2.264227608365786182e+00 2.264227608365786182e+00 2.264227608365786182e+00
7.000000000000000000e+01 2.482766002217794643e+00 2.482766002217794643e+00 2.482766002217794643e+00 2.482766002217794643e+00
7.100000000000000000e+01 2.530138154405724205e+00 2.530138154405724205e+00 2.530138154405724205e+00 2.530138154405724205e+00
7.200000000000000000e+01 2.624325318330812173e+00 2.624325318330812173e+00 2.624325318330812173e+00 2.624325318330812173e+00
7.300000000000000000e+01 2.494373394785485143e+00 2.494373394785485143e+00 2.494373394785485143e+00 2.494373394785485143e+00
7.400000000000000000e+01 2.421416060320975561e+00 2.421416060320975561e+00 2.421416060320975561e+00 2.421416060320975561e+00
7.500000000000000000e+01 2.402620923108477413e+00 2.402620923108477413e+00 2.402620923108477413e+00 2.402620923108477413e+00
7.600000000000000000e+01 2.166396960515128978e+00 2.166396960515128978e+00 2.166396960515128978e+00 2.166396960515128978e+00
7.700000000000000000e+01 2.269375166166502034e+00 2.269375166166502034e+00 2.269375166166502034e+00 2.269375166166502034e+00
7.800000000000000000e+01 2.219617019326887153e+00 2.219617019326887153e+00 2.219617019326887153e+00 2.219617019326887153e+00
7.900000000000000000e+01 2.640129157222709466e+00 2.640129157222709466e+00 2.640129157222709466e+00 2.640129157222709466e+00
8.000000000000000000e+01 2.138203649156068309e+00 2.138203649156068309e+00 2.138203649156068309e+00 2.138203649156068309e+00
8.100000000000000000e+01 2.329286157549823155e+00 2.329286157549823155e+00 2.329286157549823155e+00 2.329286157549823155e+00
8.200000000000000000e+01 2.419293377611667406e+00 2.419293377611667406e+00 2.419293377611667406e+00 2.419293377611667406e+00
8.300000000000000000e+01 2.061475559861650542e+00 2.061475559861650542e+00 2.061475559861650542e+00 2.061475559861650542e+00
8.400000000000000000e+01 2.130115509722539269e+00 2.130115509722539269e+00 2.130115509722539269e+00 2.130115509722539269e+00
8.500000000000000000e+01 1.753725454915450621e+00 1.753725454915450621e+00 1.753725454915450621e+00 1.753725454915450621e+00
8.600000000000000000e+01 1.777779708377151380e+00 1.777779708377151380e+00 1.777779708377151380e+00 1.777779708377151380e+00
8.700000000000000000e+01 2.058614842466222505e+00 2.058614842466222505e+00 2.058614842466222505e+00 2.058614842466222505e+00
8.800000000000000000e+01 2.265416284580472617e+00 2.265416284580472617e+00 2.265416284580472617e+00 2.265416284580472617e+00
8.900000000000000000e+01 2.465791013719543123e+00 2.465791013719543123e+00 2.465791013719543123e+00 2.465791013719543123e+00
9.000000000000000000e+01 2.622745789971479002e+00 2.622745789971479002e+00 2.622745789971479002e+00 2.622745789971479002e+00
9.100000000000000000e+01 2.588472980631256526e+00 2.588472980631256526e+00 2.588472980631256526e+00 2.588472980631256526e+00
9.200000000000000000e+01 2.579973170220740908e+00 2.579973170220740908e+00 2.579973170220740908e+00 2.579973170220740908e+00
9.300000000000000000e+01 2.336362296251313087e+00 2.336362296251313087e+00 2.336362296251313087e+00 2.336362296251313087e+00
9.400000000000000000e+01 2.125497224586290201e+00 2.125497224586290201e+00 2.125497224586290201e+00 2.125497224586290201e+00
9.500000000000000000e+01 1.900356975945262761e+00 1.900356975945262761e+00 1.900356975945262761e+00 1.900356975945262761e+00
9.600000000000000000e+01 1.982498510918226708e+00 1.982498510918226708e+00 1.982498510918226708e+00 1.982498510918226708e+00
9.700000000000000000e+01 1.831876870876704366e+00 1.831876870876704366e+00 1.831876870876704366e+00 1.831876870876704366e+00
9.800000000000000000e+01 1.722938750492568172e+00 1.722938750492568172e+00 1.722938750492568172e+00 1.722938750492568172e+00
9.900000000000000000e+01 1.759515847683155387e+00 1.759515847683155387e+00 1.759515847683155387e+00 1.759515847683155387e+00
1.000000000000000000e+02 1.617256680434801641e+00 1.617256680434801641e+00 1.617256680434801641e+00 1.617256680434801641e+00
1.010000000000000000e+02 1.405981759997932734e+00 1.405981759997932734e+00 1.405981759997932734e+00 1.405981759997932734e+00
1.020000000000000000e+02 1.294324809603174531e+00 1.294324809603174531e+00 1.294324809603174531e+00 1.294324809603174531e+00
1.030000000000000000e+02 1.178079631831960628e+00 1.178079631831960628e+00 1.178079631831960628e+00 1.178079631831960628e+00
1.040000000000000000e+02 1.238596229660405612e+00 1.238596229660405612e+00 1.238596229660405612e+00 1.238596229660405612e+00
1.050000000000000000e+02 1.149403610262080155e+00 1.149403610262080155e+00 1.149403610262080155e+00 1.149403610262080155e+00
1.060000000000000000e+02 1.286270109759929836e+00 1.286270109759929836e+00 1.286270109759929836e+00 1.286270109759929836e+00
1.070000000000000000e+02 1.383581215461949565e+00 1.383581215461949565e+00 1.383581215461949565e+00 1.383581215461949565e+00
1.080000000000000000e+02 1.422067511666307071e+00 1.422067511666307071e+00 1.422067511666307071e+00 1.422067511666307071e+00
1.090000000000000000e+02 1.387389992151639717e+00 1.387389992151639717e+00 1.387389992151639717e+00 1.387389992151639717e+00
1.100000000000000000e+02 1.407524199495181039e+00 1.407524199495181039e+00 1.407524199495181039e+00 1.407524199495181039e+00
1.110000000000000000e+02 1.270212345750241445e+00 1.270212345750241445e+00 1.270212345750241445e+00 1.270212345750241445e+00
1.120000000000000000e+02 1.360320691311825758e+00 1.360320691311825758e+00 1.360320691311825758e+00 1.360320691311825758e+00
1.130000000000000000e+02 1.401742461263570716e+00 1.401742461263570716e+00 1.401742461263570716e+00 1.401742461263570716e+00
1.140000000000000000e+02 1.319646514892124811e+00 1.319646514892124811e+00 1.319646514892124811e+00 1.319646514892124811e+00
1.150000000000000000e+02 1.569202378187713798e+00 1.569202378187713798e+00 1.569202378187713798e+00 1.569202378187713798e+00
1.160000000000000000e+02 1.508235874326617543e+00 1.508235874326617543e+00 1.508235874326617543e+00 1.508235874326617543e+00
1.170000000000000000e+02 1.749883912537381736e+00 1.749883912537381736e+00 1.749883912537381736e+00 1.749883912537381736e+00
1.180000000000000000e+02 1.686690494633140913e+00 1.686690494633140913e+00 1.686690494633140913e+00 1.686690494633140913e+00
1.190000000000000000e+02 1.802385120351380321e+00 1.802385120351380321e+00 1.802385120351380321e+00 1.802385120351380321e+00
