-6.800000000000000000e+01 7.932260326530424663e+02 7.932260326530424663e+02 7.932260326530424663e+02 7.932260326530424663e+02
-6.700000000000000000e+01 -4.726881654170917102e+01 -4.726881654170917102e+01 -4.726881654170917102e+01 -4.726881654170917102e+01
-6.600000000000000000e+01 -4.075979665234402205e+02 -4.075979665234402205e+02 -4.075979665234402205e+02 -4.075979665234402205e+02
-6.500000000000000000e+01 -3.261736194295474434e+03 -3.261736194295474434e+03 -3.261736194295474434e+03 -3.261736194295474434e+03
-6.400000000000000000e+01 2.356953498996008875e+03 2.356953498996008875e+03 2.356953498996008875e+03 2.356953498996008875e+03
-6.300000000000000000e+01 -7.432604306342923337e+03 -7.432604306342923337e+03 -7.432604306342923337e+03 -7.432604306342923337e+03
-6.200000000000000000e+01 2.417469844674645628e+03 2.417469844674645628e+03 2.417469844674645628e+03 2.417469844674645628e+03
-6.100000000000000000e+01 -2.068818263442582520e+03 -2.068818263442582520e+03 -2.068818263442582520e+03 -2.068818263442582520e+03
-6.000000000000000000e+01 -6.375006626361636108e+02 -6.375006626361636108e+02 -6.375006626361636108e+02 -6.375006626361636108e+02
-5.900000000000000000e+01 7.868030847191107569e+03 7.868030847191107569e+03 7.868030847191107569e+03 7.868030847191107569e+03
-5.800000000000000000e+01 -7.059325694961006548e+02 -7.059325694961006548e+02 -7.059325694961006548e+02 -7.059325694961006548e+02
-5.700000000000000000e+01 -7.043889240654808418e+03 -7.043889240654808418e+03 -7.043889240654808418e+03 -7.043889240654808418e+03
-5.600000000000000000e+01 -6.174074489267729405e+03 -6.174074489267729405e+03 -6.174074489267729405e+03 -6.174074489267729405e+03
-5.500000000000000000e+01 -2.260658179848350073e+02 -2.260658179848350073e+02 -2.260658179848350073e+02 -2.260658179848350073e+02
-5.400000000000000000e+01 -1.513192810561510669e+03 -1.513192810561510669e+03 -1.513192810561510669e+03 -1.513192810561510669e+03
-5.300000000000000000e+01 7.200403999892078900e+03 7.200403999892078900e+03 7.200403999892078900e+03 7.200403999892078900e+03
-5.200000000000000000e+01 1.190871379637242853e+03 1.190871379637242853e+03 1.190871379637242853e+03 1.190871379637242853e+03
-5.100000000000000000e+01 3.878618815239301654e+01 3.878618815239301654e+01 3.878618815239301654e+01 3.878618815239301654e+01
-5.000000000000000000e+01 -7.345306863339189476e+03 -7.345306863339189476e+03 -7.345306863339189476e+03 -7.345306863339189476e+03
-4.900000000000000000e+01 1.164986251907756198e+01 1.164986251907756198e+01 1.164986251907756198e+01 1.164986251907756198e+01
-4.800000000000000000e+01 -8.075835075614892958e+03 -8.075835075614892958e+03 -8.075835075614892958e+03 -8.075835075614892958e+03
-4.700000000000000000e+01 -2.775534276470071745e+03 -2.775534276470071745e+03 -2.775534276470071745e+03 -2.775534276470071745e+03
-4.600000000000000000e+01 -8.270744035809573234e+02 -8.270744035809573234e+02 -8.270744035809573234e+02 -8.270744035809573234e+02
-4.500000000000000000e+01 -3.486263590028833733e+03 -3.486263590028833733e+03 -3.486263590028833733e+03 -3.486263590028833733e+03
-4.400000000000000000e+01 -1.182092980498223824e+03 -1.182092980498223824e+03 -1.182092980498223824e+03 -1.182092980498223824e+03
-4.300000000000000000e+01 -5.117894413241339862e+03 -5.117894413241339862e+03 -5.117894413241339862e+03 -5.117894413241339862e+03
-4.200000000000000000e+01 -1.209204755048922237e+02 -1.209204755048922237e+02 -1.209204755048922237e+02 -1.209204755048922237e+02
-4.100000000000000000e+01 -8.340563075827545845e+02 -8.340563075827545845e+02 -8.340563075827545845e+02 -8.340563075827545845e+02
-4.000000000000000000e+01 -5.782946151029518660e+03 -5.782946151029518660e+03 -5.782946151029518660e+03 -5.782946151029518660e+03
-3.900000000000000000e+01 6.922120865869784211e+03 6.922120865869784211e+03 6.922120865869784211e+03 6.922120865869784211e+03
-3.800000000000000000e+01 7.703857716988745779e+03 7.703857716988745779e+03 7.703857716988745779e+03 7.703857716988745779e+03
-3.700000000000000000e+01 1.862078384706912288e+02 1.862078384706912288e+02 1.862078384706912288e+02 1.862078384706912288e+02
-3.600000000000000000e+01 -7.903902049954355789e+03 -7.903902049954355789e+03 -7.903902049954355789e+03 -7.903902049954355789e+03
-3.500000000000000000e+01 2.142776635719453225e+03 2.142776635719453225e+03 2.142776635719453225e+03 2.142776635719453225e+03
-3.400000000000000000e+01 -3.449723793759555520e+03 -3.449723793759555520e+03 -3.449723793759555520e+03 -3.449723793759555520e+03
-3.300000000000000000e+01 5.380341289204317945e+03 5.380341289204317945e+03 5.380341289204317945e+03 5.380341289204317945e+03
-3.200000000000000000e+01 1.370380616746396754e+03 1.370380616746396754e+03 1.370380616746396754e+03 1.370380616746396754e+03
-3.100000000000000000e+01 -4.798872446670986278e+02 -4.798872446670986278e+02 -4.798872446670986278e+02 -4.798872446670986278e+02
-3.000000000000000000e+01 1.262255957855860288e+03 1.262255957855860288e+03 1.262255957855860288e+03 1.262255957855860288e+03
-2.900000000000000000e+01 4.683329445267407465e+01 4.683329445267407465e+01 4.683329445267407465e+01 4.683329445267407465e+01
-2.800000000000000000e+01 2.900083365785698788e+03 2.900083365785698788e+03 2.900083365785698788e+03 2.900083365785698788e+03
-2.700000000000000000e+01 -3.523267233883630638e+02 -3.523267233883630638e+02 -3.523267233883630638e+02 -3.523267233883630638e+02
-2.600000000000000000e+01 3.838524689866517747e+03 3.838524689866517747e+03 3.838524689866517747e+03 3.838524689866517747e+03
-2.500000000000000000e+01 7.246040217158361884e+03 7.246040217158361884e+03 7.246040217158361884e+03 7.246040217158361884e+03
-2.400000000000000000e+01 1.052120503882993887e+02 1.052120503882993887e+02 1.052120503882993887e+02 1.052120503882993887e+02
-2.300000000000000000e+01 5.522358650175101502e+03 5.522358650175101502e+03 5.522358650175101502e+03 5.522358650175101502e+03
-2.200000000000000000e+01 6.822853446051058199e+03 6.822853446051058199e+03 6.822853446051058199e+03 6.822853446051058199e+03
-2.100000000000000000e+01 -6.969094393427367322e+03 -6.969094393427367322e+03 -6.969094393427367322e+03 -6.969094393427367322e+03
-2.000000000000000000e+01 -6.647110551290291369e+03 -6.647110551290291369e+03 -6.647110551290291369e+03 -6.647110551290291369e+03
-1.900000000000000000e+01 4.188026842102699447e+02 4.188026842102699447e+02 4.188026842102699447e+02 4.188026842102699447e+02
-1.800000000000000000e+01 -2.909140544208001415e+02 -2.909140544208001415e+02 -2.909140544208001415e+02 -2.909140544208001415e+02
-1.700000000000000000e+01 -5.554379697090161244e+03 -5.554379697090161244e+03 -5.554379697090161244e+03 -5.554379697090161244e+03
-1.600000000000000000e+01 -4.466488902239528436e+00 -4.466488902239528436e+00 -4.466488902239528436e+00 -4.466488902239528436e+00
-1.500000000000000000e+01 6.495053394581738075e+02 6.495053394581738075e+02 6.495053394581738075e+02 6.495053394581738075e+02
-1.400000000000000000e+01 3.501089301953979430e+03 3.501089301953979430e+03 3.501089301953979430e+03 3.501089301953979430e+03
-1.300000000000000000e+01 -1.690748307628761893e+01 -1.690748307628761893e+01 -1.690748307628761893e+01 -1.690748307628761893e+01
-1.200000000000000000e+01 6.364953935150298170e-01 6.364953935150298170e-01 6.364953935150298170e-01 6.364953935150298170e-01
-1.100000000000000000e+01 -8.282510109523572028e-01 -8.282510109523572028e-01 -8.282510109523572028e-01 -8.282510109523572028e-01
-1.000000000000000000e+01 -2.300903893733333150e-01 -2.300903893733333150e-01 -2.300903893733333150e-01 -2.300903893733333150e-01
-9.000000000000000000e+00 3.406937513420823724e-03 3.406937513420823724e-03 3.406937513420823724e-03 3.406937513420823724e-03
-8.000000000000000000e+00 3.068086236438905545e-01 3.068086236438905545e-01 3.068086236438905545e-01 3.068086236438905545e-01
-7.000000000000000000e+00 1.363801655742264383e-02 1.363801655742264383e-02 1.363801655742264383e-02 1.363801655742264383e-02
-6.000000000000000000e+00 -1.419542754016714647e-01 -1.419542754016714647e-01 -1.419542754016714647e-01 -1.419542754016714647e-01
-5.000000000000000000e+00 8.530015071434807195e-02 8.530015071434807195e-02 8.530015071434807195e-02 8.530015071434807195e-02
-4.000000000000000000e+00 -1.182685885293795758e-01 -1.182685885293795758e-01 -1.182685885293795758e-01 -1.182685885293795758e-01
-3.000000000000000000e+00 -1.297208445359447349e-01 -1.297208445359447349e-01 -1.297208445359447349e-01 -1.297208445359447349e-01
-2.000000000000000000e+00 -1.088570939840314417e-01 -1.088570939840314417e-01 -1.088570939840314417e-01 -1.088570939840314417e-01
-1.000000000000000000e+00 -1.042497140219206253e-01 -1.042497140219206253e-01 -1.042497140219206253e-01 -1.042497140219206253e-01
0.000000000000000000e+00 -1.060193274179272449e-01 -1.060193274179272449e-01 -1.060193274179272449e-01 -1.060193274179272449e-01
1.000000000000000000e+00 -3.378446037861242840e-02 -3.378446037861242840e-02 -3.378446037861242840e-02 -3.378446037861242840e-02
2.000000000000000000e+00 -6.333605726185109752e-01 -6.333605726185109752e-01 -6.333605726185109752e-01 -6.333605726185109752e-01
3.000000000000000000e+00 -6.311501492154021620e-02 -6.311501492154021620e-02 -6.311501492154021620e-02 -6.311501492154021620e-02
4.000000000000000000e+00 -1.549814111486055579e-01 -1.549814111486055579e-01 -1.549814111486055579e-01 -1.549814111486055579e-01
5.000000000000000000e+00 -5.383871020727976076e-01 -5.383871020727976076e-01 -5.383871020727976076e-01 -5.383871020727976076e-01
6.000000000000000000e+00 -3.477615611913698057e-01 -3.477615611913698057e-01 -3.477615611913698057e-01 -3.477615611913698057e-01
7.000000000000000000e+00 5.252209402466929689e-01 5.252209402466929689e-01 5.252209402466929689e-01 5.252209402466929689e-01
8.000000000000000000e+00 5.863242603585088197e-01 5.863242603585088197e-01 5.863242603585088197e-01 5.863242603585088197e-01
9.000000000000000000e+00 2.328330785909808465e-01 2.328330785909808465e-01 2.328330785909808465e-01 2.328330785909808465e-01
1.000000000000000000e+01 7.918076143823092605e-02 7.918076143823092605e-02 7.918076143823092605e-02 7.918076143823092605e-02
1.100000000000000000e+01 2.933208625275077752e-01 2.933208625275077752e-01 2.933208625275077752e-01 2.933208625275077752e-01
1.200000000000000000e+01 3.279706541638267026e-01 3.279706541638267026e-01 3.279706541638267026e-01 3.279706541638267026e-01
1.300000000000000000e+01 2.979757285532297906e-01 2.979757285532297906e-01 2.979757285532297906e-01 2.979757285532297906e-01
1.400000000000000000e+01 5.363413505308246565e-01 5.363413505308246565e-01 5.363413505308246565e-01 5.363413505308246565e-01
1.500000000000000000e+01 6.173597979667865276e-01 6.173597979667865276e-01 6.173597979667865276e-01 6.173597979667865276e-01
1.600000000000000000e+01 6.788512363949780193e-01 6.788512363949780193e-01 6.788512363949780193e-01 6.788512363949780193e-01
1.700000000000000000e+01 7.082222265678834727e-01 7.082222265678834727e-01 7.082222265678834727e-01 7.082222265678834727e-01
1.800000000000000000e+01 7.988789819947640369e-01 7.988789819947640369e-01 7.988789819947640369e-01 7.988789819947640369e-01
1.900000000000000000e+01 7.321619667590174574e-01 7.321619667590174574e-01 7.321619667590174574e-01 7.321619667590174574e-01
2.000000000000000000e+01 6.503946179937778460e-01 6.503946179937778460e-01 6.503946179937778460e-01 6.503946179937778460e-01
2.100000000000000000e+01 4.492837119378136346e-01 4.492837119378136346e-01 4.492837119378136346e-01 4.492837119378136346e-01
2.200000000000000000e+01 2.692859157183510321e-01 2.692859157183510321e-01 2.692859157183510321e-01 2.692859157183510321e-01
2.300000000000000000e+01 4.173836351058399230e-01 4.173836351058399230e-01 4.173836351058399230e-01 4.173836351058399230e-01
2.400000000000000000e+01 1.772421202882540903e-01 1.772421202882540903e-01 1.772421202882540903e-01 1.772421202882540903e-01
2.500000000000000000e+01 1.968973906865960355e-01 1.968973906865960355e-01 1.968973906865960355e-01 1.968973906865960355e-01
2.600000000000000000e+01 6.579150213226940824e-01 6.579150213226940824e-01 6.579150213226940824e-01 6.579150213226940824e-01
2.700000000000000000e+01 9.479776108837962845e-01 9.479776108837962845e-01 9.479776108837962845e-01 9.479776108837962845e-01
2.800000000000000000e+01 8.493208616339453787e-01 8.493208616339453787e-01 8.493208616339453787e-01 8.493208616339453787e-01
2.900000000000000000e+01 7.433160142839193574e-01 7.433160142839193574e-01 7.433160142839193574e-01 7.433160142839193574e-01
3.000000000000000000e+01 1.246761032833415772e+00 1.246761032833415772e+00 1.246761032833415772e+00 1.246761032833415772e+00
3.100000000000000000e+01 1.141844718105831324e+00 1.141844718105831324e+00 1.141844718105831324e+00 1.141844718105831324e+00
3.200000000000000000e+01 1.261103361354914076e+00 1.261103361354914076e+00 1.261103361354914076e+00 1.261103361354914076e+00
3.300000000000000000e+01 1.370020170567484818e+00 1.370020170567484818e+00 1.370020170567484818e+00 1.370020170567484818e+00
3.400000000000000000e+01 1.486740295157180425e+00 1.486740295157180425e+00 1.486740295157180425e+00 1.486740295157180425e+00
3.500000000000000000e+01 1.690924141309329221e+00 1.690924141309329221e+00 1.690924141309329221e+00 1.690924141309329221e+00
3.600000000000000000e+01 1.782169467099668614e+00 1.782169467099668614e+00 1.782169467099668614e+00 1.782169467099668614e+00
3.700000000000000000e+01 1.703747077144850630e+00 1.703747077144850630e+00 1.703747077144850630e+00 1.703747077144850630e+00
3.800000000000000000e+01 1.624380679055065446e+00 1.624380679055065446e+00 1.624380679055065446e+00 1.624380679055065446e+00
3.900000000000000000e+01 1.400644593500502522e+00 1.400644593500502522e+00 1.400644593500502522e+00 1.400644593500502522e+00
4.000000000000000000e+01 1.362963180175189137e+00 1.362963180175189137e+00 1.362963180175189137e+00 1.362963180175189137e+00
4.100000000000000000e+01 9.047567149493082050e-01 9.047567149493082050e-01 9.047567149493082050e-01 9.047567149493082050e-01
4.200000000000000000e+01 7.431934220569893501e-01 7.431934220569893501e-01 7.431934220569893501e-01 7.431934220569893501e-01
4.300000000000000000e+01 7.324881237546599921e-01 7.324881237546599921e-01 7.324881237546599921e-01 7.324881237546599921e-01
4.400000000000000000e+01 3.150998931334653141e-01 3.150998931334653141e-01 3.150998931334653141e-01 3.150998931334653141e-01
4.500000000000000000e+01 -3.460424490829431265e-01 -3.460424490829431265e-01 -3.460424490829431265e-01 -3.460424490829431265e-01
4.600000000000000000e+01 2.795369367520761927e-01 2.795369367520761927e-01 2.795369367520761927e-01 2.795369367520761927e-01
4.700000000000000000e+01 1.843396007520337054e+00 1.843396007520337054e+00 1.843396007520337054e+00 1.843396007520337054e+00
4.800000000000000000e+01 1.568362380075770224e+00 1.568362380075770224e+00 1.568362380075770224e+00 1.568362380075770224e+00
4.900000000000000000e+01 1.226607291970049696e+00 1.226607291970049696e+00 1.226607291970049696e+00 1.226607291970049696e+00
5.000000000000000000e+01 1.067146469811502962e+00 1.067146469811502962e+00 1.067146469811502962e+00 1.067146469811502962e+00
5.100000000000000000e+01 1.535744636527463181e+00 1.535744636527463181e+00 1.535744636527463181e+00 1.535744636527463181e+00
5.200000000000000000e+01 1.461448951979203548e+00 1.461448951979203548e+00 1.461448951979203548e+00 1.461448951979203548e+00
5.300000000000000000e+01 1.636281822097379157e+00 1.636281822097379157e+00 1.636281822097379157e+00 1.636281822097379157e+00
5.400000000000000000e+01 1.753368189359479690e+00 1.753368189359479690e+00 1.753368189359479690e+00 1.753368189359479690e+00
5.500000000000000000e+01 2.000982886275909589e+00 2.000982886275909589e+00 2.000982886275909589e+00 2.000982886275909589e+00
5.600000000000000000e+01 2.051579689198038459e+00 2.051579689198038459e+00 2.051579689198038459e+00 2.051579689198038459e+00
5.700000000000000000e+01 1.959477489652290183e+00 1.959477489652290183e+00 1.959477489652290183e+00 1.959477489652290183e+00
5.800000000000000000e+01 1.926810159151817858e+00 1.926810159151817858e+00 1.926810159151817858e+00 1.926810159151817858e+00
5.900000000000000000e+01 1.978420301237393542e+00 1.978420301237393542e+00 1.978420301237393542e+00 1.978420301237393542e+00
6.000000000000000000e+01 1.660050872722606430e+00 1.660050872722606430e+00 1.660050872722606430e+00 1.660050872722606430e+00
6.100000000000000000e+01 1.693368624949525003e+00 1.693368624949525003e+00 1.693368624949525003e+00 1.693368624949525003e+00
6.200000000000000000e+01 1.592202338016973417e+00 1.592202338016973417e+00 1.592202338016973417e+00 1.592202338016973417e+00
6.300000000000000000e+01 1.475619623646822420e+00 1.475619623646822420e+00 1.475619623646822420e+00 1.475619623646822420e+00
6.400000000000000000e+01 1.486643404543934510e+00 1.486643404543934510e+00 1.486643404543934510e+00 1.486643404543934510e+00
6.500000000000000000e+01 1.581682023374404222e+00 1.581682023374404222e+00 1.581682023374404222e+00 1.581682023374404222e+00
6.600000000000000000e+01 1.437661376921455902e+00 1.437661376921455902e+00 1.437661376921455902e+00 1.437661376921455902e+00
6.700000000000000000e+01 1.799111142069024005e+00 1.799111142069024005e+00 1.799111142069024005e+00 1.799111142069024005e+00
6.800000000000000000e+01 1.940873987467882644e+00 1.940873987467882644e+00 1.940873987467882644e+00 1.940873987467882644e+00
6.900000000000000000e+01 2.111809102655956227e+00 2.111809102655956227e+00 2.111809102655956227e+00 2.111809102655956227e+00
7.000000000000000000e+01 2.373321619489006107e+00 2.373321619489006107e+00 2.373321619489006107e+00 2.373321619489006107e+00
7.100000000000000000e+01 2.485117960667337478e+00 2.485117960667337478e+00 2.485117960667337478e+00 2.485117960667337478e+00
7.200000000000000000e+01 2.615775621649059968e+00 2.615775621649059968e+00 2.615775621649059968e+00 2.615775621649059968e+00
7.300000000000000000e+01 2.696237354379606543e+00 2.696237354379606543e+00 2.696237354379606543e+00 2.696237354379606543e+00
7.400000000000000000e+01 2.881005180787035158e+00 2.881005180787035158e+00 2.881005180787035158e+00 2.881005180787035158e+00
7.500000000000000000e+01 3.171440959576433016e+00 3.171440959576433016e+00 3.171440959576433016e+00 3.171440959576433016e+00
7.600000000000000000e+01 3.041664984416348361e+00 3.041664984416348361e+00 3.041664984416348361e+00 3.041664984416348361e+00
7.700000000000000000e+01 3.122482835781457133e+00 3.122482835781457133e+00 3.122482835781457133e+00 3.122482835781457133e+00
7.800000000000000000e+01 2.877304800652971561e+00 2.877304800652971561e+00 2.877304800652971561e+00 2.877304800652971561e+00
7.900000000000000000e+01 2.930853828617962620e+00 2.930853828617962620e+00 2.930853828617962620e+00 2.930853828617962620e+00
8.000000000000000000e+01 2.794334819393005098e+00 2.794334819393005098e+00 2.794334819393005098e+00 2.794334819393005098e+00
8.100000000000000000e+01 2.649643600262136189e+00 2.649643600262136189e+00 2.649643600262136189e+00 2.649643600262136189e+00
8.200000000000000000e+01 2.349731533838128161e+00 2.349731533838128161e+00 2.349731533838128161e+00 2.349731533838128161e+00
8.300000000000000000e+01 2.235998747388117103e+00 2.235998747388117103e+00 2.235998747388117103e+00 2.235998747388117103e+00
8.400000000000000000e+01 2.146604931722387199e+00 2.146604931722387199e+00 2.146604931722387199e+00 2.146604931722387199e+00
8.500000000000000000e+01 1.980309602540267555e+00 1.980309602540267555e+00 1.980309602540267555e+00 1.980309602540267555e+00
8.600000000000000000e+01 2.008381108378636259e+00 2.008381108378636259e+00 2.008381108378636259e+00 2.008381108378636259e+00
8.700000000000000000e+01 2.115994775631169666e+00 2.115994775631169666e+00 2.115994775631169666e+00 2.115994775631169666e+00
8.800000000000000000e+01 2.063858562114396555e+00 2.063858562114396555e+00 2.063858562114396555e+00 2.063858562114396555e+00
8.900000000000000000e+01 2.113191266883406527e+00 2.113191266883406527e+00 2.113191266883406527e+00 2.113191266883406527e+00
9.000000000000000000e+01 2.154719314007504494e+00 2.154719314007504494e+00 2.154719314007504494e+00 2.154719314007504494e+00
9.100000000000000000e+01 2.123995039614125613e+00 2.123995039614125613e+00 2.123995039614125613e+00 2.123995039614125613e+00
9.200000000000000000e+01 2.199276437010086571e+00 2.199276437010086571e+00 2.199276437010086571e+00 2.199276437010086571e+00
9.300000000000000000e+01 2.102869009364413788e+00 2.102869009364413788e+00 2.102869009364413788e+00 2.102869009364413788e+00
9.400000000000000000e+01 2.042920954993340477e+00 2.042920954993340477e+00 2.042920954993340477e+00 2.042920954993340477e+00
9.500000000000000000e+01 2.057232470680002923e+00 2.057232470680002923e+00 2.057232470680002923e+00 2.057232470680002923e+00
9.600000000000000000e+01 2.067714422816899322e+00 2.067714422816899322e+00 2.067714422816899322e+00 2.067714422816899322e+00
9.700000000000000000e+01 1.747298126975157073e+00 1.747298126975157073e+00 1.747298126975157073e+00 1.747298126975157073e+00
9.800000000000000000e+01 1.844474932480655305e+00 1.844474932480655305e+00 1.844474932480655305e+00 1.844474932480655305e+00
9.900000000000000000e+01 1.811424123080853432e+00 1.811424123080853432e+00 1.811424123080853432e+00 1.811424123080853432e+00
1.000000000000000000e+02 1.728552822835193181e+00 1.728552822835193181e+00 1.728552822835193181e+00 1.728552822835193181e+00
1.010000000000000000e+02 1.703600212238878031e+00 1.703600212238878031e+00 1.703600212238878031e+00 1.703600212238878031e+00
1.020000000000000000e+02 1.621468829987785965e+00 1.621468829987785965e+00 1.621468829987785965e+00 1.621468829987785965e+00
1.030000000000000000e+02 1.524166165140353080e+00 1.524166165140353080e+00 1.524166165140353080e+00 1.524166165140353080e+00
1.040000000000000000e+02 1.424252142755668915e+00 1.424252142755668915e+00 1.424252142755668915e+00 1.424252142755668915e+00
1.050000000000000000e+02 1.305753710843198689e+00 1.305753710843198689e+00 1.305753710843198689e+00 1.305753710843198689e+00
1.060000000000000000e+02 1.199648225459941431e+00 1.199648225459941431e+00 1.199648225459941431e+00 1.199648225459941431e+00
1.070000000000000000e+02 1.157637932747114018e+00 1.157637932747114018e+00 1.157637932747114018e+00 1.157637932747114018e+00
1.080000000000000000e+02 1.049215174532295736e+00 1.049215174532295736e+00 1.049215174532295736e+00 1.049215174532295736e+00
1.090000000000000000e+02 9.224763582027956099e-01 9.224763582027956099e-01 9.224763582027956099e-01 9.224763582027956099e-01
1.100000000000000000e+02 1.010899990148671268e+00 1.010899990148671268e+00 1.010899990148671268e+00 1.010899990148671268e+00
1.110000000000000000e+02 9.530174733502899675e-01 9.530174733502899675e-01 9.530174733502899675e-01 9.530174733502899675e-01
1.120000000000000000e+02 1.147099705400438152e+00 1.147099705400438152e+00 1.147099705400438152e+00 1.147099705400438152e+00
1.130000000000000000e+02 1.059848283155014670e+00 1.059848283155014670e+00 1.059848283155014670e+00 1.059848283155014670e+00
1.140000000000000000e+02 1.247255735147880795e+00 1.247255735147880795e+00 1.247255735147880795e+00 1.247255735147880795e+00
1.150000000000000000e+02 1.268347333803395705e+00 1.268347333803395705e+00 1.268347333803395705e+00 1.268347333803395705e+00
1.160000000000000000e+02 1.248712356493464348e+00 1.248712356493464348e+00 1.248712356493464348e+00 1.248712356493464348e+00
1.170000000000000000e+02 1.250527216947737053e+00 1.250527216947737053e+00 1.250527216947737053e+00 1.250527216947737053e+00
1.180000000000000000e+02 1.295662502598899257e+00 1.295662502598899257e+00 1.295662502598899257e+00 1.295662502598899257e+00
1.190000000000000000e+02 1.294019681480657713e+00 1.294019681480657713e+00 1.294019681480657713e+00 1.294019681480657713e+00
1.200000000000000000e+02 1.379399988573761560e+00 1.379399988573761560e+00 1.379399988573761560e+00 1.379399988573761560e+00
1.210000000000000000e+02 1.399064362364892844e+00 1.399064362364892844e+00 1.399064362364892844e+00 1.399064362364892844e+00
1.220000000000000000e+02 1.464531979681595208e+00 1.464531979681595208e+00 1.464531979681595208e+00 1.464531979681595208e+00
1.230000000000000000e+02 1.484028340197971696e+00 1.484028340197971696e+00 1.484028340197971696e+00 1.484028340197971696e+00
1.240000000000000000e+02 1.409144974505137426e+00 1.409144974505137426e+00 1.409144974505137426e+00 1.409144974505137426e+00
1.250000000000000000e+02 1.315877394306370407e+00 1.315877394306370407e+00 1.315877394306370407e+00 1.315877394306370407e+00
1.260000000000000000e+02 1.230604714937479915e+00 1.230604714937479915e+00 1.230604714937479915e+00 1.230604714937479915e+00
1.270000000000000000e+02 1.167300017153369618e+00 1.167300017153369618e+00 1.167300017153369618e+00 1.167300017153369618e+00
1.280000000000000000e+02 1.067042160110160953e+00 1.067042160110160953e+00 1.067042160110160953e+00 1.067042160110160953e+00
1.290000000000000000e+02 1.009998733734252863e+00 1.009998733734252863e+00 1.009998733734252863e+00 1.009998733734252863e+00
1.300000000000000000e+02 9.852166588024480198e-01 9.852166588024480198e-01 9.852166588024480198e-01 9.852166588024480198e-01
1.310000000000000000e+02 9.666504948007201836e-01 9.666504948007201836e-01 9.666504948007201836e-01 9.666504948007201836e-01
1.320000000000000000e+02 9.286619396367310486e-01 9.286619396367310486e-01 9.286619396367310486e-01 9.286619396367310486e-01
1.330000000000000000e+02 8.779990931352998906e-01 8.779990931352998906e-01 8.779990931352998906e-01 8.779990931352998906e-01
1.340000000000000000e+02 9.102118255683077086e-01 9.102118255683077086e-01 9.102118255683077086e-01 9.102118255683077086e-01
1.350000000000000000e+02 9.520968483045956221e-01 9.520968483045956221e-01 9.520968483045956221e-01 9.520968483045956221e-01
1.360000000000000000e+02 9.911341135810097791e-01 9.911341135810097791e-01 9.911341135810097791e-01 9.911341135810097791e-01
1.370000000000000000e+02 1.099704894579827785e+00 1.099704894579827785e+00 1.099704894579827785e+00 1.099704894579827785e+00
1.380000000000000000e+02 1.162655969252440524e+00 1.162655969252440524e+00 1.162655969252440524e+00 1.162655969252440524e+00
1.390000000000000000e+02 1.247113505013791812e+00 1.247113505013791812e+00 1.247113505013791812e+00 1.247113505013791812e+00
1.400000000000000000e+02 1.295310814385908005e+00 1.295310814385908005e+00 1.295310814385908005e+00 1.295310814385908005e+00
1.410000000000000000e+02 1.253517758183045006e+00 1.253517758183045006e+00 1.253517758183045006e+00 1.253517758183045006e+00
1.420000000000000000e+02 1.218736196977841413e+00 1.218736196977841413e+00 1.218736196977841413e+00 1.218736196977841413e+00
1.430000000000000000e+02 1.157288440924115314e+00 1.157288440924115314e+00 1.157288440924115314e+00 1.157288440924115314e+00
1.440000000000000000e+02 1.073562542951607801e+00 1.073562542951607801e+00 1.073562542951607801e+00 1.073562542951607801e+00
1.450000000000000000e+02 1.095900946666637621e+00 1.095900946666637621e+00 1.095900946666637621e+00 1.095900946666637621e+00
1.460000000000000000e+02 9.864244657035774466e-01 9.864244657035774466e-01 9.864244657035774466e-01 9.864244657035774466e-01
1.470000000000000000e+02 9.641494455963781629e-01 9.641494455963781629e-01 9.641494455963781629e-01 9.641494455963781629e-01
1.480000000000000000e+02 9.841180718929229965e-01 9.841180718929229965e-01 9.841180718929229965e-01 9.841180718929229965e-01
1.490000000000000000e+02 9.758301917528243719e-01 9.758301917528243719e-01 9.758301917528243719e-01 9.758301917528243719e-01
