0.000000000000000000e+00 8.397567413511922707e-01 8.397567413511922707e-01 8.397567413511922707e-01 8.397567413511922707e-01
1.000000000000000000e+00 1.098837169767948430e+00 1.098837169767948430e+00 1.098837169767948430e+00 1.098837169767948430e+00
2.000000000000000000e+00 1.359014804626774042e+00 1.359014804626774042e+00 1.359014804626774042e+00 1.359014804626774042e+00
3.000000000000000000e+00 1.564573042007944892e+00 1.564573042007944892e+00 1.564573042007944892e+00 1.564573042007944892e+00
4.000000000000000000e+00 1.720697589199284172e+00 1.720697589199284172e+00 1.720697589199284172e+00 1.720697589199284172e+00
5.000000000000000000e+00 1.852679808609409395e+00 1.852679808609409395e+00 1.852679808609409395e+00 1.852679808609409395e+00
6.000000000000000000e+00 1.926952161977465883e+00 1.926952161977465883e+00 1.926952161977465883e+00 1.926952161977465883e+00
7.000000000000000000e+00 2.505966619469185197e+00 2.505966619469185197e+00 2.505966619469185197e+00 2.505966619469185197e+00
8.000000000000000000e+00 2.401646599730893783e+00 2.401646599730893783e+00 2.401646599730893783e+00 2.401646599730893783e+00
9.000000000000000000e+00 2.344851321657368981e+00 2.344851321657368981e+00 2.344851321657368981e+00 2.344851321657368981e+00
1.000000000000000000e+01 2.224595596227842975e+00 2.224595596227842975e+00 2.224595596227842975e+00 2.224595596227842975e+00
1.100000000000000000e+01 2.600892989137670863e+00 2.600892989137670863e+00 2.600892989137670863e+00 2.600892989137670863e+00
1.200000000000000000e+01 2.321740827639886984e+00 2.321740827639886984e+00 2.321740827639886984e+00 2.321740827639886984e+00
1.300000000000000000e+01 2.432104375470055757e+00 2.432104375470055757e+00 2.432104375470055757e+00 2.432104375470055757e+00
1.400000000000000000e+01 2.429709738041279543e+00 2.429709738041279543e+00 2.429709738041279543e+00 2.429709738041279543e+00
1.500000000000000000e+01 2.374488678582415080e+00 2.374488678582415080e+00 2.374488678582415080e+00 2.374488678582415080e+00
1.600000000000000000e+01 2.428557324651615001e+00 2.428557324651615001e+00 2.428557324651615001e+00 2.428557324651615001e+00
1.700000000000000000e+01 2.508175758397132693e+00 2.508175758397132693e+00 2.508175758397132693e+00 2.508175758397132693e+00
1.800000000000000000e+01 2.478627949393735985e+00 2.478627949393735985e+00 2.478627949393735985e+00 2.478627949393735985e+00
1.900000000000000000e+01 2.873364833045117361e+00 2.873364833045117361e+00 2.873364833045117361e+00 2.873364833045117361e+00
2.000000000000000000e+01 2.690680108467340403e+00 2.690680108467340403e+00 2.690680108467340403e+00 2.690680108467340403e+00
2.100000000000000000e+01 2.910691029246823547e+00 2.910691029246823547e+00 2.910691029246823547e+00 2.910691029246823547e+00
2.200000000000000000e+01 2.989479143286396745e+00 2.989479143286396745e+00 2.989479143286396745e+00 2.989479143286396745e+00
2.300000000000000000e+01 2.763850760343238289e+00 2.763850760343238289e+00 2.763850760343238289e+00 2.763850760343238289e+00
2.400000000000000000e+01 2.876117734159290507e+00 2.876117734159290507e+00 2.876117734159290507e+00 2.876117734159290507e+00
2.500000000000000000e+01 2.724946841126984154e+00 2.724946841126984154e+00 2.724946841126984154e+00 2.724946841126984154e+00
2.600000000000000000e+01 2.511948208262403615e+00 2.511948208262403615e+00 2.511948208262403615e+00 2.511948208262403615e+00
2.700000000000000000e+01 2.890808538690542218e+00 2.890808538690542218e+00 2.890808538690542218e+00 2.890808538690542218e+00
2.800000000000000000e+01 3.002819164863018475e+00 3.002819164863018475e+00 3.002819164863018475e+00 3.002819164863018475e+00
2.900000000000000000e+01 3.468571541911841916e+00 3.468571541911841916e+00 3.468571541911841916e+00 3.468571541911841916e+00
3.000000000000000000e+01 3.546179872238715447e+00 3.546179872238715447e+00 3.546179872238715447e+00 3.546179872238715447e+00
3.100000000000000000e+01 4.004541705895851678e+00 4.004541705895851678e+00 4.004541705895851678e+00 4.004541705895851678e+00
3.200000000000000000e+01 4.020728591629556092e+00 4.020728591629556092e+00 4.020728591629556092e+00 4.020728591629556092e+00
3.300000000000000000e+01 4.007333824026505731e+00 4.007333824026505731e+00 4.007333824026505731e+00 4.007333824026505731e+00
3.400000000000000000e+01 3.770943600962664455e+00 3.770943600962664455e+00 3.770943600962664455e+00 3.770943600962664455e+00
3.500000000000000000e+01 3.775715089118168777e+00 3.775715089118168777e+00 3.775715089118168777e+00 3.775715089118168777e+00
3.600000000000000000e+01 3.777755784520826943e+00 3.777755784520826943e+00 3.777755784520826943e+00 3.777755784520826943e+00
3.700000000000000000e+01 3.599479012410054413e+00 3.599479012410054413e+00 3.599479012410054413e+00 3.599479012410054413e+00
3.800000000000000000e+01 4.075171042753633621e+00 4.075171042753633621e+00 4.075171042753633621e+00 4.075171042753633621e+00
3.900000000000000000e+01 4.121027734499587147e+00 4.121027734499587147e+00 4.121027734499587147e+00 4.121027734499587147e+00
4.000000000000000000e+01 4.531605254582245834e+00 4.531605254582245834e+00 4.531605254582245834e+00 4.531605254582245834e+00
4.100000000000000000e+01 4.229308072639206273e+00 4.229308072639206273e+00 4.229308072639206273e+00 4.229308072639206273e+00
4.200000000000000000e+01 4.519385749020791820e+00 4.519385749020791820e+00 4.519385749020791820e+00 4.519385749020791820e+00
4.300000000000000000e+01 3.933261724084058830e+00 3.933261724084058830e+00 3.933261724084058830e+00 3.933261724084058830e+00
4.400000000000000000e+01 3.920167333495425677e+00 3.920167333495425677e+00 3.920167333495425677e+00 3.920167333495425677e+00
4.500000000000000000e+01 3.369586349642532674e+00 3.369586349642532674e+00 3.369586349642532674e+00 3.369586349642532674e+00
4.600000000000000000e+01 3.671164631133941203e+00 3.671164631133941203e+00 3.671164631133941203e+00 3.671164631133941203e+00
4.700000000000000000e+01 3.642063113572767907e+00 3.642063113572767907e+00 3.642063113572767907e+00 3.642063113572767907e+00
4.800000000000000000e+01 4.170321816953898697e+00 4.170321816953898697e+00 4.170321816953898697e+00 4.170321816953898697e+00
4.900000000000000000e+01 4.610818694945087337e+00 4.610818694945087337e+00 4.610818694945087337e+00 4.610818694945087337e+00
5.000000000000000000e+01 5.135674595912229634e+00 5.135674595912229634e+00 5.135674595912229634e+00 5.135674595912229634e+00
5.100000000000000000e+01 5.244595657361695196e+00 5.244595657361695196e+00 5.244595657361695196e+00 5.244595657361695196e+00
5.200000000000000000e+01 5.529723000321530968e+00 5.529723000321530968e+00 5.529723000321530968e+00 5.529723000321530968e+00
5.300000000000000000e+01 4.967093997078888989e+00 4.967093997078888989e+00 4.967093997078888989e+00 4.967093997078888989e+00
5.400000000000000000e+01 5.222397486214074291e+00 5.222397486214074291e+00 5.222397486214074291e+00 5.222397486214074291e+00
5.500000000000000000e+01 4.493028988711194494e+00 4.493028988711194494e+00 4.493028988711194494e+00 4.493028988711194494e+00
5.600000000000000000e+01 4.857553851606096096e+00 4.857553851606096096e+00 4.857553851606096096e+00 4.857553851606096096e+00
5.700000000000000000e+01 4.717343428572997155e+00 4.717343428572997155e+00 4.717343428572997155e+00 4.717343428572997155e+00
5.800000000000000000e+01 5.072624686564999763e+00 5.072624686564999763e+00 5.072624686564999763e+00 5.072624686564999763e+00
5.900000000000000000e+01 5.419072185824060028e+00 5.419072185824060028e+00 5.419072185824060028e+00 5.419072185824060028e+00
6.000000000000000000e+01 5.378192130891593870e+00 5.378192130891593870e+00 5.378192130891593870e+00 5.378192130891593870e+00
6.100000000000000000e+01 5.532510329965639073e+00 5.532510329965639073e+00 5.532510329965639073e+00 5.532510329965639073e+00
6.200000000000000000e+01 5.330288645109749979e+00 5.330288645109749979e+00 5.330288645109749979e+00 5.330288645109749979e+00
6.300000000000000000e+01 5.169109633657760661e+00 5.169109633657760661e+00 5.169109633657760661e+00 5.169109633657760661e+00
6.400000000000000000e+01 5.017017096799912146e+00 5.017017096799912146e+00 5.017017096799912146e+00 5.017017096799912146e+00
6.500000000000000000e+01 4.857982237833330608e+00 4.857982237833330608e+00 4.857982237833330608e+00 4.857982237833330608e+00
6.600000000000000000e+01 5.071179013486800002e+00 5.071179013486800002e+00 5.071179013486800002e+00 5.071179013486800002e+00
6.700000000000000000e+01 5.638343595533927832e+00 5.638343595533927832e+00 5.638343595533927832e+00 5.638343595533927832e+00
6.800000000000000000e+01 5.727868625476498110e+00 5.727868625476498110e+00 5.727868625476498110e+00 5.727868625476498110e+00
6.900000000000000000e+01 6.183718675890032657e+00 6.183718675890032657e+00 6.183718675890032657e+00 6.183718675890032657e+00
7.000000000000000000e+01 6.414839544563655238e+00 6.414839544563655238e+00 6.414839544563655238e+00 6.414839544563655238e+00
7.100000000000000000e+01 5.972336702499796424e+00 5.972336702499796424e+00 5.972336702499796424e+00 5.972336702499796424e+00
7.200000000000000000e+01 5.802238021807796464e+00 5.802238021807796464e+00 5.802238021807796464e+00 5.802238021807796464e+00
7.300000000000000000e+01 5.180063983186119714e+00 5.180063983186119714e+00 5.180063983186119714e+00 5.180063983186119714e+00
7.400000000000000000e+01 4.891100028530961374e+00 4.891100028530961374e+00 4.891100028530961374e+00 4.891100028530961374e+00
7.500000000000000000e+01 5.043206390594163757e+00 5.043206390594163757e+00 5.043206390594163757e+00 5.043206390594163757e+00
7.600000000000000000e+01 4.989520410240021242e+00 4.989520410240021242e+00 4.989520410240021242e+00 4.989520410240021242e+00
7.700000000000000000e+01 5.484099306436949206e+00 5.484099306436949206e+00 5.484099306436949206e+00 5.484099306436949206e+00
7.800000000000000000e+01 5.757097297888750020e+00 5.757097297888750020e+00 5.757097297888750020e+00 5.757097297888750020e+00
7.900000000000000000e+01 6.191721484740148718e+00 6.191721484740148718e+00 6.191721484740148718e+00 6.191721484740148718e+00
8.000000000000000000e+01 6.352158459780643085e+00 6.352158459780643085e+00 6.352158459780643085e+00 6.352158459780643085e+00
8.100000000000000000e+01 6.300423546357550642e+00 6.300423546357550642e+00 6.300423546357550642e+00 6.300423546357550642e+00
8.200000000000000000e+01 6.002212762261943446e+00 6.002212762261943446e+00 6.002212762261943446e+00 6.002212762261943446e+00
8.300000000000000000e+01 5.433075760284424405e+00 5.433075760284424405e+00 5.433075760284424405e+00 5.433075760284424405e+00
8.400000000000000000e+01 5.025486892847278675e+00 5.025486892847278675e+00 5.025486892847278675e+00 5.025486892847278675e+00
8.500000000000000000e+01 4.639976144705723726e+00 4.639976144705723726e+00 4.639976144705723726e+00 4.639976144705723726e+00
8.600000000000000000e+01 4.877766554668063748e+00 4.877766554668063748e+00 4.877766554668063748e+00 4.877766554668063748e+00
8.700000000000000000e+01 4.913347977559449298e+00 4.913347977559449298e+00 4.913347977559449298e+00 4.913347977559449298e+00
8.800000000000000000e+01 5.344597949145299509e+00 5.344597949145299509e+00 5.344597949145299509e+00 5.344597949145299509e+00
8.900000000000000000e+01 5.658580593455441843e+00 5.658580593455441843e+00 5.658580593455441843e+00 5.658580593455441843e+00
9.000000000000000000e+01 5.844840931337139445e+00 5.844840931337139445e+00 5.844840931337139445e+00 5.844840931337139445e+00
9.100000000000000000e+01 5.627526521925743097e+00 5.627526521925743097e+00 5.627526521925743097e+00 5.627526521925743097e+00
9.200000000000000000e+01 5.270804148989720161e+00 5.270804148989720161e+00 5.270804148989720161e+00 5.270804148989720161e+00
9.300000000000000000e+01 4.891078183362814080e+00 4.891078183362814080e+00 4.891078183362814080e+00 4.891078183362814080e+00
9.400000000000000000e+01 4.409082592334178763e+00 4.409082592334178763e+00 4.409082592334178763e+00 4.409082592334178763e+00
9.500000000000000000e+01 4.065320900615771116e+00 4.065320900615771116e+00 4.065320900615771116e+00 4.065320900615771116e+00
9.600000000000000000e+01 3.915451303985250764e+00 3.915451303985250764e+00 3.915451303985250764e+00 3.915451303985250764e+00
9.700000000000000000e+01 4.537527198512613325e+00 4.537527198512613325e+00 4.537527198512613325e+00 4.537527198512613325e+00
9.800000000000000000e+01 4.372026934652859964e+00 4.372026934652859964e+00 4.372026934652859964e+00 4.372026934652859964e+00
