0.000000000000000000e+00 9.621996163126010915e-01 9.621996163126010915e-01 9.621996163126010915e-01 9.621996163126010915e-01
1.000000000000000000e+00 9.787450831629853631e-01 9.787450831629853631e-01 9.787450831629853631e-01 9.787450831629853631e-01
2.000000000000000000e+00 8.815260965491253931e-01 8.815260965491253931e-01 8.815260965491253931e-01 8.815260965491253931e-01
3.000000000000000000e+00 1.294384584669380667e+00 1.294384584669380667e+00 1.294384584669380667e+00 1.294384584669380667e+00
4.000000000000000000e+00 1.446995999264494737e+00 1.446995999264494737e+00 1.446995999264494737e+00 1.446995999264494737e+00
5.000000000000000000e+00 1.674416996626656440e+00 1.674416996626656440e+00 1.674416996626656440e+00 1.674416996626656440e+00
6.000000000000000000e+00 1.836692033799292467e+00 1.836692033799292467e+00 1.836692033799292467e+00 1.836692033799292467e+00
7.000000000000000000e+00 2.137702163114159504e+00 2.137702163114159504e+00 2.137702163114159504e+00 2.137702163114159504e+00
8.000000000000000000e+00 2.647048890262385434e+00 2.647048890262385434e+00 2.647048890262385434e+00 2.647048890262385434e+00
9.000000000000000000e+00 2.398036693724797441e+00 2.398036693724797441e+00 2.398036693724797441e+00 2.398036693724797441e+00
1.000000000000000000e+01 2.918423385118793956e+00 2.918423385118793956e+00 2.918423385118793956e+00 2.918423385118793956e+00
1.100000000000000000e+01 3.556716243832612534e+00 3.556716243832612534e+00 3.556716243832612534e+00 3.556716243832612534e+00
1.200000000000000000e+01 3.706629940596781303e+00 3.706629940596781303e+00 3.706629940596781303e+00 3.706629940596781303e+00
1.300000000000000000e+01 3.718965602791468150e+00 3.718965602791468150e+00 3.718965602791468150e+00 3.718965602791468150e+00
1.400000000000000000e+01 3.741921458412600821e+00 3.741921458412600821e+00 3.741921458412600821e+00 3.741921458412600821e+00
1.500000000000000000e+01 4.879272934271036810e+00 4.879272934271036810e+00 4.879272934271036810e+00 4.879272934271036810e+00
1.600000000000000000e+01 4.043333925099156900e+00 4.043333925099156900e+00 4.043333925099156900e+00 4.043333925099156900e+00
1.700000000000000000e+01 4.760363292258935175e+00 4.760363292258935175e+00 4.760363292258935175e+00 4.760363292258935175e+00
1.800000000000000000e+01 4.873501799924109257e+00 4.873501799924109257e+00 4.873501799924109257e+00 4.873501799924109257e+00
1.900000000000000000e+01 4.584908482691468556e+00 4.584908482691468556e+00 4.584908482691468556e+00 4.584908482691468556e+00
2.000000000000000000e+01 5.297624372014532845e+00 5.297624372014532845e+00 5.297624372014532845e+00 5.297624372014532845e+00
2.100000000000000000e+01 5.754412857944468662e+00 5.754412857944468662e+00 5.754412857944468662e+00 5.754412857944468662e+00
2.200000000000000000e+01 5.969478459162557371e+00 5.969478459162557371e+00 5.969478459162557371e+00 5.969478459162557371e+00
2.300000000000000000e+01 6.840551332366834991e+00 6.840551332366834991e+00 6.840551332366834991e+00 6.840551332366834991e+00
2.400000000000000000e+01 7.776782212939127525e+00 7.776782212939127525e+00 7.776782212939127525e+00 7.776782212939127525e+00
2.500000000000000000e+01 8.465598907131665740e+00 8.465598907131665740e+00 8.465598907131665740e+00 8.465598907131665740e+00
2.600000000000000000e+01 9.087730087933410417e+00 9.087730087933410417e+00 9.087730087933410417e+00 9.087730087933410417e+00
2.700000000000000000e+01 8.639936308903122253e+00 8.639936308903122253e+00 8.639936308903122253e+00 8.639936308903122253e+00
2.800000000000000000e+01 9.170182226143213100e+00 9.170182226143213100e+00 9.170182226143213100e+00 9.170182226143213100e+00
2.900000000000000000e+01 8.989592100169529587e+00 8.989592100169529587e+00 8.989592100169529587e+00 8.989592100169529587e+00
3.000000000000000000e+01 9.355478665641756564e+00 9.355478665641756564e+00 9.355478665641756564e+00 9.355478665641756564e+00
3.100000000000000000e+01 9.780115016573923015e+00 9.780115016573923015e+00 9.780115016573923015e+00 9.780115016573923015e+00
3.200000000000000000e+01 1.019643648743475062e+01 1.019643648743475062e+01 1.019643648743475062e+01 1.019643648743475062e+01
3.300000000000000000e+01 1.091278123265254330e+01 1.091278123265254330e+01 1.091278123265254330e+01 1.091278123265254330e+01
3.400000000000000000e+01 1.111524545377959328e+01 1.111524545377959328e+01 1.111524545377959328e+01 1.111524545377959328e+01
3.500000000000000000e+01 1.070989365705929508e+01 1.070989365705929508e+01 1.070989365705929508e+01 1.070989365705929508e+01
3.600000000000000000e+01 1.021640790003608856e+01 1.021640790003608856e+01 1.021640790003608856e+01 1.021640790003608856e+01
3.700000000000000000e+01 9.642119256545463202e+00 9.642119256545463202e+00 9.642119256545463202e+00 9.642119256545463202e+00
3.800000000000000000e+01 9.180887664528055936e+00 9.180887664528055936e+00 9.180887664528055936e+00 9.180887664528055936e+00
3.900000000000000000e+01 8.873605636371076244e+00 8.873605636371076244e+00 8.873605636371076244e+00 8.873605636371076244e+00
4.000000000000000000e+01 8.906413623996813911e+00 8.906413623996813911e+00 8.906413623996813911e+00 8.906413623996813911e+00
4.100000000000000000e+01 1.034720483396105095e+01 1.034720483396105095e+01 1.034720483396105095e+01 1.034720483396105095e+01
4.200000000000000000e+01 9.742580782474425050e+00 9.742580782474425050e+00 9.742580782474425050e+00 9.742580782474425050e+00
4.300000000000000000e+01 1.049216196003732016e+01 1.049216196003732016e+01 1.049216196003732016e+01 1.049216196003732016e+01
4.400000000000000000e+01 1.069755431441025273e+01 1.069755431441025273e+01 1.069755431441025273e+01 1.069755431441025273e+01
4.500000000000000000e+01 1.035387950646083155e+01 1.035387950646083155e+01 1.035387950646083155e+01 1.035387950646083155e+01
4.600000000000000000e+01 1.043618598049333279e+01 1.043618598049333279e+01 1.043618598049333279e+01 1.043618598049333279e+01
4.700000000000000000e+01 9.792362740038738522e+00 9.792362740038738522e+00 9.792362740038738522e+00 9.792362740038738522e+00
4.800000000000000000e+01 1.018670073489060890e+01 1.018670073489060890e+01 1.018670073489060890e+01 1.018670073489060890e+01
4.900000000000000000e+01 9.763134453493893972e+00 9.763134453493893972e+00 9.763134453493893972e+00 9.763134453493893972e+00
5.000000000000000000e+01 1.019736752092311605e+01 1.019736752092311605e+01 1.019736752092311605e+01 1.019736752092311605e+01
5.100000000000000000e+01 1.088493618588413270e+01 1.088493618588413270e+01 1.088493618588413270e+01 1.088493618588413270e+01
5.200000000000000000e+01 1.122571750475615637e+01 1.122571750475615637e+01 1.122571750475615637e+01 1.122571750475615637e+01
5.300000000000000000e+01 1.172267016246466120e+01 1.172267016246466120e+01 1.172267016246466120e+01 1.172267016246466120e+01
5.400000000000000000e+01 1.114798090279069598e+01 1.114798090279069598e+01 1.114798090279069598e+01 1.114798090279069598e+01
5.500000000000000000e+01 1.103787009967268240e+01 1.103787009967268240e+01 1.103787009967268240e+01 1.103787009967268240e+01
5.600000000000000000e+01 1.046405175107285679e+01 1.046405175107285679e+01 1.046405175107285679e+01 1.046405175107285679e+01
5.700000000000000000e+01 9.473001614668795867e+00 9.473001614668795867e+00 9.473001614668795867e+00 9.473001614668795867e+00
5.800000000000000000e+01 9.037128873182618705e+00 9.037128873182618705e+00 9.037128873182618705e+00 9.037128873182618705e+00
5.900000000000000000e+01 8.536668871407874448e+00 8.536668871407874448e+00 8.536668871407874448e+00 8.536668871407874448e+00
6.000000000000000000e+01 8.911554225365284410e+00 8.911554225365284410e+00 8.911554225365284410e+00 8.911554225365284410e+00
6.100000000000000000e+01 9.228315248378885727e+00 9.228315248378885727e+00 9.228315248378885727e+00 9.228315248378885727e+00
6.200000000000000000e+01 9.578463693736798845e+00 9.578463693736798845e+00 9.578463693736798845e+00 9.578463693736798845e+00
6.300000000000000000e+01 1.019451047275181921e+01 1.019451047275181921e+01 1.019451047275181921e+01 1.019451047275181921e+01
6.400000000000000000e+01 1.024153339052002920e+01 1.024153339052002920e+01 1.024153339052002920e+01 1.024153339052002920e+01
6.500000000000000000e+01 1.052451155966460306e+01 1.052451155966460306e+01 1.052451155966460306e+01 1.052451155966460306e+01
6.600000000000000000e+01 9.350427359651130033e+00 9.350427359651130033e+00 9.350427359651130033e+00 9.350427359651130033e+00
6.700000000000000000e+01 9.121431749479016915e+00 9.121431749479016915e+00 9.121431749479016915e+00 9.121431749479016915e+00
6.800000000000000000e+01 8.414932570253956357e+00 8.414932570253956357e+00 8.414932570253956357e+00 8.414932570253956357e+00
6.900000000000000000e+01 7.799580492414954769e+00 7.799580492414954769e+00 7.799580492414954769e+00 7.799580492414954769e+00
7.000000000000000000e+01 8.262623884352692016e+00 8.262623884352692016e+00 8.262623884352692016e+00 8.262623884352692016e+00
7.100000000000000000e+01 8.893889984219374156e+00 8.893889984219374156e+00 8.893889984219374156e+00 8.893889984219374156e+00
7.200000000000000000e+01 9.617838361237655675e+00 9.617838361237655675e+00 9.617838361237655675e+00 9.617838361237655675e+00
7.300000000000000000e+01 9.798078716709051506e+00 9.798078716709051506e+00 9.798078716709051506e+00 9.798078716709051506e+00
7.400000000000000000e+01 1.006579689770513575e+01 1.006579689770513575e+01 1.006579689770513575e+01 1.006579689770513575e+01
7.500000000000000000e+01 9.728727833233341116e+00 9.728727833233341116e+00 9.728727833233341116e+00 9.728727833233341116e+00
7.600000000000000000e+01 8.968352972600877493e+00 8.968352972600877493e+00 8.968352972600877493e+00 8.968352972600877493e+00
7.700000000000000000e+01 8.281841859546538842e+00 8.281841859546538842e+00 8.281841859546538842e+00 8.281841859546538842e+00
7.800000000000000000e+01 7.748274244988916593e+00 7.748274244988916593e+00 7.748274244988916593e+00 7.748274244988916593e+00
7.900000000000000000e+01 7.667319633387174704e+00 7.667319633387174704e+00 7.667319633387174704e+00 7.667319633387174704e+00
8.000000000000000000e+01 8.080454771812084047e+00 8.080454771812084047e+00 8.080454771812084047e+00 8.080454771812084047e+00
8.100000000000000000e+01 8.183796175158017050e+00 8.183796175158017050e+00 8.183796175158017050e+00 8.183796175158017050e+00
8.200000000000000000e+01 8.881631328216943899e+00 8.881631328216943899e+00 8.881631328216943899e+00 8.881631328216943899e+00
8.300000000000000000e+01 8.822722660030128949e+00 8.822722660030128949e+00 8.822722660030128949e+00 8.822722660030128949e+00
8.400000000000000000e+01 8.895594330518392212e+00 8.895594330518392212e+00 8.895594330518392212e+00 8.895594330518392212e+00
8.500000000000000000e+01 8.586827165397172834e+00 8.586827165397172834e+00 8.586827165397172834e+00 8.586827165397172834e+00
8.600000000000000000e+01 8.335850405931559237e+00 8.335850405931559237e+00 8.335850405931559237e+00 8.335850405931559237e+00
8.700000000000000000e+01 8.218479594406776556e+00 8.218479594406776556e+00 8.218479594406776556e+00 8.218479594406776556e+00
8.800000000000000000e+01 7.429675550610186363e+00 7.429675550610186363e+00 7.429675550610186363e+00 7.429675550610186363e+00
8.900000000000000000e+01 8.155026990125339381e+00 8.155026990125339381e+00 8.155026990125339381e+00 8.155026990125339381e+00
9.000000000000000000e+01 8.245867976834778901e+00 8.245867976834778901e+00 8.245867976834778901e+00 8.245867976834778901e+00
9.100000000000000000e+01 8.842641575825521016e+00 8.842641575825521016e+00 8.842641575825521016e+00 8.842641575825521016e+00
9.200000000000000000e+01 9.048347117709962362e+00 9.048347117709962362e+00 9.048347117709962362e+00 9.048347117709962362e+00
9.300000000000000000e+01 8.855710763040464784e+00 8.855710763040464784e+00 8.855710763040464784e+00 8.855710763040464784e+00
9.400000000000000000e+01 9.555075019190075736e+00 9.555075019190075736e+00 9.555075019190075736e+00 9.555075019190075736e+00
9.500000000000000000e+01 8.417175546455517576e+00 8.417175546455517576e+00 8.417175546455517576e+00 8.417175546455517576e+00
9.600000000000000000e+01 8.274467354091905591e+00 8.274467354091905591e+00 8.274467354091905591e+00 8.274467354091905591e+00
9.700000000000000000e+01 7.815746181815784510e+00 7.815746181815784510e+00 7.815746181815784510e+00 7.815746181815784510e+00
9.800000000000000000e+01 7.482550145814083287e+00 7.482550145814083287e+00 7.482550145814083287e+00 7.482550145814083287e+00
9.900000000000000000e+01 7.685252914739791663e+00 7.685252914739791663e+00 7.685252914739791663e+00 7.685252914739791663e+00
