0.000000000000000000e+00 -1.516519454085792362e-01 -1.516519454085792362e-01 -1.516519454085792362e-01 -1.516519454085792362e-01
1.000000000000000000e+00 -8.243165520695029669e-02 -8.243165520695029669e-02 -8.243165520695029669e-02 -8.243165520695029669e-02
2.000000000000000000e+00 5.791338768931846709e-02 5.791338768931846709e-02 5.791338768931846709e-02 5.791338768931846709e-02
3.000000000000000000e+00 7.350441144308193092e-03 7.350441144308193092e-03 7.350441144308193092e-03 7.350441144308193092e-03
4.000000000000000000e+00 9.361450751268914072e-02 9.361450751268914072e-02 9.361450751268914072e-02 9.361450751268914072e-02
5.000000000000000000e+00 2.477896908466902803e-01 2.477896908466902803e-01 2.477896908466902803e-01 2.477896908466902803e-01
6.000000000000000000e+00 4.212937024997782665e-01 4.212937024997782665e-01 4.212937024997782665e-01 4.212937024997782665e-01
7.000000000000000000e+00 3.647823678594521724e-01 3.647823678594521724e-01 3.647823678594521724e-01 3.647823678594521724e-01
8.000000000000000000e+00 3.304403105702786170e-01 3.304403105702786170e-01 3.304403105702786170e-01 3.304403105702786170e-01
9.000000000000000000e+00 1.074870073279152322e-01 1.074870073279152322e-01 1.074870073279152322e-01 1.074870073279152322e-01
1.000000000000000000e+01 2.470399635613707012e-01 2.470399635613707012e-01 2.470399635613707012e-01 2.470399635613707012e-01
1.100000000000000000e+01 2.536497014120769888e-01 2.536497014120769888e-01 2.536497014120769888e-01 2.536497014120769888e-01
1.200000000000000000e+01 2.219793040528781070e-01 2.219793040528781070e-01 2.219793040528781070e-01 2.219793040528781070e-01
1.300000000000000000e+01 2.071412451705840485e-01 2.071412451705840485e-01 2.071412451705840485e-01 2.071412451705840485e-01
1.400000000000000000e+01 1.994136568518191099e-01 1.994136568518191099e-01 1.994136568518191099e-01 1.994136568518191099e-01
1.500000000000000000e+01 2.738009550702307782e-01 2.738009550702307782e-01 2.738009550702307782e-01 2.738009550702307782e-01
1.600000000000000000e+01 2.132762936403720944e-01 2.132762936403720944e-01 2.132762936403720944e-01 2.132762936403720944e-01
1.700000000000000000e+01 2.570799168259930156e-01 2.570799168259930156e-01 2.570799168259930156e-01 2.570799168259930156e-01
1.800000000000000000e+01 2.386568551811566741e-01 2.386568551811566741e-01 2.386568551811566741e-01 2.386568551811566741e-01
1.900000000000000000e+01 2.733606217157161233e-01 2.733606217157161233e-01 2.733606217157161233e-01 2.733606217157161233e-01
2.000000000000000000e+01 2.774417263483272555e-01 2.774417263483272555e-01 2.774417263483272555e-01 2.774417263483272555e-01
2.100000000000000000e+01 3.000176256863580915e-01 3.000176256863580915e-01 3.000176256863580915e-01 3.000176256863580915e-01
2.200000000000000000e+01 2.697376209448025253e-01 2.697376209448025253e-01 2.697376209448025253e-01 2.697376209448025253e-01
2.300000000000000000e+01 4.311161070192952027e-01 4.311161070192952027e-01 4.311161070192952027e-01 4.311161070192952027e-01
2.400000000000000000e+01 3.924311301258160412e-01 3.924311301258160412e-01 3.924311301258160412e-01 3.924311301258160412e-01
2.500000000000000000e+01 5.494994013636872454e-01 5.494994013636872454e-01 5.494994013636872454e-01 5.494994013636872454e-01
2.600000000000000000e+01 5.711994829239709359e-01 5.711994829239709359e-01 5.711994829239709359e-01 5.711994829239709359e-01
2.700000000000000000e+01 6.079211912626227843e-01 6.079211912626227843e-01 6.079211912626227843e-01 6.079211912626227843e-01
2.800000000000000000e+01 6.554334534798024192e-01 6.554334534798024192e-01 6.554334534798024192e-01 6.554334534798024192e-01
2.900000000000000000e+01 6.465620137443520710e-01 6.465620137443520710e-01 6.465620137443520710e-01 6.465620137443520710e-01
3.000000000000000000e+01 7.353869535221866371e-01 7.353869535221866371e-01 7.353869535221866371e-01 7.353869535221866371e-01
3.100000000000000000e+01 6.022658451906020005e-01 6.022658451906020005e-01 6.022658451906020005e-01 6.022658451906020005e-01
3.200000000000000000e+01 6.538867366176871476e-01 6.538867366176871476e-01 6.538867366176871476e-01 6.538867366176871476e-01
3.300000000000000000e+01 4.905645212565214464e-01 4.905645212565214464e-01 4.905645212565214464e-01 4.905645212565214464e-01
3.400000000000000000e+01 5.344618124144449034e-01 5.344618124144449034e-01 5.344618124144449034e-01 5.344618124144449034e-01
3.500000000000000000e+01 6.238328168673823448e-01 6.238328168673823448e-01 6.238328168673823448e-01 6.238328168673823448e-01
3.600000000000000000e+01 3.883381026150641291e-01 3.883381026150641291e-01 3.883381026150641291e-01 3.883381026150641291e-01
3.700000000000000000e+01 4.959741638346696346e-01 4.959741638346696346e-01 4.959741638346696346e-01 4.959741638346696346e-01
3.800000000000000000e+01 3.511814123327439141e-01 3.511814123327439141e-01 3.511814123327439141e-01 3.511814123327439141e-01
3.900000000000000000e+01 3.903608487664917415e-01 3.903608487664917415e-01 3.903608487664917415e-01 3.903608487664917415e-01
4.000000000000000000e+01 3.519257019034848777e-01 3.519257019034848777e-01 3.519257019034848777e-01 3.519257019034848777e-01
4.100000000000000000e+01 4.788683965440394541e-01 4.788683965440394541e-01 4.788683965440394541e-01 4.788683965440394541e-01
4.200000000000000000e+01 5.109065708318368815e-01 5.109065708318368815e-01 5.109065708318368815e-01 5.109065708318368815e-01
4.300000000000000000e+01 6.891343314248622454e-01 6.891343314248622454e-01 6.891343314248622454e-01 6.891343314248622454e-01
4.400000000000000000e+01 7.640162838995947503e-01 7.640162838995947503e-01 7.640162838995947503e-01 7.640162838995947503e-01
4.500000000000000000e+01 6.237763663136539627e-01 6.237763663136539627e-01 6.237763663136539627e-01 6.237763663136539627e-01
4.600000000000000000e+01 7.849267678470853715e-01 7.849267678470853715e-01 7.849267678470853715e-01 7.849267678470853715e-01
4.700000000000000000e+01 7.158231838697572957e-01 7.158231838697572957e-01 7.158231838697572957e-01 7.158231838697572957e-01
4.800000000000000000e+01 8.231915072504312203e-01 8.231915072504312203e-01 8.231915072504312203e-01 8.231915072504312203e-01
4.900000000000000000e+01 6.197508504867818013e-01 6.197508504867818013e-01 6.197508504867818013e-01 6.197508504867818013e-01
5.000000000000000000e+01 8.985060781076688041e-01 8.985060781076688041e-01 8.985060781076688041e-01 8.985060781076688041e-01
5.100000000000000000e+01 5.701933850778491131e-01 5.701933850778491131e-01 5.701933850778491131e-01 5.701933850778491131e-01
5.200000000000000000e+01 8.106067390575567577e-01 8.106067390575567577e-01 8.106067390575567577e-01 8.106067390575567577e-01
5.300000000000000000e+01 8.186335905634575250e-01 8.186335905634575250e-01 8.186335905634575250e-01 8.186335905634575250e-01
5.400000000000000000e+01 6.970677764769696028e-01 6.970677764769696028e-01 6.970677764769696028e-01 6.970677764769696028e-01
5.500000000000000000e+01 9.252485799426257707e-01 9.252485799426257707e-01 9.252485799426257707e-01 9.252485799426257707e-01
5.600000000000000000e+01 6.630673407036186129e-01 6.630673407036186129e-01 6.630673407036186129e-01 6.630673407036186129e-01
5.700000000000000000e+01 7.110607474205641321e-01 7.110607474205641321e-01 7.110607474205641321e-01 7.110607474205641321e-01
5.800000000000000000e+01 6.064144599570172600e-01 6.064144599570172600e-01 6.064144599570172600e-01 6.064144599570172600e-01
5.900000000000000000e+01 6.267196865369067948e-01 6.267196865369067948e-01 6.267196865369067948e-01 6.267196865369067948e-01
6.000000000000000000e+01 6.234720012739365380e-01 6.234720012739365380e-01 6.234720012739365380e-01 6.234720012739365380e-01
6.100000000000000000e+01 7.221798242780474997e-01 7.221798242780474997e-01 7.221798242780474997e-01 7.221798242780474997e-01
6.200000000000000000e+01 6.748903130725105726e-01 6.748903130725105726e-01 6.748903130725105726e-01 6.748903130725105726e-01
6.300000000000000000e+01 6.881740452849722800e-01 6.881740452849722800e-01 6.881740452849722800e-01 6.881740452849722800e-01
6.400000000000000000e+01 9.268590053888047242e-01 9.268590053888047242e-01 9.268590053888047242e-01 9.268590053888047242e-01
6.500000000000000000e+01 7.547787406791001130e-01 7.547787406791001130e-01 7.547787406791001130e-01 7.547787406791001130e-01
6.600000000000000000e+01 8.255081658547072099e-01 8.255081658547072099e-01 8.255081658547072099e-01 8.255081658547072099e-01
6.700000000000000000e+01 8.129363565316621854e-01 8.129363565316621854e-01 8.129363565316621854e-01 8.129363565316621854e-01
6.800000000000000000e+01 8.149971838935140545e-01 8.149971838935140545e-01 8.149971838935140545e-01 8.149971838935140545e-01
6.900000000000000000e+01 7.874996507440468196e-01 7.874996507440468196e-01 7.874996507440468196e-01 7.874996507440468196e-01
7.000000000000000000e+01 8.015740096089185585e-01 8.015740096089185585e-01 8.015740096089185585e-01 8.015740096089185585e-01
7.100000000000000000e+01 7.741053424991319876e-01 7.741053424991319876e-01 7.741053424991319876e-01 7.741053424991319876e-01
7.200000000000000000e+01 1.002806705880209481e+00 1.002806705880209481e+00 1.002806705880209481e+00 1.002806705880209481e+00
7.300000000000000000e+01 6.765209196076489295e-01 6.765209196076489295e-01 6.765209196076489295e-01 6.765209196076489295e-01
7.400000000000000000e+01 7.941621870865092081e-01 7.941621870865092081e-01 7.941621870865092081e-01 7.941621870865092081e-01
7.500000000000000000e+01 7.671026805414096206e-01 7.671026805414096206e-01 7.671026805414096206e-01 7.671026805414096206e-01
7.600000000000000000e+01 7.200023259430686773e-01 7.200023259430686773e-01 7.200023259430686773e-01 7.200023259430686773e-01
7.700000000000000000e+01 7.809739040798653331e-01 7.809739040798653331e-01 7.809739040798653331e-01 7.809739040798653331e-01
7.800000000000000000e+01 7.656174195523897108e-01 7.656174195523897108e-01 7.656174195523897108e-01 7.656174195523897108e-01
7.900000000000000000e+01 7.839583691310142433e-01 7.839583691310142433e-01 7.839583691310142433e-01 7.839583691310142433e-01
8.000000000000000000e+01 7.053633077501239024e-01 7.053633077501239024e-01 7.053633077501239024e-01 7.053633077501239024e-01
8.100000000000000000e+01 7.832336881877572932e-01 7.832336881877572932e-01 7.832336881877572932e-01 7.832336881877572932e-01
8.200000000000000000e+01 7.545473596543247341e-01 7.545473596543247341e-01 7.545473596543247341e-01 7.545473596543247341e-01
8.300000000000000000e+01 6.526440576482296363e-01 6.526440576482296363e-01 6.526440576482296363e-01 6.526440576482296363e-01
8.400000000000000000e+01 7.392659306638593719e-01 7.392659306638593719e-01 7.392659306638593719e-01 7.392659306638593719e-01
8.500000000000000000e+01 6.595465254221650753e-01 6.595465254221650753e-01 6.595465254221650753e-01 6.595465254221650753e-01
8.600000000000000000e+01 6.202707842657019244e-01 6.202707842657019244e-01 6.202707842657019244e-01 6.202707842657019244e-01
8.700000000000000000e+01 8.282747790452481551e-01 8.282747790452481551e-01 8.282747790452481551e-01 8.282747790452481551e-01
8.800000000000000000e+01 5.029036602681558055e-01 5.029036602681558055e-01 5.029036602681558055e-01 5.029036602681558055e-01
8.900000000000000000e+01 8.548739706294279372e-01 8.548739706294279372e-01 8.548739706294279372e-01 8.548739706294279372e-01
9.000000000000000000e+01 6.894295632681102237e-01 6.894295632681102237e-01 6.894295632681102237e-01 6.894295632681102237e-01
9.100000000000000000e+01 6.533391741251989293e-01 6.533391741251989293e-01 6.533391741251989293e-01 6.533391741251989293e-01
9.200000000000000000e+01 6.772973918203980537e-01 6.772973918203980537e-01 6.772973918203980537e-01 6.772973918203980537e-01
9.300000000000000000e+01 6.677684551820182168e-01 6.677684551820182168e-01 6.677684551820182168e-01 6.677684551820182168e-01
9.400000000000000000e+01 6.529387399083288468e-01 6.529387399083288468e-01 6.529387399083288468e-01 6.529387399083288468e-01
9.500000000000000000e+01 7.081121876286805561e-01 7.081121876286805561e-01 7.081121876286805561e-01 7.081121876286805561e-01
9.600000000000000000e+01 8.592798931478610180e-01 8.592798931478610180e-01 8.592798931478610180e-01 8.592798931478610180e-01
9.700000000000000000e+01 7.471711195205711364e-01 7.471711195205711364e-01 7.471711195205711364e-01 7.471711195205711364e-01
9.800000000000000000e+01 8.513777521450039965e-01 8.513777521450039965e-01 8.513777521450039965e-01 8.513777521450039965e-01
9.900000000000000000e+01 7.795032017240155486e-01 7.795032017240155486e-01 7.795032017240155486e-01 7.795032017240155486e-01
