0.000000000000000000e+00 -1.572714358150459457e+00 -1.572714358150459457e+00 -1.572714358150459457e+00 -1.572714358150459457e+00
1.000000000000000000e+00 -1.131670272192353943e+00 -1.131670272192353943e+00 -1.131670272192353943e+00 -1.131670272192353943e+00
2.000000000000000000e+00 -4.119116791433095059e-01 -4.119116791433095059e-01 -4.119116791433095059e-01 -4.119116791433095059e-01
3.000000000000000000e+00 -3.228786791948380364e-01 -3.228786791948380364e-01 -3.228786791948380364e-01 -3.228786791948380364e-01
4.000000000000000000e+00 5.844678255552285956e-02 5.844678255552285956e-02 5.844678255552285956e-02 5.844678255552285956e-02
5.000000000000000000e+00 3.512667047639461693e-01 3.512667047639461693e-01 3.512667047639461693e-01 3.512667047639461693e-01
6.000000000000000000e+00 -4.474256737555590835e-01 -4.474256737555590835e-01 -4.474256737555590835e-01 -4.474256737555590835e-01
7.000000000000000000e+00 -7.326238809433116561e-01 -7.326238809433116561e-01 -7.326238809433116561e-01 -7.326238809433116561e-01
8.000000000000000000e+00 -1.070911633837634325e+00 -1.070911633837634325e+00 -1.070911633837634325e+00 -1.070911633837634325e+00
9.000000000000000000e+00 -1.199609347355726996e+00 -1.199609347355726996e+00 -1.199609347355726996e+00 -1.199609347355726996e+00
1.000000000000000000e+01 -1.360318334851231770e+00 -1.360318334851231770e+00 -1.360318334851231770e+00 -1.360318334851231770e+00
1.100000000000000000e+01 -1.391475915474850833e+00 -1.391475915474850833e+00 -1.391475915474850833e+00 -1.391475915474850833e+00
1.200000000000000000e+01 -1.278908463570496146e+00 -1.278908463570496146e+00 -1.278908463570496146e+00 -1.278908463570496146e+00
1.300000000000000000e+01 -6.715449756733248288e-01 -6.715449756733248288e-01 -6.715449756733248288e-01 -6.715449756733248288e-01
1.400000000000000000e+01 -2.060385423845196295e-01 -2.060385423845196295e-01 -2.060385423845196295e-01 -2.060385423845196295e-01
1.500000000000000000e+01 1.147703270466247233e-01 1.147703270466247233e-01 1.147703270466247233e-01 1.147703270466247233e-01
1.600000000000000000e+01 3.716396293205837531e-01 3.716396293205837531e-01 3.716396293205837531e-01 3.716396293205837531e-01
1.700000000000000000e+01 6.585366838603421424e-01 6.585366838603421424e-01 6.585366838603421424e-01 6.585366838603421424e-01
1.800000000000000000e+01 8.399587958135997789e-01 8.399587958135997789e-01 8.399587958135997789e-01 8.399587958135997789e-01
1.900000000000000000e+01 5.422240712012927899e-01 5.422240712012927899e-01 5.422240712012927899e-01 5.422240712012927899e-01
2.000000000000000000e+01 -1.300921294602291889e-01 -1.300921294602291889e-01 -1.300921294602291889e-01 -1.300921294602291889e-01
2.100000000000000000e+01 -6.401774676502937078e-01 -6.401774676502937078e-01 -6.401774676502937078e-01 -6.401774676502937078e-01
2.200000000000000000e+01 -9.241010143619491357e-01 -9.241010143619491357e-01 -9.241010143619491357e-01 -9.241010143619491357e-01
2.300000000000000000e+01 -1.039191251312798103e+00 -1.039191251312798103e+00 -1.039191251312798103e+00 -1.039191251312798103e+00
2.400000000000000000e+01 -1.225345637590782077e+00 -1.225345637590782077e+00 -1.225345637590782077e+00 -1.225345637590782077e+00
2.500000000000000000e+01 -1.290210220544652175e+00 -1.290210220544652175e+00 -1.290210220544652175e+00 -1.290210220544652175e+00
2.600000000000000000e+01 -8.844064773429678450e-01 -8.844064773429678450e-01 -8.844064773429678450e-01 -8.844064773429678450e-01
2.700000000000000000e+01 -3.438993806243317297e-01 -3.438993806243317297e-01 -3.438993806243317297e-01 -3.438993806243317297e-01
2.800000000000000000e+01 -1.071244243129004792e-01 -1.071244243129004792e-01 -1.071244243129004792e-01 -1.071244243129004792e-01
2.900000000000000000e+01 2.013075986542808560e-01 2.013075986542808560e-01 2.013075986542808560e-01 2.013075986542808560e-01
3.000000000000000000e+01 4.526453569894071105e-01 4.526453569894071105e-01 4.526453569894071105e-01 4.526453569894071105e-01
3.100000000000000000e+01 6.099276236691651976e-01 6.099276236691651976e-01 6.099276236691651976e-01 6.099276236691651976e-01
3.200000000000000000e+01 4.824329706778007210e-01 4.824329706778007210e-01 4.824329706778007210e-01 4.824329706778007210e-01
3.300000000000000000e+01 -2.632824129003113467e-01 -2.632824129003113467e-01 -2.632824129003113467e-01 -2.632824129003113467e-01
3.400000000000000000e+01 -4.411340807673029829e-01 -4.411340807673029829e-01 -4.411340807673029829e-01 -4.411340807673029829e-01
3.500000000000000000e+01 -8.781787465973301954e-01 -8.781787465973301954e-01 -8.781787465973301954e-01 -8.781787465973301954e-01
3.600000000000000000e+01 -2.003673491381774419e+00 -2.003673491381774419e+00 -2.003673491381774419e+00 -2.003673491381774419e+00
3.700000000000000000e+01 -1.216215741310393339e+00 -1.216215741310393339e+00 -1.216215741310393339e+00 -1.216215741310393339e+00
3.800000000000000000e+01 -6.652837409464872342e-01 -6.652837409464872342e-01 -6.652837409464872342e-01 -6.652837409464872342e-01
3.900000000000000000e+01 -2.776327066198968074e-01 -2.776327066198968074e-01 -2.776327066198968074e-01 -2.776327066198968074e-01
4.000000000000000000e+01 9.471712351980935904e-03 9.471712351980935904e-03 9.471712351980935904e-03 9.471712351980935904e-03
4.100000000000000000e+01 2.017575995756416274e-01 2.017575995756416274e-01 2.017575995756416274e-01 2.017575995756416274e-01
4.200000000000000000e+01 2.425939552909996411e-01 2.425939552909996411e-01 2.425939552909996411e-01 2.425939552909996411e-01
4.300000000000000000e+01 -4.146504313875179482e-02 -4.146504313875179482e-02 -4.146504313875179482e-02 -4.146504313875179482e-02
4.400000000000000000e+01 -5.689103112736778600e-01 -5.689103112736778600e-01 -5.689103112736778600e-01 -5.689103112736778600e-01
4.500000000000000000e+01 -9.636326097633367560e-01 -9.636326097633367560e-01 -9.636326097633367560e-01 -9.636326097633367560e-01
4.600000000000000000e+01 -1.212128826269069037e+00 -1.212128826269069037e+00 -1.212128826269069037e+00 -1.212128826269069037e+00
4.700000000000000000e+01 -1.254388500647586557e+00 -1.254388500647586557e+00 -1.254388500647586557e+00 -1.254388500647586557e+00
4.800000000000000000e+01 -7.235278714862899418e-01 -7.235278714862899418e-01 -7.235278714862899418e-01 -7.235278714862899418e-01
4.900000000000000000e+01 -2.934433503024693746e-01 -2.934433503024693746e-01 -2.934433503024693746e-01 -2.934433503024693746e-01
5.000000000000000000e+01 9.015196977748782259e-02 9.015196977748782259e-02 9.015196977748782259e-02 9.015196977748782259e-02
5.100000000000000000e+01 3.834756185166291464e-01 3.834756185166291464e-01 3.834756185166291464e-01 3.834756185166291464e-01
5.200000000000000000e+01 6.386140430470169660e-01 6.386140430470169660e-01 6.386140430470169660e-01 6.386140430470169660e-01
5.300000000000000000e+01 9.089052073037184876e-01 9.089052073037184876e-01 9.089052073037184876e-01 9.089052073037184876e-01
5.400000000000000000e+01 1.095744371392864513e+00 1.095744371392864513e+00 1.095744371392864513e+00 1.095744371392864513e+00
5.500000000000000000e+01 2.486244054252258473e-01 2.486244054252258473e-01 2.486244054252258473e-01 2.486244054252258473e-01
5.600000000000000000e+01 -2.412874674890681248e-01 -2.412874674890681248e-01 -2.412874674890681248e-01 -2.412874674890681248e-01
5.700000000000000000e+01 -9.643830633379814055e-01 -9.643830633379814055e-01 -9.643830633379814055e-01 -9.643830633379814055e-01
5.800000000000000000e+01 -9.506017913603203029e-01 -9.506017913603203029e-01 -9.506017913603203029e-01 -9.506017913603203029e-01
5.900000000000000000e+01 -1.115939068268128720e+00 -1.115939068268128720e+00 -1.115939068268128720e+00 -1.115939068268128720e+00
6.000000000000000000e+01 -7.923534914019974007e-01 -7.923534914019974007e-01 -7.923534914019974007e-01 -7.923534914019974007e-01
6.100000000000000000e+01 -3.276798095278967704e-01 -3.276798095278967704e-01 -3.276798095278967704e-01 -3.276798095278967704e-01
6.200000000000000000e+01 7.470490529365883536e-02 7.470490529365883536e-02 7.470490529365883536e-02 7.470490529365883536e-02
6.300000000000000000e+01 3.383949991585598616e-01 3.383949991585598616e-01 3.383949991585598616e-01 3.383949991585598616e-01
6.400000000000000000e+01 4.707892525164374398e-01 4.707892525164374398e-01 4.707892525164374398e-01 4.707892525164374398e-01
6.500000000000000000e+01 7.404207330744708715e-01 7.404207330744708715e-01 7.404207330744708715e-01 7.404207330744708715e-01
6.600000000000000000e+01 2.326590506174715245e-01 2.326590506174715245e-01 2.326590506174715245e-01 2.326590506174715245e-01
6.700000000000000000e+01 -3.285104892940574062e-01 -3.285104892940574062e-01 -3.285104892940574062e-01 -3.285104892940574062e-01
6.800000000000000000e+01 -4.807411058135193094e-01 -4.807411058135193094e-01 -4.807411058135193094e-01 -4.807411058135193094e-01
6.900000000000000000e+01 -7.366992919011392527e-01 -7.366992919011392527e-01 -7.366992919011392527e-01 -7.366992919011392527e-01
7.000000000000000000e+01 -9.086774619094177829e-01 -9.086774619094177829e-01 -9.086774619094177829e-01 -9.086774619094177829e-01
7.100000000000000000e+01 -6.665148865588322868e-01 -6.665148865588322868e-01 -6.665148865588322868e-01 -6.665148865588322868e-01
7.200000000000000000e+01 -2.341117504514023812e-02 -2.341117504514023812e-02 -2.341117504514023812e-02 -2.341117504514023812e-02
7.300000000000000000e+01 4.068049349915203727e-01 4.068049349915203727e-01 4.068049349915203727e-01 4.068049349915203727e-01
7.400000000000000000e+01 7.620776550771829472e-01 7.620776550771829472e-01 7.620776550771829472e-01 7.620776550771829472e-01
7.500000000000000000e+01 9.601057117637190608e-01 9.601057117637190608e-01 9.601057117637190608e-01 9.601057117637190608e-01
7.600000000000000000e+01 1.230307235924042786e+00 1.230307235924042786e+00 1.230307235924042786e+00 1.230307235924042786e+00
7.700000000000000000e+01 1.168339037428584914e+00 1.168339037428584914e+00 1.168339037428584914e+00 1.168339037428584914e+00
7.800000000000000000e+01 3.721733165922601616e-01 3.721733165922601616e-01 3.721733165922601616e-01 3.721733165922601616e-01
7.900000000000000000e+01 -1.511815485992558938e-01 -1.511815485992558938e-01 -1.511815485992558938e-01 -1.511815485992558938e-01
8.000000000000000000e+01 -5.642202777238942701e-01 -5.642202777238942701e-01 -5.642202777238942701e-01 -5.642202777238942701e-01
8.100000000000000000e+01 -7.633410010393869571e-01 -7.633410010393869571e-01 -7.633410010393869571e-01 -7.633410010393869571e-01
8.200000000000000000e+01 -9.301675112011239532e-01 -9.301675112011239532e-01 -9.301675112011239532e-01 -9.301675112011239532e-01
8.300000000000000000e+01 -5.999270063931230190e-01 -5.999270063931230190e-01 -5.999270063931230190e-01 -5.999270063931230190e-01
8.400000000000000000e+01 -1.651462404754973357e-01 -1.651462404754973357e-01 -1.651462404754973357e-01 -1.651462404754973357e-01
8.500000000000000000e+01 2.103408273068991807e-01 2.103408273068991807e-01 2.103408273068991807e-01 2.103408273068991807e-01
8.600000000000000000e+01 5.747562690269818475e-01 5.747562690269818475e-01 5.747562690269818475e-01 5.747562690269818475e-01
8.700000000000000000e+01 7.024141369208097840e-01 7.024141369208097840e-01 7.024141369208097840e-01 7.024141369208097840e-01
8.800000000000000000e+01 9.875902234707636396e-01 9.875902234707636396e-01 9.875902234707636396e-01 9.875902234707636396e-01
8.900000000000000000e+01 1.073104820720837571e+00 1.073104820720837571e+00 1.073104820720837571e+00 1.073104820720837571e+00
9.000000000000000000e+01 5.762189366159934378e-01 5.762189366159934378e-01 5.762189366159934378e-01 5.762189366159934378e-01
9.100000000000000000e+01 2.501975910011473569e-01 2.501975910011473569e-01 2.501975910011473569e-01 2.501975910011473569e-01
9.200000000000000000e+01 -1.612054443734032283e-01 -1.612054443734032283e-01 -1.612054443734032283e-01 -1.612054443734032283e-01
9.300000000000000000e+01 -3.728230405767998246e-01 -3.728230405767998246e-01 -3.728230405767998246e-01 -3.728230405767998246e-01
9.400000000000000000e+01 -5.190796131900172750e-01 -5.190796131900172750e-01 -5.190796131900172750e-01 -5.190796131900172750e-01
9.500000000000000000e+01 -5.370485950822533328e-01 -5.370485950822533328e-01 -5.370485950822533328e-01 -5.370485950822533328e-01
9.600000000000000000e+01 -5.437410870773302929e-02 -5.437410870773302929e-02 -5.437410870773302929e-02 -5.437410870773302929e-02
9.700000000000000000e+01 3.250791074962980365e-01 3.250791074962980365e-01 3.250791074962980365e-01 3.250791074962980365e-01
9.800000000000000000e+01 5.826707286156497245e-01 5.826707286156497245e-01 5.826707286156497245e-01 5.826707286156497245e-01
