0.000000000000000000e+00 5.396776657131666655e-01 5.396776657131666655e-01 5.396776657131666655e-01 5.396776657131666655e-01
1.000000000000000000e+00 7.948967828824847759e-01 7.948967828824847759e-01 7.948967828824847759e-01 7.948967828824847759e-01
2.000000000000000000e+00 2.228301605114489103e-01 2.228301605114489103e-01 2.228301605114489103e-01 2.228301605114489103e-01
3.000000000000000000e+00 1.593847243714896500e+00 1.593847243714896500e+00 1.593847243714896500e+00 1.593847243714896500e+00
4.000000000000000000e+00 1.199190212717867299e+00 1.199190212717867299e+00 1.199190212717867299e+00 1.199190212717867299e+00
5.000000000000000000e+00 1.459207705290802126e+00 1.459207705290802126e+00 1.459207705290802126e+00 1.459207705290802126e+00
6.000000000000000000e+00 2.575982491154171328e+00 2.575982491154171328e+00 2.575982491154171328e+00 2.575982491154171328e+00
7.000000000000000000e+00 2.964905113140734016e+00 2.964905113140734016e+00 2.964905113140734016e+00 2.964905113140734016e+00
8.000000000000000000e+00 2.898551440364448339e+00 2.898551440364448339e+00 2.898551440364448339e+00 2.898551440364448339e+00
9.000000000000000000e+00 2.165047030529038796e+00 2.165047030529038796e+00 2.165047030529038796e+00 2.165047030529038796e+00
1.000000000000000000e+01 3.215710855115692102e+00 3.215710855115692102e+00 3.215710855115692102e+00 3.215710855115692102e+00
1.100000000000000000e+01 3.305507892828938310e+00 3.305507892828938310e+00 3.305507892828938310e+00 3.305507892828938310e+00
1.200000000000000000e+01 3.062542763120872369e+00 3.062542763120872369e+00 3.062542763120872369e+00 3.062542763120872369e+00
1.300000000000000000e+01 2.864238338603829703e+00 2.864238338603829703e+00 2.864238338603829703e+00 2.864238338603829703e+00
1.400000000000000000e+01 3.006087919571674760e+00 3.006087919571674760e+00 3.006087919571674760e+00 3.006087919571674760e+00
1.500000000000000000e+01 2.834635840698822129e+00 2.834635840698822129e+00 2.834635840698822129e+00 2.834635840698822129e+00
1.600000000000000000e+01 2.452149677942947470e+00 2.452149677942947470e+00 2.452149677942947470e+00 2.452149677942947470e+00
1.700000000000000000e+01 2.639632678692467760e+00 2.639632678692467760e+00 2.639632678692467760e+00 2.639632678692467760e+00
1.800000000000000000e+01 1.947213177932509254e+00 1.947213177932509254e+00 1.947213177932509254e+00 1.947213177932509254e+00
1.900000000000000000e+01 2.011704669156303193e+00 2.011704669156303193e+00 2.011704669156303193e+00 2.011704669156303193e+00
2.000000000000000000e+01 2.896300677781577626e+00 2.896300677781577626e+00 2.896300677781577626e+00 2.896300677781577626e+00
2.100000000000000000e+01 2.234829605872332259e+00 2.234829605872332259e+00 2.234829605872332259e+00 2.234829605872332259e+00
2.200000000000000000e+01 2.446725165325829288e+00 2.446725165325829288e+00 2.446725165325829288e+00 2.446725165325829288e+00
2.300000000000000000e+01 2.478031793377271974e+00 2.478031793377271974e+00 2.478031793377271974e+00 2.478031793377271974e+00
2.400000000000000000e+01 2.417675029076036264e+00 2.417675029076036264e+00 2.417675029076036264e+00 2.417675029076036264e+00
2.500000000000000000e+01 2.544519962041268180e+00 2.544519962041268180e+00 2.544519962041268180e+00 2.544519962041268180e+00
2.600000000000000000e+01 2.632904419224583403e+00 2.632904419224583403e+00 2.632904419224583403e+00 2.632904419224583403e+00
2.700000000000000000e+01 2.119608786702968040e+00 2.119608786702968040e+00 2.119608786702968040e+00 2.119608786702968040e+00
2.800000000000000000e+01 2.478909803343300577e+00 2.478909803343300577e+00 2.478909803343300577e+00 2.478909803343300577e+00
2.900000000000000000e+01 1.929244367918999670e+00 1.929244367918999670e+00 1.929244367918999670e+00 1.929244367918999670e+00
3.000000000000000000e+01 2.276829537567694572e+00 2.276829537567694572e+00 2.276829537567694572e+00 2.276829537567694572e+00
3.100000000000000000e+01 2.114496131806454571e+00 2.114496131806454571e+00 2.114496131806454571e+00 2.114496131806454571e+00
3.200000000000000000e+01 2.392933881872853608e+00 2.392933881872853608e+00 2.392933881872853608e+00 2.392933881872853608e+00
3.300000000000000000e+01 2.243482260485180735e+00 2.243482260485180735e+00 2.243482260485180735e+00 2.243482260485180735e+00
3.400000000000000000e+01 2.291429232867479460e+00 2.291429232867479460e+00 2.291429232867479460e+00 2.291429232867479460e+00
3.500000000000000000e+01 2.753397909986022185e+00 2.753397909986022185e+00 2.753397909986022185e+00 2.753397909986022185e+00
3.600000000000000000e+01 3.026101719214473018e+00 3.026101719214473018e+00 3.026101719214473018e+00 3.026101719214473018e+00
3.700000000000000000e+01 2.957496147322676183e+00 2.957496147322676183e+00 2.957496147322676183e+00 2.957496147322676183e+00
3.800000000000000000e+01 2.748270491513153502e+00 2.748270491513153502e+00 2.748270491513153502e+00 2.748270491513153502e+00
3.900000000000000000e+01 2.880227541883312981e+00 2.880227541883312981e+00 2.880227541883312981e+00 2.880227541883312981e+00
4.000000000000000000e+01 3.191702743009773968e+00 3.191702743009773968e+00 3.191702743009773968e+00 3.191702743009773968e+00
4.100000000000000000e+01 2.852350351442540344e+00 2.852350351442540344e+00 2.852350351442540344e+00 2.852350351442540344e+00
4.200000000000000000e+01 2.843012115715565447e+00 2.843012115715565447e+00 2.843012115715565447e+00 2.843012115715565447e+00
4.300000000000000000e+01 2.739733947859988916e+00 2.739733947859988916e+00 2.739733947859988916e+00 2.739733947859988916e+00
4.400000000000000000e+01 3.913137450760810321e+00 3.913137450760810321e+00 3.913137450760810321e+00 3.913137450760810321e+00
4.500000000000000000e+01 3.500393938774415847e+00 3.500393938774415847e+00 3.500393938774415847e+00 3.500393938774415847e+00
4.600000000000000000e+01 3.596901830206931550e+00 3.596901830206931550e+00 3.596901830206931550e+00 3.596901830206931550e+00
4.700000000000000000e+01 2.909495832987750052e+00 2.909495832987750052e+00 2.909495832987750052e+00 2.909495832987750052e+00
4.800000000000000000e+01 3.370068806643709891e+00 3.370068806643709891e+00 3.370068806643709891e+00 3.370068806643709891e+00
4.900000000000000000e+01 2.632202339786975376e+00 2.632202339786975376e+00 2.632202339786975376e+00 2.632202339786975376e+00
5.000000000000000000e+01 3.088159229428123265e+00 3.088159229428123265e+00 3.088159229428123265e+00 3.088159229428123265e+00
5.100000000000000000e+01 3.090895560859464375e+00 3.090895560859464375e+00 3.090895560859464375e+00 3.090895560859464375e+00
5.200000000000000000e+01 3.324409435271767688e+00 3.324409435271767688e+00 3.324409435271767688e+00 3.324409435271767688e+00
5.300000000000000000e+01 3.269993879939693482e+00 3.269993879939693482e+00 3.269993879939693482e+00 3.269993879939693482e+00
5.400000000000000000e+01 3.881068602546704494e+00 3.881068602546704494e+00 3.881068602546704494e+00 3.881068602546704494e+00
5.500000000000000000e+01 3.683874955106299698e+00 3.683874955106299698e+00 3.683874955106299698e+00 3.683874955106299698e+00
5.600000000000000000e+01 4.570836621516870757e+00 4.570836621516870757e+00 4.570836621516870757e+00 4.570836621516870757e+00
5.700000000000000000e+01 4.197980524379106626e+00 4.197980524379106626e+00 4.197980524379106626e+00 4.197980524379106626e+00
5.800000000000000000e+01 4.174943329557884830e+00 4.174943329557884830e+00 4.174943329557884830e+00 4.174943329557884830e+00
5.900000000000000000e+01 4.180776214399116952e+00 4.180776214399116952e+00 4.180776214399116952e+00 4.180776214399116952e+00
6.000000000000000000e+01 4.019332130620227872e+00 4.019332130620227872e+00 4.019332130620227872e+00 4.019332130620227872e+00
6.100000000000000000e+01 3.649385100038720520e+00 3.649385100038720520e+00 3.649385100038720520e+00 3.649385100038720520e+00
6.200000000000000000e+01 3.716482129226750253e+00 3.716482129226750253e+00 3.716482129226750253e+00 3.716482129226750253e+00
6.300000000000000000e+01 3.538201584243736431e+00 3.538201584243736431e+00 3.538201584243736431e+00 3.538201584243736431e+00
6.400000000000000000e+01 3.504135647307599299e+00 3.504135647307599299e+00 3.504135647307599299e+00 3.504135647307599299e+00
6.500000000000000000e+01 3.326684740016920383e+00 3.326684740016920383e+00 3.326684740016920383e+00 3.326684740016920383e+00
6.600000000000000000e+01 2.742342664751627801e+00 2.742342664751627801e+00 2.742342664751627801e+00 2.742342664751627801e+00
6.700000000000000000e+01 3.507049108055333431e+00 3.507049108055333431e+00 3.507049108055333431e+00 3.507049108055333431e+00
6.800000000000000000e+01 3.581864524789792004e+00 3.581864524789792004e+00 3.581864524789792004e+00 3.581864524789792004e+00
6.900000000000000000e+01 3.397446821167395381e+00 3.397446821167395381e+00 3.397446821167395381e+00 3.397446821167395381e+00
7.000000000000000000e+01 3.666463675762904550e+00 3.666463675762904550e+00 3.666463675762904550e+00 3.666463675762904550e+00
7.100000000000000000e+01 3.427329580743109894e+00 3.427329580743109894e+00 3.427329580743109894e+00 3.427329580743109894e+00
7.200000000000000000e+01 3.700641228859358645e+00 3.700641228859358645e+00 3.700641228859358645e+00 3.700641228859358645e+00
7.300000000000000000e+01 4.425777548895275082e+00 4.425777548895275082e+00 4.425777548895275082e+00 4.425777548895275082e+00
7.400000000000000000e+01 4.408518640645007203e+00 4.408518640645007203e+00 4.408518640645007203e+00 4.408518640645007203e+00
7.500000000000000000e+01 4.371012891129856470e+00 4.371012891129856470e+00 4.371012891129856470e+00 4.371012891129856470e+00
7.600000000000000000e+01 4.224892359548006127e+00 4.224892359548006127e+00 4.224892359548006127e+00 4.224892359548006127e+00
7.700000000000000000e+01 3.617525401814289943e+00 3.617525401814289943e+00 3.617525401814289943e+00 3.617525401814289943e+00
7.800000000000000000e+01 4.562799540254421693e+00 4.562799540254421693e+00 4.562799540254421693e+00 4.562799540254421693e+00
7.900000000000000000e+01 4.146054973077342609e+00 4.146054973077342609e+00 4.146054973077342609e+00 4.146054973077342609e+00
8.000000000000000000e+01 3.972669102389326579e+00 3.972669102389326579e+00 3.972669102389326579e+00 3.972669102389326579e+00
8.100000000000000000e+01 4.116223179664658005e+00 4.116223179664658005e+00 4.116223179664658005e+00 4.116223179664658005e+00
8.200000000000000000e+01 4.561383869491224985e+00 4.561383869491224985e+00 4.561383869491224985e+00 4.561383869491224985e+00
8.300000000000000000e+01 4.650215705250152709e+00 4.650215705250152709e+00 4.650215705250152709e+00 4.650215705250152709e+00
8.400000000000000000e+01 4.125731239677591589e+00 4.125731239677591589e+00 4.125731239677591589e+00 4.125731239677591589e+00
8.500000000000000000e+01 3.377059462251947863e+00 3.377059462251947863e+00 3.377059462251947863e+00 3.377059462251947863e+00
8.600000000000000000e+01 2.775569277952188330e+00 2.775569277952188330e+00 2.775569277952188330e+00 2.775569277952188330e+00
8.700000000000000000e+01 2.193798619673732908e+00 2.193798619673732908e+00 2.193798619673732908e+00 2.193798619673732908e+00
8.800000000000000000e+01 2.711094773402407121e+00 2.711094773402407121e+00 2.711094773402407121e+00 2.711094773402407121e+00
8.900000000000000000e+01 3.231021140184171969e+00 3.231021140184171969e+00 3.231021140184171969e+00 3.231021140184171969e+00
9.000000000000000000e+01 3.054610642620306571e+00 3.054610642620306571e+00 3.054610642620306571e+00 3.054610642620306571e+00
9.100000000000000000e+01 4.227766052580161471e+00 4.227766052580161471e+00 4.227766052580161471e+00 4.227766052580161471e+00
9.200000000000000000e+01 4.498885591797797900e+00 4.498885591797797900e+00 4.498885591797797900e+00 4.498885591797797900e+00
9.300000000000000000e+01 4.253471844202688423e+00 4.253471844202688423e+00 4.253471844202688423e+00 4.253471844202688423e+00
9.400000000000000000e+01 4.303068222871561765e+00 4.303068222871561765e+00 4.303068222871561765e+00 4.303068222871561765e+00
9.500000000000000000e+01 3.688813451523019094e+00 3.688813451523019094e+00 3.688813451523019094e+00 3.688813451523019094e+00
9.600000000000000000e+01 3.679921505434616602e+00 3.679921505434616602e+00 3.679921505434616602e+00 3.679921505434616602e+00
9.700000000000000000e+01 3.025669030534242854e+00 3.025669030534242854e+00 3.025669030534242854e+00 3.025669030534242854e+00
9.800000000000000000e+01 2.395185172196546475e+00 2.395185172196546475e+00 2.395185172196546475e+00 2.395185172196546475e+00
9.900000000000000000e+01 3.056312704125123236e+00 3.056312704125123236e+00 3.056312704125123236e+00 3.056312704125123236e+00
