0.000000000000000000e+00 -2.468272100464921959e+00 -2.468272100464921959e+00 -2.468272100464921959e+00 -2.468272100464921959e+00
1.000000000000000000e+00 -1.803473875763998535e+00 -1.803473875763998535e+00 -1.803473875763998535e+00 -1.803473875763998535e+00
2.000000000000000000e+00 -1.461644922404929492e+00 -1.461644922404929492e+00 -1.461644922404929492e+00 -1.461644922404929492e+00
3.000000000000000000e+00 -2.561889134481407648e+00 -2.561889134481407648e+00 -2.561889134481407648e+00 -2.561889134481407648e+00
4.000000000000000000e+00 -1.059172447934153105e+00 -1.059172447934153105e+00 -1.059172447934153105e+00 -1.059172447934153105e+00
5.000000000000000000e+00 -2.380337539558216586e-01 -2.380337539558216586e-01 -2.380337539558216586e-01 -2.380337539558216586e-01
6.000000000000000000e+00 1.992002525191880757e-01 1.992002525191880757e-01 1.992002525191880757e-01 1.992002525191880757e-01
7.000000000000000000e+00 7.919192674404710308e-01 7.919192674404710308e-01 7.919192674404710308e-01 7.919192674404710308e-01
8.000000000000000000e+00 1.152110723894240740e+00 1.152110723894240740e+00 1.152110723894240740e+00 1.152110723894240740e+00
9.000000000000000000e+00 1.640320907377312398e+00 1.640320907377312398e+00 1.640320907377312398e+00 1.640320907377312398e+00
1.000000000000000000e+01 1.625861864531312762e+00 1.625861864531312762e+00 1.625861864531312762e+00 1.625861864531312762e+00
1.100000000000000000e+01 2.237289764897552047e+00 2.237289764897552047e+00 2.237289764897552047e+00 2.237289764897552047e+00
1.200000000000000000e+01 2.410131936996079638e+00 2.410131936996079638e+00 2.410131936996079638e+00 2.410131936996079638e+00
1.300000000000000000e+01 2.842267081580804877e+00 2.842267081580804877e+00 2.842267081580804877e+00 2.842267081580804877e+00
1.400000000000000000e+01 3.000580120099796133e+00 3.000580120099796133e+00 3.000580120099796133e+00 3.000580120099796133e+00
1.500000000000000000e+01 3.114571664219353941e+00 3.114571664219353941e+00 3.114571664219353941e+00 3.114571664219353941e+00
1.600000000000000000e+01 3.288138228575206767e+00 3.288138228575206767e+00 3.288138228575206767e+00 3.288138228575206767e+00
1.700000000000000000e+01 3.082606430535652198e+00 3.082606430535652198e+00 3.082606430535652198e+00 3.082606430535652198e+00
1.800000000000000000e+01 2.472273981852699087e+00 2.472273981852699087e+00 2.472273981852699087e+00 2.472273981852699087e+00
1.900000000000000000e+01 2.733508684442806480e+00 2.733508684442806480e+00 2.733508684442806480e+00 2.733508684442806480e+00
2.000000000000000000e+01 2.324443504643205483e+00 2.324443504643205483e+00 2.324443504643205483e+00 2.324443504643205483e+00
2.100000000000000000e+01 2.724284002638361901e+00 2.724284002638361901e+00 2.724284002638361901e+00 2.724284002638361901e+00
2.200000000000000000e+01 2.407123224548090690e+00 2.407123224548090690e+00 2.407123224548090690e+00 2.407123224548090690e+00
2.300000000000000000e+01 2.501740179711306133e+00 2.501740179711306133e+00 2.501740179711306133e+00 2.501740179711306133e+00
2.400000000000000000e+01 3.038398749599913629e+00 3.038398749599913629e+00 3.038398749599913629e+00 3.038398749599913629e+00
2.500000000000000000e+01 3.411324616597540160e+00 3.411324616597540160e+00 3.411324616597540160e+00 3.411324616597540160e+00
2.600000000000000000e+01 3.834826622736703161e+00 3.834826622736703161e+00 3.834826622736703161e+00 3.834826622736703161e+00
2.700000000000000000e+01 4.183743145072417846e+00 4.183743145072417846e+00 4.183743145072417846e+00 4.183743145072417846e+00
2.800000000000000000e+01 3.756125481936781085e+00 3.756125481936781085e+00 3.756125481936781085e+00 3.756125481936781085e+00
2.900000000000000000e+01 3.446587991189355993e+00 3.446587991189355993e+00 3.446587991189355993e+00 3.446587991189355993e+00
3.000000000000000000e+01 3.107078665665949480e+00 3.107078665665949480e+00 3.107078665665949480e+00 3.107078665665949480e+00
3.100000000000000000e+01 2.876097150681992787e+00 2.876097150681992787e+00 2.876097150681992787e+00 2.876097150681992787e+00
3.200000000000000000e+01 3.111453372398513828e+00 3.111453372398513828e+00 3.111453372398513828e+00 3.111453372398513828e+00
3.300000000000000000e+01 3.609935455492924383e+00 3.609935455492924383e+00 3.609935455492924383e+00 3.609935455492924383e+00
3.400000000000000000e+01 3.943665186726827976e+00 3.943665186726827976e+00 3.943665186726827976e+00 3.943665186726827976e+00
3.500000000000000000e+01 4.343816094836449260e+00 4.343816094836449260e+00 4.343816094836449260e+00 4.343816094836449260e+00
3.600000000000000000e+01 4.406336272507296314e+00 4.406336272507296314e+00 4.406336272507296314e+00 4.406336272507296314e+00
3.700000000000000000e+01 4.593360469175089555e+00 4.593360469175089555e+00 4.593360469175089555e+00 4.593360469175089555e+00
3.800000000000000000e+01 4.268164269664393551e+00 4.268164269664393551e+00 4.268164269664393551e+00 4.268164269664393551e+00
3.900000000000000000e+01 4.130048019474530818e+00 4.130048019474530818e+00 4.130048019474530818e+00 4.130048019474530818e+00
4.000000000000000000e+01 3.968286176635324569e+00 3.968286176635324569e+00 3.968286176635324569e+00 3.968286176635324569e+00
4.100000000000000000e+01 3.894207172227354352e+00 3.894207172227354352e+00 3.894207172227354352e+00 3.894207172227354352e+00
4.200000000000000000e+01 3.769288452739525397e+00 3.769288452739525397e+00 3.769288452739525397e+00 3.769288452739525397e+00
4.300000000000000000e+01 3.645735852188903614e+00 3.645735852188903614e+00 3.645735852188903614e+00 3.645735852188903614e+00
4.400000000000000000e+01 4.062422052142014017e+00 4.062422052142014017e+00 4.062422052142014017e+00 4.062422052142014017e+00
4.500000000000000000e+01 3.980031466125942163e+00 3.980031466125942163e+00 3.980031466125942163e+00 3.980031466125942163e+00
4.600000000000000000e+01 4.715955533185909765e+00 4.715955533185909765e+00 4.715955533185909765e+00 4.715955533185909765e+00
4.700000000000000000e+01 5.092564120585705290e+00 5.092564120585705290e+00 5.092564120585705290e+00 5.092564120585705290e+00
4.800000000000000000e+01 5.424910697090182587e+00 5.424910697090182587e+00 5.424910697090182587e+00 5.424910697090182587e+00
4.900000000000000000e+01 5.546805540210545615e+00 5.546805540210545615e+00 5.546805540210545615e+00 5.546805540210545615e+00
5.000000000000000000e+01 5.536993008035709707e+00 5.536993008035709707e+00 5.536993008035709707e+00 5.536993008035709707e+00
5.100000000000000000e+01 5.485230247398712677e+00 5.485230247398712677e+00 5.485230247398712677e+00 5.485230247398712677e+00
5.200000000000000000e+01 5.565512624166139233e+00 5.565512624166139233e+00 5.565512624166139233e+00 5.565512624166139233e+00
5.300000000000000000e+01 5.623875773499610098e+00 5.623875773499610098e+00 5.623875773499610098e+00 5.623875773499610098e+00
5.400000000000000000e+01 5.829109991158104798e+00 5.829109991158104798e+00 5.829109991158104798e+00 5.829109991158104798e+00
5.500000000000000000e+01 5.858966766310510721e+00 5.858966766310510721e+00 5.858966766310510721e+00 5.858966766310510721e+00
5.600000000000000000e+01 6.057313847672776141e+00 6.057313847672776141e+00 6.057313847672776141e+00 6.057313847672776141e+00
5.700000000000000000e+01 6.222523746986187376e+00 6.222523746986187376e+00 6.222523746986187376e+00 6.222523746986187376e+00
5.800000000000000000e+01 5.574501739752581564e+00 5.574501739752581564e+00 5.574501739752581564e+00 5.574501739752581564e+00
5.900000000000000000e+01 5.637753046517977928e+00 5.637753046517977928e+00 5.637753046517977928e+00 5.637753046517977928e+00
6.000000000000000000e+01 4.813998379524621285e+00 4.813998379524621285e+00 4.813998379524621285e+00 4.813998379524621285e+00
6.100000000000000000e+01 4.188242571987466967e+00 4.188242571987466967e+00 4.188242571987466967e+00 4.188242571987466967e+00
6.200000000000000000e+01 4.228855274108197726e+00 4.228855274108197726e+00 4.228855274108197726e+00 4.228855274108197726e+00
6.300000000000000000e+01 4.859030243555882755e+00 4.859030243555882755e+00 4.859030243555882755e+00 4.859030243555882755e+00
6.400000000000000000e+01 5.603333237587023063e+00 5.603333237587023063e+00 5.603333237587023063e+00 5.603333237587023063e+00
6.500000000000000000e+01 6.107872240798826624e+00 6.107872240798826624e+00 6.107872240798826624e+00 6.107872240798826624e+00
6.600000000000000000e+01 7.020681209849493953e+00 7.020681209849493953e+00 7.020681209849493953e+00 7.020681209849493953e+00
6.700000000000000000e+01 7.115139446133047052e+00 7.115139446133047052e+00 7.115139446133047052e+00 7.115139446133047052e+00
6.800000000000000000e+01 7.500641444042818407e+00 7.500641444042818407e+00 7.500641444042818407e+00 7.500641444042818407e+00
6.900000000000000000e+01 7.474064450316348029e+00 7.474064450316348029e+00 7.474064450316348029e+00 7.474064450316348029e+00
7.000000000000000000e+01 7.513128132109725854e+00 7.513128132109725854e+00 7.513128132109725854e+00 7.513128132109725854e+00
7.100000000000000000e+01 7.141850748234371160e+00 7.141850748234371160e+00 7.141850748234371160e+00 7.141850748234371160e+00
7.200000000000000000e+01 7.347248855819350055e+00 7.347248855819350055e+00 7.347248855819350055e+00 7.347248855819350055e+00
7.300000000000000000e+01 7.298186537088231063e+00 7.298186537088231063e+00 7.298186537088231063e+00 7.298186537088231063e+00
7.400000000000000000e+01 7.818763934602371179e+00 7.818763934602371179e+00 7.818763934602371179e+00 7.818763934602371179e+00
7.500000000000000000e+01 8.031054237909554416e+00 8.031054237909554416e+00 8.031054237909554416e+00 8.031054237909554416e+00
7.600000000000000000e+01 7.958832225414245620e+00 7.958832225414245620e+00 7.958832225414245620e+00 7.958832225414245620e+00
7.700000000000000000e+01 7.446552905898198738e+00 7.446552905898198738e+00 7.446552905898198738e+00 7.446552905898198738e+00
7.800000000000000000e+01 6.359225815136569260e+00 6.359225815136569260e+00 6.359225815136569260e+00 6.359225815136569260e+00
7.900000000000000000e+01 5.951640177360377315e+00 5.951640177360377315e+00 5.951640177360377315e+00 5.951640177360377315e+00
8.000000000000000000e+01 5.838105931063454435e+00 5.838105931063454435e+00 5.838105931063454435e+00 5.838105931063454435e+00
8.100000000000000000e+01 5.647032848475381783e+00 5.647032848475381783e+00 5.647032848475381783e+00 5.647032848475381783e+00
8.200000000000000000e+01 5.909688560956589676e+00 5.909688560956589676e+00 5.909688560956589676e+00 5.909688560956589676e+00
8.300000000000000000e+01 6.226185943136725243e+00 6.226185943136725243e+00 6.226185943136725243e+00 6.226185943136725243e+00
8.400000000000000000e+01 6.625880590705378381e+00 6.625880590705378381e+00 6.625880590705378381e+00 6.625880590705378381e+00
8.500000000000000000e+01 6.915672658157852482e+00 6.915672658157852482e+00 6.915672658157852482e+00 6.915672658157852482e+00
8.600000000000000000e+01 7.009644362161367326e+00 7.009644362161367326e+00 7.009644362161367326e+00 7.009644362161367326e+00
8.700000000000000000e+01 7.160138354503086333e+00 7.160138354503086333e+00 7.160138354503086333e+00 7.160138354503086333e+00
8.800000000000000000e+01 6.619315293260473965e+00 6.619315293260473965e+00 6.619315293260473965e+00 6.619315293260473965e+00
8.900000000000000000e+01 6.379537655460281620e+00 6.379537655460281620e+00 6.379537655460281620e+00 6.379537655460281620e+00
9.000000000000000000e+01 5.963428529979454495e+00 5.963428529979454495e+00 5.963428529979454495e+00 5.963428529979454495e+00
9.100000000000000000e+01 5.615797897791227733e+00 5.615797897791227733e+00 5.615797897791227733e+00 5.615797897791227733e+00
9.200000000000000000e+01 5.640815780776525123e+00 5.640815780776525123e+00 5.640815780776525123e+00 5.640815780776525123e+00
9.300000000000000000e+01 5.678808113063182006e+00 5.678808113063182006e+00 5.678808113063182006e+00 5.678808113063182006e+00
9.400000000000000000e+01 5.829727358173371954e+00 5.829727358173371954e+00 5.829727358173371954e+00 5.829727358173371954e+00
9.500000000000000000e+01 5.539523332203595274e+00 5.539523332203595274e+00 5.539523332203595274e+00 5.539523332203595274e+00
9.600000000000000000e+01 5.075839680863881931e+00 5.075839680863881931e+00 5.075839680863881931e+00 5.075839680863881931e+00
9.700000000000000000e+01 4.928839538016954513e+00 4.928839538016954513e+00 4.928839538016954513e+00 4.928839538016954513e+00
9.800000000000000000e+01 4.508786593802658338e+00 4.508786593802658338e+00 4.508786593802658338e+00 4.508786593802658338e+00
