0.000000000000000000e+00 6.663432101564251475e+00 6.663432101564251475e+00 6.663432101564251475e+00 6.663432101564251475e+00
1.000000000000000000e+00 -5.379457425410669874e-02 -5.379457425410669874e-02 -5.379457425410669874e-02 -5.379457425410669874e-02
2.000000000000000000e+00 -1.091463805289767164e+00 -1.091463805289767164e+00 -1.091463805289767164e+00 -1.091463805289767164e+00
3.000000000000000000e+00 4.952938046948399120e-01 4.952938046948399120e-01 4.952938046948399120e-01 4.952938046948399120e-01
4.000000000000000000e+00 -3.589648698933574966e+00 -3.589648698933574966e+00 -3.589648698933574966e+00 -3.589648698933574966e+00
5.000000000000000000e+00 -1.035698425520266852e+01 -1.035698425520266852e+01 -1.035698425520266852e+01 -1.035698425520266852e+01
6.000000000000000000e+00 -7.658769318620929134e+00 -7.658769318620929134e+00 -7.658769318620929134e+00 -7.658769318620929134e+00
7.000000000000000000e+00 -8.601272164306241308e+00 -8.601272164306241308e+00 -8.601272164306241308e+00 -8.601272164306241308e+00
8.000000000000000000e+00 4.929067346848218789e-01 4.929067346848218789e-01 4.929067346848218789e-01 4.929067346848218789e-01
9.000000000000000000e+00 -2.059913954472937236e-01 -2.059913954472937236e-01 -2.059913954472937236e-01 -2.059913954472937236e-01
1.000000000000000000e+01 -2.035828579187000109e+00 -2.035828579187000109e+00 -2.035828579187000109e+00 -2.035828579187000109e+00
1.100000000000000000e+01 -1.335737331020142804e+00 -1.335737331020142804e+00 -1.335737331020142804e+00 -1.335737331020142804e+00
1.200000000000000000e+01 1.117095533832367815e+00 1.117095533832367815e+00 1.117095533832367815e+00 1.117095533832367815e+00
1.300000000000000000e+01 3.370293199672987683e+00 3.370293199672987683e+00 3.370293199672987683e+00 3.370293199672987683e+00
1.400000000000000000e+01 5.326736634222679179e+00 5.326736634222679179e+00 5.326736634222679179e+00 5.326736634222679179e+00
1.500000000000000000e+01 6.376610557485925312e+00 6.376610557485925312e+00 6.376610557485925312e+00 6.376610557485925312e+00
1.600000000000000000e+01 8.010750455269445069e+00 8.010750455269445069e+00 8.010750455269445069e+00 8.010750455269445069e+00
1.700000000000000000e+01 8.079641316320332223e+00 8.079641316320332223e+00 8.079641316320332223e+00 8.079641316320332223e+00
1.800000000000000000e+01 1.075630748277730930e+01 1.075630748277730930e+01 1.075630748277730930e+01 1.075630748277730930e+01
1.900000000000000000e+01 9.790289479374521875e+00 9.790289479374521875e+00 9.790289479374521875e+00 9.790289479374521875e+00
2.000000000000000000e+01 1.026213766512026915e+01 1.026213766512026915e+01 1.026213766512026915e+01 1.026213766512026915e+01
2.100000000000000000e+01 9.360269726324597528e+00 9.360269726324597528e+00 9.360269726324597528e+00 9.360269726324597528e+00
2.200000000000000000e+01 7.038629224006786700e+00 7.038629224006786700e+00 7.038629224006786700e+00 7.038629224006786700e+00
2.300000000000000000e+01 -1.524802840773603174e+00 -1.524802840773603174e+00 -1.524802840773603174e+00 -1.524802840773603174e+00
2.400000000000000000e+01 -3.658978123114985159e+00 -3.658978123114985159e+00 -3.658978123114985159e+00 -3.658978123114985159e+00
2.500000000000000000e+01 -4.049428240582457761e+00 -4.049428240582457761e+00 -4.049428240582457761e+00 -4.049428240582457761e+00
2.600000000000000000e+01 -4.208007271172600205e+00 -4.208007271172600205e+00 -4.208007271172600205e+00 -4.208007271172600205e+00
2.700000000000000000e+01 3.038745171194897843e+00 3.038745171194897843e+00 3.038745171194897843e+00 3.038745171194897843e+00
2.800000000000000000e+01 2.017797569006874348e+00 2.017797569006874348e+00 2.017797569006874348e+00 2.017797569006874348e+00
2.900000000000000000e+01 1.061929263095739540e+00 1.061929263095739540e+00 1.061929263095739540e+00 1.061929263095739540e+00
3.000000000000000000e+01 -1.211409870754706741e+00 -1.211409870754706741e+00 -1.211409870754706741e+00 -1.211409870754706741e+00
3.100000000000000000e+01 5.834167712137952044e-01 5.834167712137952044e-01 5.834167712137952044e-01 5.834167712137952044e-01
3.200000000000000000e+01 3.948514645437209314e+00 3.948514645437209314e+00 3.948514645437209314e+00 3.948514645437209314e+00
3.300000000000000000e+01 7.843389330563102391e+00 7.843389330563102391e+00 7.843389330563102391e+00 7.843389330563102391e+00
3.400000000000000000e+01 9.770180252602450821e+00 9.770180252602450821e+00 9.770180252602450821e+00 9.770180252602450821e+00
3.500000000000000000e+01 1.112912897094934372e+01 1.112912897094934372e+01 1.112912897094934372e+01 1.112912897094934372e+01
3.600000000000000000e+01 1.222736025726947240e+01 1.222736025726947240e+01 1.222736025726947240e+01 1.222736025726947240e+01
3.700000000000000000e+01 1.185387582762190561e+01 1.185387582762190561e+01 1.185387582762190561e+01 1.185387582762190561e+01
3.800000000000000000e+01 1.435391751412704586e+01 1.435391751412704586e+01 1.435391751412704586e+01 1.435391751412704586e+01
3.900000000000000000e+01 1.352477977704081091e+01 1.352477977704081091e+01 1.352477977704081091e+01 1.352477977704081091e+01
4.000000000000000000e+01 1.237776598525964999e+01 1.237776598525964999e+01 1.237776598525964999e+01 1.237776598525964999e+01
4.100000000000000000e+01 6.222153084478595275e+00 6.222153084478595275e+00 6.222153084478595275e+00 6.222153084478595275e+00
4.200000000000000000e+01 2.696551043373242695e+00 2.696551043373242695e+00 2.696551043373242695e+00 2.696551043373242695e+00
4.300000000000000000e+01 2.413595983933447098e+00 2.413595983933447098e+00 2.413595983933447098e+00 2.413595983933447098e+00
4.400000000000000000e+01 1.504293090068024696e+00 1.504293090068024696e+00 1.504293090068024696e+00 1.504293090068024696e+00
4.500000000000000000e+01 9.367226376026531298e+00 9.367226376026531298e+00 9.367226376026531298e+00 9.367226376026531298e+00
4.600000000000000000e+01 6.277329757945000921e+00 6.277329757945000921e+00 6.277329757945000921e+00 6.277329757945000921e+00
4.700000000000000000e+01 2.855875368304037654e+00 2.855875368304037654e+00 2.855875368304037654e+00 2.855875368304037654e+00
4.800000000000000000e+01 8.969033882274644043e-01 8.969033882274644043e-01 8.969033882274644043e-01 8.969033882274644043e-01
4.900000000000000000e+01 5.408126324782589617e-02 5.408126324782589617e-02 5.408126324782589617e-02 5.408126324782589617e-02
5.000000000000000000e+01 2.449899913687064945e+00 2.449899913687064945e+00 2.449899913687064945e+00 2.449899913687064945e+00
5.100000000000000000e+01 4.744701942615096257e+00 4.744701942615096257e+00 4.744701942615096257e+00 4.744701942615096257e+00
5.200000000000000000e+01 6.015752968014560942e+00 6.015752968014560942e+00 6.015752968014560942e+00 6.015752968014560942e+00
5.300000000000000000e+01 9.890624914685727020e+00 9.890624914685727020e+00 9.890624914685727020e+00 9.890624914685727020e+00
5.400000000000000000e+01 1.220794630852153695e+01 1.220794630852153695e+01 1.220794630852153695e+01 1.220794630852153695e+01
5.500000000000000000e+01 1.276875739910468255e+01 1.276875739910468255e+01 1.276875739910468255e+01 1.276875739910468255e+01
5.600000000000000000e+01 1.488860542207911131e+01 1.488860542207911131e+01 1.488860542207911131e+01 1.488860542207911131e+01
5.700000000000000000e+01 1.375819773678931135e+01 1.375819773678931135e+01 1.375819773678931135e+01 1.375819773678931135e+01
5.800000000000000000e+01 1.152925933685204463e+01 1.152925933685204463e+01 1.152925933685204463e+01 1.152925933685204463e+01
5.900000000000000000e+01 9.366175549254132093e+00 9.366175549254132093e+00 9.366175549254132093e+00 9.366175549254132093e+00
6.000000000000000000e+01 6.635380445800383775e+00 6.635380445800383775e+00 6.635380445800383775e+00 6.635380445800383775e+00
6.100000000000000000e+01 9.882933363906005297e+00 9.882933363906005297e+00 9.882933363906005297e+00 9.882933363906005297e+00
6.200000000000000000e+01 1.662651222316119615e+01 1.662651222316119615e+01 1.662651222316119615e+01 1.662651222316119615e+01
6.300000000000000000e+01 1.437888947043319376e+01 1.437888947043319376e+01 1.437888947043319376e+01 1.437888947043319376e+01
6.400000000000000000e+01 1.071159782678453709e+01 1.071159782678453709e+01 1.071159782678453709e+01 1.071159782678453709e+01
6.500000000000000000e+01 8.811188002336999503e+00 8.811188002336999503e+00 8.811188002336999503e+00 8.811188002336999503e+00
6.600000000000000000e+01 5.022456386264589234e+00 5.022456386264589234e+00 5.022456386264589234e+00 5.022456386264589234e+00
6.700000000000000000e+01 3.738954492229103810e+00 3.738954492229103810e+00 3.738954492229103810e+00 3.738954492229103810e+00
6.800000000000000000e+01 2.752366761941078543e+00 2.752366761941078543e+00 2.752366761941078543e+00 2.752366761941078543e+00
6.900000000000000000e+01 3.622778211143406590e+00 3.622778211143406590e+00 3.622778211143406590e+00 3.622778211143406590e+00
7.000000000000000000e+01 4.585751649626456761e+00 4.585751649626456761e+00 4.585751649626456761e+00 4.585751649626456761e+00
7.100000000000000000e+01 4.759157099304263561e+00 4.759157099304263561e+00 4.759157099304263561e+00 4.759157099304263561e+00
7.200000000000000000e+01 6.376260463506812748e+00 6.376260463506812748e+00 6.376260463506812748e+00 6.376260463506812748e+00
7.300000000000000000e+01 9.335730196805460679e+00 9.335730196805460679e+00 9.335730196805460679e+00 9.335730196805460679e+00
7.400000000000000000e+01 9.922387067011062101e+00 9.922387067011062101e+00 9.922387067011062101e+00 9.922387067011062101e+00
7.500000000000000000e+01 6.130523787438755257e+00 6.130523787438755257e+00 6.130523787438755257e+00 6.130523787438755257e+00
7.600000000000000000e+01 8.447884048247741973e+00 8.447884048247741973e+00 8.447884048247741973e+00 8.447884048247741973e+00
7.700000000000000000e+01 1.307329549864636142e+01 1.307329549864636142e+01 1.307329549864636142e+01 1.307329549864636142e+01
7.800000000000000000e+01 1.501438412576799841e+01 1.501438412576799841e+01 1.501438412576799841e+01 1.501438412576799841e+01
7.900000000000000000e+01 1.782674658587700733e+01 1.782674658587700733e+01 1.782674658587700733e+01 1.782674658587700733e+01
8.000000000000000000e+01 1.310110136895836419e+01 1.310110136895836419e+01 1.310110136895836419e+01 1.310110136895836419e+01
8.100000000000000000e+01 1.574522384214415638e+01 1.574522384214415638e+01 1.574522384214415638e+01 1.574522384214415638e+01
8.200000000000000000e+01 1.207510251349505381e+01 1.207510251349505381e+01 1.207510251349505381e+01 1.207510251349505381e+01
8.300000000000000000e+01 9.295390803524123058e+00 9.295390803524123058e+00 9.295390803524123058e+00 9.295390803524123058e+00
8.400000000000000000e+01 9.018340064344808837e+00 9.018340064344808837e+00 9.018340064344808837e+00 9.018340064344808837e+00
8.500000000000000000e+01 9.097069314137192109e+00 9.097069314137192109e+00 9.097069314137192109e+00 9.097069314137192109e+00
8.600000000000000000e+01 9.370690693564471374e+00 9.370690693564471374e+00 9.370690693564471374e+00 9.370690693564471374e+00
8.700000000000000000e+01 1.076731603090601475e+01 1.076731603090601475e+01 1.076731603090601475e+01 1.076731603090601475e+01
8.800000000000000000e+01 1.085665586893758494e+01 1.085665586893758494e+01 1.085665586893758494e+01 1.085665586893758494e+01
8.900000000000000000e+01 4.645352596699464875e+00 4.645352596699464875e+00 4.645352596699464875e+00 4.645352596699464875e+00
9.000000000000000000e+01 2.200425488446463351e+00 2.200425488446463351e+00 2.200425488446463351e+00 2.200425488446463351e+00
9.100000000000000000e+01 1.793347840538585203e+00 1.793347840538585203e+00 1.793347840538585203e+00 1.793347840538585203e+00
9.200000000000000000e+01 1.979487570997420010e+00 1.979487570997420010e+00 1.979487570997420010e+00 1.979487570997420010e+00
9.300000000000000000e+01 6.279094100273095336e+00 6.279094100273095336e+00 6.279094100273095336e+00 6.279094100273095336e+00
9.400000000000000000e+01 1.298323089390014395e+01 1.298323089390014395e+01 1.298323089390014395e+01 1.298323089390014395e+01
9.500000000000000000e+01 1.103739518253437346e+01 1.103739518253437346e+01 1.103739518253437346e+01 1.103739518253437346e+01
9.600000000000000000e+01 8.337928387849961709e+00 8.337928387849961709e+00 8.337928387849961709e+00 8.337928387849961709e+00
9.700000000000000000e+01 8.344324200359407584e+00 8.344324200359407584e+00 8.344324200359407584e+00 8.344324200359407584e+00
9.800000000000000000e+01 9.676874438008011836e+00 9.676874438008011836e+00 9.676874438008011836e+00 9.676874438008011836e+00
9.900000000000000000e+01 1.055268553406260246e+01 1.055268553406260246e+01 1.055268553406260246e+01 1.055268553406260246e+01
