0.000000000000000000e+00 -2.503519510195264738e-02 -2.503519510195264738e-02 -2.503519510195264738e-02 -2.503519510195264738e-02
1.000000000000000000e+00 -1.972772325323050024e-01 -1.972772325323050024e-01 -1.972772325323050024e-01 -1.972772325323050024e-01
2.000000000000000000e+00 -3.232094952925371745e-01 -3.232094952925371745e-01 -3.232094952925371745e-01 -3.232094952925371745e-01
3.000000000000000000e+00 -4.047074580854078708e-03 -4.047074580854078708e-03 -4.047074580854078708e-03 -4.047074580854078708e-03
4.000000000000000000e+00 7.545041551356502715e-03 7.545041551356502715e-03 7.545041551356502715e-03 7.545041551356502715e-03
5.000000000000000000e+00 -1.359106407014507301e-01 -1.359106407014507301e-01 -1.359106407014507301e-01 -1.359106407014507301e-01
6.000000000000000000e+00 -1.018299235560901905e-01 -1.018299235560901905e-01 -1.018299235560901905e-01 -1.018299235560901905e-01
7.000000000000000000e+00 -2.605749868252090762e-01 -2.605749868252090762e-01 -2.605749868252090762e-01 -2.605749868252090762e-01
8.000000000000000000e+00 -3.180527504105635228e-01 -3.180527504105635228e-01 -3.180527504105635228e-01 -3.180527504105635228e-01
9.000000000000000000e+00 -2.832417254078001267e-01 -2.832417254078001267e-01 -2.832417254078001267e-01 -2.832417254078001267e-01
1.000000000000000000e+01 -1.717844205018223824e-01 -1.717844205018223824e-01 -1.717844205018223824e-01 -1.717844205018223824e-01
1.100000000000000000e+01 -2.139853694054436317e-01 -2.139853694054436317e-01 -2.139853694054436317e-01 -2.139853694054436317e-01
1.200000000000000000e+01 -1.130337475967805039e-01 -1.130337475967805039e-01 -1.130337475967805039e-01 -1.130337475967805039e-01
1.300000000000000000e+01 -3.595363080542714473e-01 -3.595363080542714473e-01 -3.595363080542714473e-01 -3.595363080542714473e-01
1.400000000000000000e+01 -7.904104931105600251e-02 -7.904104931105600251e-02 -7.904104931105600251e-02 -7.904104931105600251e-02
1.500000000000000000e+01 -2.050604822298132124e-01 -2.050604822298132124e-01 -2.050604822298132124e-01 -2.050604822298132124e-01
1.600000000000000000e+01 -2.964483358628965393e-01 -2.964483358628965393e-01 -2.964483358628965393e-01 -2.964483358628965393e-01
1.700000000000000000e+01 -1.731728361304495367e-01 -1.731728361304495367e-01 -1.731728361304495367e-01 -1.731728361304495367e-01
1.800000000000000000e+01 -3.098041777756894710e-01 -3.098041777756894710e-01 -3.098041777756894710e-01 -3.098041777756894710e-01
1.900000000000000000e+01 -1.809250069227855695e-01 -1.809250069227855695e-01 -1.809250069227855695e-01 -1.809250069227855695e-01
2.000000000000000000e+01 -2.665132368130988527e-01 -2.665132368130988527e-01 -2.665132368130988527e-01 -2.665132368130988527e-01
2.100000000000000000e+01 -1.979905907450506819e-01 -1.979905907450506819e-01 -1.979905907450506819e-01 -1.979905907450506819e-01
2.200000000000000000e+01 -6.266211389982408175e-02 -6.266211389982408175e-02 -6.266211389982408175e-02 -6.266211389982408175e-02
2.300000000000000000e+01 -1.135168361754594277e-02 -1.135168361754594277e-02 -1.135168361754594277e-02 -1.135168361754594277e-02
2.400000000000000000e+01 -1.894495034748249207e-01 -1.894495034748249207e-01 -1.894495034748249207e-01 -1.894495034748249207e-01
2.500000000000000000e+01 -2.622182544347939626e-01 -2.622182544347939626e-01 -2.622182544347939626e-01 -2.622182544347939626e-01
2.600000000000000000e+01 -1.576153592331828723e-01 -1.576153592331828723e-01 -1.576153592331828723e-01 -1.576153592331828723e-01
2.700000000000000000e+01 -2.175872412220552499e-01 -2.175872412220552499e-01 -2.175872412220552499e-01 -2.175872412220552499e-01
2.800000000000000000e+01 -2.603372774548037283e-01 -2.603372774548037283e-01 -2.603372774548037283e-01 -2.603372774548037283e-01
2.900000000000000000e+01 -6.516245060769899899e-02 -6.516245060769899899e-02 -6.516245060769899899e-02 -6.516245060769899899e-02
3.000000000000000000e+01 -3.057932680036537509e-01 -3.057932680036537509e-01 -3.057932680036537509e-01 -3.057932680036537509e-01
3.100000000000000000e+01 -4.954442244729245770e-02 -4.954442244729245770e-02 -4.954442244729245770e-02 -4.954442244729245770e-02
3.200000000000000000e+01 -1.908599927155398002e-01 -1.908599927155398002e-01 -1.908599927155398002e-01 -1.908599927155398002e-01
3.300000000000000000e+01 -4.167253929169016935e-01 -4.167253929169016935e-01 -4.167253929169016935e-01 -4.167253929169016935e-01
3.400000000000000000e+01 -1.700848819033574655e-01 -1.700848819033574655e-01 -1.700848819033574655e-01 -1.700848819033574655e-01
3.500000000000000000e+01 -2.105896613722946786e-01 -2.105896613722946786e-01 -2.105896613722946786e-01 -2.105896613722946786e-01
3.600000000000000000e+01 -2.831830754817139528e-01 -2.831830754817139528e-01 -2.831830754817139528e-01 -2.831830754817139528e-01
3.700000000000000000e+01 -2.350359534256151184e-01 -2.350359534256151184e-01 -2.350359534256151184e-01 -2.350359534256151184e-01
3.800000000000000000e+01 -5.525647316183618374e-01 -5.525647316183618374e-01 -5.525647316183618374e-01 -5.525647316183618374e-01
3.900000000000000000e+01 -1.443402894529614566e-01 -1.443402894529614566e-01 -1.443402894529614566e-01 -1.443402894529614566e-01
4.000000000000000000e+01 -3.223789390654048237e-01 -3.223789390654048237e-01 -3.223789390654048237e-01 -3.223789390654048237e-01
4.100000000000000000e+01 -2.538138260665519508e-01 -2.538138260665519508e-01 -2.538138260665519508e-01 -2.538138260665519508e-01
4.200000000000000000e+01 -2.428498772391931848e-01 -2.428498772391931848e-01 -2.428498772391931848e-01 -2.428498772391931848e-01
4.300000000000000000e+01 -3.155886357774758538e-02 -3.155886357774758538e-02 -3.155886357774758538e-02 -3.155886357774758538e-02
4.400000000000000000e+01 -1.924896037971668972e-01 -1.924896037971668972e-01 -1.924896037971668972e-01 -1.924896037971668972e-01
4.500000000000000000e+01 -3.670901004852608618e-01 -3.670901004852608618e-01 -3.670901004852608618e-01 -3.670901004852608618e-01
4.600000000000000000e+01 -7.725982628250739614e-02 -7.725982628250739614e-02 -7.725982628250739614e-02 -7.725982628250739614e-02
4.700000000000000000e+01 -2.401858704477852213e-01 -2.401858704477852213e-01 -2.401858704477852213e-01 -2.401858704477852213e-01
4.800000000000000000e+01 -3.434290504625828189e-01 -3.434290504625828189e-01 -3.434290504625828189e-01 -3.434290504625828189e-01
4.900000000000000000e+01 -7.798107865069413280e-02 -7.798107865069413280e-02 -7.798107865069413280e-02 -7.798107865069413280e-02
5.000000000000000000e+01 -2.757394658551816091e-01 -2.757394658551816091e-01 -2.757394658551816091e-01 -2.757394658551816091e-01
5.100000000000000000e+01 -1.163468817981281739e-01 -1.163468817981281739e-01 -1.163468817981281739e-01 -1.163468817981281739e-01
5.200000000000000000e+01 -1.068413984343064144e-01 -1.068413984343064144e-01 -1.068413984343064144e-01 -1.068413984343064144e-01
5.300000000000000000e+01 -2.199857014316244086e-01 -2.199857014316244086e-01 -2.199857014316244086e-01 -2.199857014316244086e-01
5.400000000000000000e+01 -1.438702274932165681e-01 -1.438702274932165681e-01 -1.438702274932165681e-01 -1.438702274932165681e-01
5.500000000000000000e+01 -1.697728099915260802e-01 -1.697728099915260802e-01 -1.697728099915260802e-01 -1.697728099915260802e-01
5.600000000000000000e+01 -7.916865827821259471e-02 -7.916865827821259471e-02 -7.916865827821259471e-02 -7.916865827821259471e-02
5.700000000000000000e+01 -1.144398649257441086e-01 -1.144398649257441086e-01 -1.144398649257441086e-01 -1.144398649257441086e-01
5.800000000000000000e+01 -1.544296717408681352e-01 -1.544296717408681352e-01 -1.544296717408681352e-01 -1.544296717408681352e-01
5.900000000000000000e+01 -8.298045379997194548e-02 -8.298045379997194548e-02 -8.298045379997194548e-02 -8.298045379997194548e-02
6.000000000000000000e+01 -4.249027401114720548e-01 -4.249027401114720548e-01 -4.249027401114720548e-01 -4.249027401114720548e-01
6.100000000000000000e+01 -1.343777891459827234e-01 -1.343777891459827234e-01 -1.343777891459827234e-01 -1.343777891459827234e-01
6.200000000000000000e+01 -2.663891912461778255e-01 -2.663891912461778255e-01 -2.663891912461778255e-01 -2.663891912461778255e-01
6.300000000000000000e+01 -1.740779893667525613e-01 -1.740779893667525613e-01 -1.740779893667525613e-01 -1.740779893667525613e-01
6.400000000000000000e+01 -2.698074268031833145e-01 -2.698074268031833145e-01 -2.698074268031833145e-01 -2.698074268031833145e-01
6.500000000000000000e+01 -3.095042301165006338e-01 -3.095042301165006338e-01 -3.095042301165006338e-01 -3.095042301165006338e-01
6.600000000000000000e+01 -2.534229474117073444e-01 -2.534229474117073444e-01 -2.534229474117073444e-01 -2.534229474117073444e-01
6.700000000000000000e+01 -3.627517000804160174e-01 -3.627517000804160174e-01 -3.627517000804160174e-01 -3.627517000804160174e-01
6.800000000000000000e+01 -7.308462674673912168e-03 -7.308462674673912168e-03 -7.308462674673912168e-03 -7.308462674673912168e-03
6.900000000000000000e+01 -4.370675141596899738e-01 -4.370675141596899738e-01 -4.370675141596899738e-01 -4.370675141596899738e-01
7.000000000000000000e+01 -2.738850136315542638e-01 -2.738850136315542638e-01 -2.738850136315542638e-01 -2.738850136315542638e-01
7.100000000000000000e+01 1.397939928783567196e-02 1.397939928783567196e-02 1.397939928783567196e-02 1.397939928783567196e-02
7.200000000000000000e+01 -2.145492400749250128e-01 -2.145492400749250128e-01 -2.145492400749250128e-01 -2.145492400749250128e-01
7.300000000000000000e+01 -2.888465446217873822e-01 -2.888465446217873822e-01 -2.888465446217873822e-01 -2.888465446217873822e-01
7.400000000000000000e+01 -3.869373549869281059e-01 -3.869373549869281059e-01 -3.869373549869281059e-01 -3.869373549869281059e-01
7.500000000000000000e+01 -1.653866397395635859e-02 -1.653866397395635859e-02 -1.653866397395635859e-02 -1.653866397395635859e-02
7.600000000000000000e+01 -2.420228327970674054e-01 -2.420228327970674054e-01 -2.420228327970674054e-01 -2.420228327970674054e-01
7.700000000000000000e+01 -2.375193817602467561e-01 -2.375193817602467561e-01 -2.375193817602467561e-01 -2.375193817602467561e-01
7.800000000000000000e+01 -2.990043806560192530e-01 -2.990043806560192530e-01 -2.990043806560192530e-01 -2.990043806560192530e-01
7.900000000000000000e+01 -2.819050389279357804e-01 -2.819050389279357804e-01 -2.819050389279357804e-01 -2.819050389279357804e-01
8.000000000000000000e+01 -9.088343280263817825e-02 -9.088343280263817825e-02 -9.088343280263817825e-02 -9.088343280263817825e-02
8.100000000000000000e+01 -3.118437658983877481e-01 -3.118437658983877481e-01 -3.118437658983877481e-01 -3.118437658983877481e-01
8.200000000000000000e+01 -2.981234230256526313e-02 -2.981234230256526313e-02 -2.981234230256526313e-02 -2.981234230256526313e-02
8.300000000000000000e+01 -2.862890982045008248e-01 -2.862890982045008248e-01 -2.862890982045008248e-01 -2.862890982045008248e-01
8.400000000000000000e+01 -4.545506905517585072e-01 -4.545506905517585072e-01 -4.545506905517585072e-01 -4.545506905517585072e-01
8.500000000000000000e+01 -2.500968717171030975e-01 -2.500968717171030975e-01 -2.500968717171030975e-01 -2.500968717171030975e-01
8.600000000000000000e+01 -1.540970590896459935e-01 -1.540970590896459935e-01 -1.540970590896459935e-01 -1.540970590896459935e-01
8.700000000000000000e+01 -9.018938677031357321e-02 -9.018938677031357321e-02 -9.018938677031357321e-02 -9.018938677031357321e-02
8.800000000000000000e+01 -1.890104477180471754e-01 -1.890104477180471754e-01 -1.890104477180471754e-01 -1.890104477180471754e-01
8.900000000000000000e+01 -1.385688808746784843e-02 -1.385688808746784843e-02 -1.385688808746784843e-02 -1.385688808746784843e-02
9.000000000000000000e+01 -1.092126831602657777e-01 -1.092126831602657777e-01 -1.092126831602657777e-01 -1.092126831602657777e-01
9.100000000000000000e+01 -2.625864079896542136e-01 -2.625864079896542136e-01 -2.625864079896542136e-01 -2.625864079896542136e-01
9.200000000000000000e+01 -3.414121140015175665e-02 -3.414121140015175665e-02 -3.414121140015175665e-02 -3.414121140015175665e-02
9.300000000000000000e+01 -3.188315612482575667e-01 -3.188315612482575667e-01 -3.188315612482575667e-01 -3.188315612482575667e-01
9.400000000000000000e+01 -3.820339629836374540e-01 -3.820339629836374540e-01 -3.820339629836374540e-01 -3.820339629836374540e-01
9.500000000000000000e+01 1.874818540500957156e-02 1.874818540500957156e-02 1.874818540500957156e-02 1.874818540500957156e-02
9.600000000000000000e+01 -1.055184226089766891e-01 -1.055184226089766891e-01 -1.055184226089766891e-01 -1.055184226089766891e-01
9.700000000000000000e+01 -2.339802973396130636e-01 -2.339802973396130636e-01 -2.339802973396130636e-01 -2.339802973396130636e-01
9.800000000000000000e+01 -1.113405195861500857e-01 -1.113405195861500857e-01 -1.113405195861500857e-01 -1.113405195861500857e-01
