0.000000000000000000e+00 -7.249412641766034282e-01 -7.249412641766034282e-01 -7.249412641766034282e-01 -7.249412641766034282e-01
1.000000000000000000e+00 -1.151854744092491112e+00 -1.151854744092491112e+00 -1.151854744092491112e+00 -1.151854744092491112e+00
2.000000000000000000e+00 -8.540167253509050038e-01 -8.540167253509050038e-01 -8.540167253509050038e-01 -8.540167253509050038e-01
3.000000000000000000e+00 -4.947722945713177167e-01 -4.947722945713177167e-01 -4.947722945713177167e-01 -4.947722945713177167e-01
4.000000000000000000e+00 -4.391964613372766890e-01 -4.391964613372766890e-01 -4.391964613372766890e-01 -4.391964613372766890e-01
5.000000000000000000e+00 -3.328402231437049830e-01 -3.328402231437049830e-01 -3.328402231437049830e-01 -3.328402231437049830e-01
6.000000000000000000e+00 -1.530707911979817260e-01 -1.530707911979817260e-01 -1.530707911979817260e-01 -1.530707911979817260e-01
7.000000000000000000e+00 -5.291694056284183822e-02 -5.291694056284183822e-02 -5.291694056284183822e-02 -5.291694056284183822e-02
8.000000000000000000e+00 -4.920887597261377339e-02 -4.920887597261377339e-02 -4.920887597261377339e-02 -4.920887597261377339e-02
9.000000000000000000e+00 -1.909765964870764332e-01 -1.909765964870764332e-01 -1.909765964870764332e-01 -1.909765964870764332e-01
1.000000000000000000e+01 3.792425185321884884e-03 3.792425185321884884e-03 3.792425185321884884e-03 3.792425185321884884e-03
1.100000000000000000e+01 1.403682521884003775e-01 1.403682521884003775e-01 1.403682521884003775e-01 1.403682521884003775e-01
1.200000000000000000e+01 -2.132739032987370636e-02 -2.132739032987370636e-02 -2.132739032987370636e-02 -2.132739032987370636e-02
1.300000000000000000e+01 1.377921789230890648e-01 1.377921789230890648e-01 1.377921789230890648e-01 1.377921789230890648e-01
1.400000000000000000e+01 3.460442304431561866e-01 3.460442304431561866e-01 3.460442304431561866e-01 3.460442304431561866e-01
1.500000000000000000e+01 2.216306195032795578e-01 2.216306195032795578e-01 2.216306195032795578e-01 2.216306195032795578e-01
1.600000000000000000e+01 -8.276751163992414340e-02 -8.276751163992414340e-02 -8.276751163992414340e-02 -8.276751163992414340e-02
1.700000000000000000e+01 5.639454793169677849e-02 5.639454793169677849e-02 5.639454793169677849e-02 5.639454793169677849e-02
1.800000000000000000e+01 8.393558549887955231e-03 8.393558549887955231e-03 8.393558549887955231e-03 8.393558549887955231e-03
1.900000000000000000e+01 8.271419148224408435e-02 8.271419148224408435e-02 8.271419148224408435e-02 8.271419148224408435e-02
2.000000000000000000e+01 -1.555945610321710915e-01 -1.555945610321710915e-01 -1.555945610321710915e-01 -1.555945610321710915e-01
2.100000000000000000e+01 5.434348653838916993e-02 5.434348653838916993e-02 5.434348653838916993e-02 5.434348653838916993e-02
2.200000000000000000e+01 1.088050964595420195e-01 1.088050964595420195e-01 1.088050964595420195e-01 1.088050964595420195e-01
2.300000000000000000e+01 2.062541842836018366e-02 2.062541842836018366e-02 2.062541842836018366e-02 2.062541842836018366e-02
2.400000000000000000e+01 2.002334696672718791e-03 2.002334696672718791e-03 2.002334696672718791e-03 2.002334696672718791e-03
2.500000000000000000e+01 4.598603085034686649e-02 4.598603085034686649e-02 4.598603085034686649e-02 4.598603085034686649e-02
2.600000000000000000e+01 6.141224369625988833e-02 6.141224369625988833e-02 6.141224369625988833e-02 6.141224369625988833e-02
2.700000000000000000e+01 1.334076654984008847e-01 1.334076654984008847e-01 1.334076654984008847e-01 1.334076654984008847e-01
2.800000000000000000e+01 -2.993465722100959250e-02 -2.993465722100959250e-02 -2.993465722100959250e-02 -2.993465722100959250e-02
2.900000000000000000e+01 -6.206246978750559057e-02 -6.206246978750559057e-02 -6.206246978750559057e-02 -6.206246978750559057e-02
3.000000000000000000e+01 -4.450360999796816597e-02 -4.450360999796816597e-02 -4.450360999796816597e-02 -4.450360999796816597e-02
3.100000000000000000e+01 1.915778366375303909e-01 1.915778366375303909e-01 1.915778366375303909e-01 1.915778366375303909e-01
3.200000000000000000e+01 3.016727594268164923e-03 3.016727594268164923e-03 3.016727594268164923e-03 3.016727594268164923e-03
3.300000000000000000e+01 9.382938632900912623e-02 9.382938632900912623e-02 9.382938632900912623e-02 9.382938632900912623e-02
3.400000000000000000e+01 -1.481918909867508127e-01 -1.481918909867508127e-01 -1.481918909867508127e-01 -1.481918909867508127e-01
3.500000000000000000e+01 -7.563933843702151938e-01 -7.563933843702151938e-01 -7.563933843702151938e-01 -7.563933843702151938e-01
3.600000000000000000e+01 -1.327997918664319155e+00 -1.327997918664319155e+00 -1.327997918664319155e+00 -1.327997918664319155e+00
3.700000000000000000e+01 -1.324136639014553696e+00 -1.324136639014553696e+00 -1.324136639014553696e+00 -1.324136639014553696e+00
3.800000000000000000e+01 -8.656650282428095533e-01 -8.656650282428095533e-01 -8.656650282428095533e-01 -8.656650282428095533e-01
3.900000000000000000e+01 -6.638579805399537070e-01 -6.638579805399537070e-01 -6.638579805399537070e-01 -6.638579805399537070e-01
4.000000000000000000e+01 -2.920038655012848205e-01 -2.920038655012848205e-01 -2.920038655012848205e-01 -2.920038655012848205e-01
4.100000000000000000e+01 -3.869256601192891942e-01 -3.869256601192891942e-01 -3.869256601192891942e-01 -3.869256601192891942e-01
4.200000000000000000e+01 -1.179476023167282672e-01 -1.179476023167282672e-01 -1.179476023167282672e-01 -1.179476023167282672e-01
4.300000000000000000e+01 9.118108391669678403e-02 9.118108391669678403e-02 9.118108391669678403e-02 9.118108391669678403e-02
4.400000000000000000e+01 3.175622722664740022e-02 3.175622722664740022e-02 3.175622722664740022e-02 3.175622722664740022e-02
4.500000000000000000e+01 1.009961741649240408e-01 1.009961741649240408e-01 1.009961741649240408e-01 1.009961741649240408e-01
4.600000000000000000e+01 1.781583151399194209e-01 1.781583151399194209e-01 1.781583151399194209e-01 1.781583151399194209e-01
4.700000000000000000e+01 2.989363777779626141e-01 2.989363777779626141e-01 2.989363777779626141e-01 2.989363777779626141e-01
4.800000000000000000e+01 2.854034093960979845e-01 2.854034093960979845e-01 2.854034093960979845e-01 2.854034093960979845e-01
4.900000000000000000e+01 2.463737672797647882e-01 2.463737672797647882e-01 2.463737672797647882e-01 2.463737672797647882e-01
5.000000000000000000e+01 2.341793343850086251e-01 2.341793343850086251e-01 2.341793343850086251e-01 2.341793343850086251e-01
5.100000000000000000e+01 1.277272218369641665e-01 1.277272218369641665e-01 1.277272218369641665e-01 1.277272218369641665e-01
5.200000000000000000e+01 1.082994601293993803e-01 1.082994601293993803e-01 1.082994601293993803e-01 1.082994601293993803e-01
5.300000000000000000e+01 3.969665933145797437e-02 3.969665933145797437e-02 3.969665933145797437e-02 3.969665933145797437e-02
5.400000000000000000e+01 3.189576530021748929e-02 3.189576530021748929e-02 3.189576530021748929e-02 3.189576530021748929e-02
5.500000000000000000e+01 -3.098792546093419309e-02 -3.098792546093419309e-02 -3.098792546093419309e-02 -3.098792546093419309e-02
5.600000000000000000e+01 3.789509991638803643e-02 3.789509991638803643e-02 3.789509991638803643e-02 3.789509991638803643e-02
5.700000000000000000e+01 -1.194871862995141448e-02 -1.194871862995141448e-02 -1.194871862995141448e-02 -1.194871862995141448e-02
5.800000000000000000e+01 -1.473044376099278130e-01 -1.473044376099278130e-01 -1.473044376099278130e-01 -1.473044376099278130e-01
5.900000000000000000e+01 -2.263141741339966956e-02 -2.263141741339966956e-02 -2.263141741339966956e-02 -2.263141741339966956e-02
6.000000000000000000e+01 -6.086038909280824805e-02 -6.086038909280824805e-02 -6.086038909280824805e-02 -6.086038909280824805e-02
6.100000000000000000e+01 -2.188014692706550385e-02 -2.188014692706550385e-02 -2.188014692706550385e-02 -2.188014692706550385e-02
6.200000000000000000e+01 2.135992356791438160e-02 2.135992356791438160e-02 2.135992356791438160e-02 2.135992356791438160e-02
6.300000000000000000e+01 5.622958129002381816e-02 5.622958129002381816e-02 5.622958129002381816e-02 5.622958129002381816e-02
6.400000000000000000e+01 -6.176021980670709510e-02 -6.176021980670709510e-02 -6.176021980670709510e-02 -6.176021980670709510e-02
6.500000000000000000e+01 -7.482453427700970494e-02 -7.482453427700970494e-02 -7.482453427700970494e-02 -7.482453427700970494e-02
6.600000000000000000e+01 1.037821119780254764e-01 1.037821119780254764e-01 1.037821119780254764e-01 1.037821119780254764e-01
6.700000000000000000e+01 3.058735450805889419e-02 3.058735450805889419e-02 3.058735450805889419e-02 3.058735450805889419e-02
6.800000000000000000e+01 2.770110609651170105e-02 2.770110609651170105e-02 2.770110609651170105e-02 2.770110609651170105e-02
6.900000000000000000e+01 6.033089061772389794e-02 6.033089061772389794e-02 6.033089061772389794e-02 6.033089061772389794e-02
7.000000000000000000e+01 3.107954770495536048e-02 3.107954770495536048e-02 3.107954770495536048e-02 3.107954770495536048e-02
7.100000000000000000e+01 1.253575821560750647e-01 1.253575821560750647e-01 1.253575821560750647e-01 1.253575821560750647e-01
7.200000000000000000e+01 1.257618233971699861e-01 1.257618233971699861e-01 1.257618233971699861e-01 1.257618233971699861e-01
7.300000000000000000e+01 -1.205202362275483580e-01 -1.205202362275483580e-01 -1.205202362275483580e-01 -1.205202362275483580e-01
7.400000000000000000e+01 -5.049761785682840287e-01 -5.049761785682840287e-01 -5.049761785682840287e-01 -5.049761785682840287e-01
7.500000000000000000e+01 -8.302166547514184813e-01 -8.302166547514184813e-01 -8.302166547514184813e-01 -8.302166547514184813e-01
7.600000000000000000e+01 -8.648304788883212080e-01 -8.648304788883212080e-01 -8.648304788883212080e-01 -8.648304788883212080e-01
7.700000000000000000e+01 -7.767993527697110157e-01 -7.767993527697110157e-01 -7.767993527697110157e-01 -7.767993527697110157e-01
7.800000000000000000e+01 -4.800372060241792638e-01 -4.800372060241792638e-01 -4.800372060241792638e-01 -4.800372060241792638e-01
7.900000000000000000e+01 -3.712327805617014476e-01 -3.712327805617014476e-01 -3.712327805617014476e-01 -3.712327805617014476e-01
8.000000000000000000e+01 -1.632421075169862568e-01 -1.632421075169862568e-01 -1.632421075169862568e-01 -1.632421075169862568e-01
8.100000000000000000e+01 -1.483257721784984884e-01 -1.483257721784984884e-01 -1.483257721784984884e-01 -1.483257721784984884e-01
8.200000000000000000e+01 -5.009235260685432345e-02 -5.009235260685432345e-02 -5.009235260685432345e-02 -5.009235260685432345e-02
8.300000000000000000e+01 4.806359077174057054e-02 4.806359077174057054e-02 4.806359077174057054e-02 4.806359077174057054e-02
8.400000000000000000e+01 9.531925670527900685e-02 9.531925670527900685e-02 9.531925670527900685e-02 9.531925670527900685e-02
8.500000000000000000e+01 1.458467179282653577e-02 1.458467179282653577e-02 1.458467179282653577e-02 1.458467179282653577e-02
8.600000000000000000e+01 1.663867091908043383e-01 1.663867091908043383e-01 1.663867091908043383e-01 1.663867091908043383e-01
8.700000000000000000e+01 1.726381820016266444e-01 1.726381820016266444e-01 1.726381820016266444e-01 1.726381820016266444e-01
8.800000000000000000e+01 -1.166391728037918796e-01 -1.166391728037918796e-01 -1.166391728037918796e-01 -1.166391728037918796e-01
8.900000000000000000e+01 -1.695882970068066792e-02 -1.695882970068066792e-02 -1.695882970068066792e-02 -1.695882970068066792e-02
9.000000000000000000e+01 -5.772065487391558891e-01 -5.772065487391558891e-01 -5.772065487391558891e-01 -5.772065487391558891e-01
9.100000000000000000e+01 -9.790034909071152480e-01 -9.790034909071152480e-01 -9.790034909071152480e-01 -9.790034909071152480e-01
9.200000000000000000e+01 -9.428141653928960864e-01 -9.428141653928960864e-01 -9.428141653928960864e-01 -9.428141653928960864e-01
9.300000000000000000e+01 -7.376931937509936255e-01 -7.376931937509936255e-01 -7.376931937509936255e-01 -7.376931937509936255e-01
9.400000000000000000e+01 -5.495668636837715004e-01 -5.495668636837715004e-01 -5.495668636837715004e-01 -5.495668636837715004e-01
9.500000000000000000e+01 -4.418959369078153676e-01 -4.418959369078153676e-01 -4.418959369078153676e-01 -4.418959369078153676e-01
9.600000000000000000e+01 -2.541519802503812153e-01 -2.541519802503812153e-01 -2.541519802503812153e-01 -2.541519802503812153e-01
9.700000000000000000e+01 -1.238132930088456235e-01 -1.238132930088456235e-01 -1.238132930088456235e-01 -1.238132930088456235e-01
9.800000000000000000e+01 -1.292861911818024290e-01 -1.292861911818024290e-01 -1.292861911818024290e-01 -1.292861911818024290e-01
9.900000000000000000e+01 3.758508398491199921e-03 3.758508398491199921e-03 3.758508398491199921e-03 3.758508398491199921e-03
1.000000000000000000e+02 8.348176010455941876e-02 8.348176010455941876e-02 8.348176010455941876e-02 8.348176010455941876e-02
1.010000000000000000e+02 1.009548312851655250e-01 1.009548312851655250e-01 1.009548312851655250e-01 1.009548312851655250e-01
1.020000000000000000e+02 1.761742983893164194e-01 1.761742983893164194e-01 1.761742983893164194e-01 1.761742983893164194e-01
1.030000000000000000e+02 1.744940840920323477e-01 1.744940840920323477e-01 1.744940840920323477e-01 1.744940840920323477e-01
1.040000000000000000e+02 2.668488832199678584e-01 2.668488832199678584e-01 2.668488832199678584e-01 2.668488832199678584e-01
1.050000000000000000e+02 9.446601913550353724e-02 9.446601913550353724e-02 9.446601913550353724e-02 9.446601913550353724e-02
1.060000000000000000e+02 1.241074910556197314e-01 1.241074910556197314e-01 1.241074910556197314e-01 1.241074910556197314e-01
1.070000000000000000e+02 -1.439134410430245072e-02 -1.439134410430245072e-02 -1.439134410430245072e-02 -1.439134410430245072e-02
1.080000000000000000e+02 1.979998103776099416e-01 1.979998103776099416e-01 1.979998103776099416e-01 1.979998103776099416e-01
1.090000000000000000e+02 1.012529898755515634e-01 1.012529898755515634e-01 1.012529898755515634e-01 1.012529898755515634e-01
1.100000000000000000e+02 1.624844627213491988e-01 1.624844627213491988e-01 1.624844627213491988e-01 1.624844627213491988e-01
1.110000000000000000e+02 8.230480891522860831e-02 8.230480891522860831e-02 8.230480891522860831e-02 8.230480891522860831e-02
1.120000000000000000e+02 -3.150695913933378167e-02 -3.150695913933378167e-02 -3.150695913933378167e-02 -3.150695913933378167e-02
1.130000000000000000e+02 4.331726680464582230e-02 4.331726680464582230e-02 4.331726680464582230e-02 4.331726680464582230e-02
1.140000000000000000e+02 -1.033422631656280427e-01 -1.033422631656280427e-01 -1.033422631656280427e-01 -1.033422631656280427e-01
1.150000000000000000e+02 1.986724748624038306e-01 1.986724748624038306e-01 1.986724748624038306e-01 1.986724748624038306e-01
1.160000000000000000e+02 6.253425396894164712e-02 6.253425396894164712e-02 6.253425396894164712e-02 6.253425396894164712e-02
1.170000000000000000e+02 1.370562900572593057e-01 1.370562900572593057e-01 1.370562900572593057e-01 1.370562900572593057e-01
1.180000000000000000e+02 2.259111114414720789e-01 2.259111114414720789e-01 2.259111114414720789e-01 2.259111114414720789e-01
1.190000000000000000e+02 -5.217010088159065306e-01 -5.217010088159065306e-01 -5.217010088159065306e-01 -5.217010088159065306e-01
