0.000000000000000000e+00 1.323368350498312918e+00 1.323368350498312918e+00 1.323368350498312918e+00 1.323368350498312918e+00
1.000000000000000000e+00 1.260339196998462086e+00 1.260339196998462086e+00 1.260339196998462086e+00 1.260339196998462086e+00
2.000000000000000000e+00 8.845910123594765695e-01 8.845910123594765695e-01 8.845910123594765695e-01 8.845910123594765695e-01
3.000000000000000000e+00 8.010522921419146458e-01 8.010522921419146458e-01 8.010522921419146458e-01 8.010522921419146458e-01
4.000000000000000000e+00 8.444749389253268790e-01 8.444749389253268790e-01 8.444749389253268790e-01 8.444749389253268790e-01
5.000000000000000000e+00 1.223842137806795627e+00 1.223842137806795627e+00 1.223842137806795627e+00 1.223842137806795627e+00
6.000000000000000000e+00 1.439149615987928676e+00 1.439149615987928676e+00 1.439149615987928676e+00 1.439149615987928676e+00
7.000000000000000000e+00 1.806881358275020943e+00 1.806881358275020943e+00 1.806881358275020943e+00 1.806881358275020943e+00
8.000000000000000000e+00 1.883753569334909450e+00 1.883753569334909450e+00 1.883753569334909450e+00 1.883753569334909450e+00
9.000000000000000000e+00 2.333047160018111299e+00 2.333047160018111299e+00 2.333047160018111299e+00 2.333047160018111299e+00
1.000000000000000000e+01 2.215733945083798506e+00 2.215733945083798506e+00 2.215733945083798506e+00 2.215733945083798506e+00
1.100000000000000000e+01 2.377434267718708583e+00 2.377434267718708583e+00 2.377434267718708583e+00 2.377434267718708583e+00
1.200000000000000000e+01 2.210997130171745706e+00 2.210997130171745706e+00 2.210997130171745706e+00 2.210997130171745706e+00
1.300000000000000000e+01 2.454542852361366378e+00 2.454542852361366378e+00 2.454542852361366378e+00 2.454542852361366378e+00
1.400000000000000000e+01 2.797934313217834923e+00 2.797934313217834923e+00 2.797934313217834923e+00 2.797934313217834923e+00
1.500000000000000000e+01 3.266125574202820125e+00 3.266125574202820125e+00 3.266125574202820125e+00 3.266125574202820125e+00
1.600000000000000000e+01 3.682338203071273686e+00 3.682338203071273686e+00 3.682338203071273686e+00 3.682338203071273686e+00
1.700000000000000000e+01 4.019494585214641980e+00 4.019494585214641980e+00 4.019494585214641980e+00 4.019494585214641980e+00
1.800000000000000000e+01 4.133280360370647166e+00 4.133280360370647166e+00 4.133280360370647166e+00 4.133280360370647166e+00
1.900000000000000000e+01 4.471343991769501258e+00 4.471343991769501258e+00 4.471343991769501258e+00 4.471343991769501258e+00
2.000000000000000000e+01 4.519935516798182285e+00 4.519935516798182285e+00 4.519935516798182285e+00 4.519935516798182285e+00
2.100000000000000000e+01 4.760620594376612225e+00 4.760620594376612225e+00 4.760620594376612225e+00 4.760620594376612225e+00
2.200000000000000000e+01 5.106320087397496543e+00 5.106320087397496543e+00 5.106320087397496543e+00 5.106320087397496543e+00
2.300000000000000000e+01 4.776701457910902171e+00 4.776701457910902171e+00 4.776701457910902171e+00 4.776701457910902171e+00
2.400000000000000000e+01 5.063267988888896731e+00 5.063267988888896731e+00 5.063267988888896731e+00 5.063267988888896731e+00
2.500000000000000000e+01 5.119677994226997875e+00 5.119677994226997875e+00 5.119677994226997875e+00 5.119677994226997875e+00
2.600000000000000000e+01 5.544678132436537510e+00 5.544678132436537510e+00 5.544678132436537510e+00 5.544678132436537510e+00
2.700000000000000000e+01 6.052762026869030976e+00 6.052762026869030976e+00 6.052762026869030976e+00 6.052762026869030976e+00
2.800000000000000000e+01 6.568725182908684346e+00 6.568725182908684346e+00 6.568725182908684346e+00 6.568725182908684346e+00
2.900000000000000000e+01 6.837514303006367200e+00 6.837514303006367200e+00 6.837514303006367200e+00 6.837514303006367200e+00
3.000000000000000000e+01 7.085776020030785105e+00 7.085776020030785105e+00 7.085776020030785105e+00 7.085776020030785105e+00
3.100000000000000000e+01 6.964641825065337244e+00 6.964641825065337244e+00 6.964641825065337244e+00 6.964641825065337244e+00
3.200000000000000000e+01 6.907996993640106886e+00 6.907996993640106886e+00 6.907996993640106886e+00 6.907996993640106886e+00
3.300000000000000000e+01 6.818916189587524102e+00 6.818916189587524102e+00 6.818916189587524102e+00 6.818916189587524102e+00
3.400000000000000000e+01 6.577948802421278884e+00 6.577948802421278884e+00 6.577948802421278884e+00 6.577948802421278884e+00
3.500000000000000000e+01 6.641579031870375793e+00 6.641579031870375793e+00 6.641579031870375793e+00 6.641579031870375793e+00
3.600000000000000000e+01 7.015758386045756190e+00 7.015758386045756190e+00 7.015758386045756190e+00 7.015758386045756190e+00
3.700000000000000000e+01 7.327015634314140158e+00 7.327015634314140158e+00 7.327015634314140158e+00 7.327015634314140158e+00
3.800000000000000000e+01 7.927827441598748415e+00 7.927827441598748415e+00 7.927827441598748415e+00 7.927827441598748415e+00
3.900000000000000000e+01 8.024563710103482350e+00 8.024563710103482350e+00 8.024563710103482350e+00 8.024563710103482350e+00
4.000000000000000000e+01 8.379851011038779163e+00 8.379851011038779163e+00 8.379851011038779163e+00 8.379851011038779163e+00
4.100000000000000000e+01 8.537598231886265765e+00 8.537598231886265765e+00 8.537598231886265765e+00 8.537598231886265765e+00
4.200000000000000000e+01 8.894046180571034910e+00 8.894046180571034910e+00 8.894046180571034910e+00 8.894046180571034910e+00
4.300000000000000000e+01 8.863772810842842631e+00 8.863772810842842631e+00 8.863772810842842631e+00 8.863772810842842631e+00
4.400000000000000000e+01 8.597518993027977174e+00 8.597518993027977174e+00 8.597518993027977174e+00 8.597518993027977174e+00
4.500000000000000000e+01 8.104723118558906592e+00 8.104723118558906592e+00 8.104723118558906592e+00 8.104723118558906592e+00
4.600000000000000000e+01 7.739726658565302841e+00 7.739726658565302841e+00 7.739726658565302841e+00 7.739726658565302841e+00
4.700000000000000000e+01 8.073128421933207122e+00 8.073128421933207122e+00 8.073128421933207122e+00 8.073128421933207122e+00
4.800000000000000000e+01 8.504923055158148060e+00 8.504923055158148060e+00 8.504923055158148060e+00 8.504923055158148060e+00
4.900000000000000000e+01 8.771417417113157811e+00 8.771417417113157811e+00 8.771417417113157811e+00 8.771417417113157811e+00
5.000000000000000000e+01 8.812134928828111669e+00 8.812134928828111669e+00 8.812134928828111669e+00 8.812134928828111669e+00
5.100000000000000000e+01 8.813559596895622406e+00 8.813559596895622406e+00 8.813559596895622406e+00 8.813559596895622406e+00
5.200000000000000000e+01 9.123432776180926851e+00 9.123432776180926851e+00 9.123432776180926851e+00 9.123432776180926851e+00
5.300000000000000000e+01 8.659140570333033082e+00 8.659140570333033082e+00 8.659140570333033082e+00 8.659140570333033082e+00
5.400000000000000000e+01 8.080448354836391900e+00 8.080448354836391900e+00 8.080448354836391900e+00 8.080448354836391900e+00
5.500000000000000000e+01 7.498238182920077044e+00 7.498238182920077044e+00 7.498238182920077044e+00 7.498238182920077044e+00
5.600000000000000000e+01 7.790107769472951027e+00 7.790107769472951027e+00 7.790107769472951027e+00 7.790107769472951027e+00
5.700000000000000000e+01 7.369305793066992294e+00 7.369305793066992294e+00 7.369305793066992294e+00 7.369305793066992294e+00
5.800000000000000000e+01 6.942524486867297284e+00 6.942524486867297284e+00 6.942524486867297284e+00 6.942524486867297284e+00
5.900000000000000000e+01 6.506400859204212850e+00 6.506400859204212850e+00 6.506400859204212850e+00 6.506400859204212850e+00
6.000000000000000000e+01 6.084196172261382429e+00 6.084196172261382429e+00 6.084196172261382429e+00 6.084196172261382429e+00
6.100000000000000000e+01 5.913106237198755721e+00 5.913106237198755721e+00 5.913106237198755721e+00 5.913106237198755721e+00
6.200000000000000000e+01 6.095622459181309516e+00 6.095622459181309516e+00 6.095622459181309516e+00 6.095622459181309516e+00
6.300000000000000000e+01 6.626996192549738929e+00 6.626996192549738929e+00 6.626996192549738929e+00 6.626996192549738929e+00
6.400000000000000000e+01 6.809321105747645042e+00 6.809321105747645042e+00 6.809321105747645042e+00 6.809321105747645042e+00
6.500000000000000000e+01 6.749114344784814534e+00 6.749114344784814534e+00 6.749114344784814534e+00 6.749114344784814534e+00
6.600000000000000000e+01 6.741615690526279181e+00 6.741615690526279181e+00 6.741615690526279181e+00 6.741615690526279181e+00
6.700000000000000000e+01 6.761990253202197820e+00 6.761990253202197820e+00 6.761990253202197820e+00 6.761990253202197820e+00
6.800000000000000000e+01 6.429556164705934052e+00 6.429556164705934052e+00 6.429556164705934052e+00 6.429556164705934052e+00
6.900000000000000000e+01 5.806247740042625338e+00 5.806247740042625338e+00 5.806247740042625338e+00 5.806247740042625338e+00
7.000000000000000000e+01 4.932319761726351004e+00 4.932319761726351004e+00 4.932319761726351004e+00 4.932319761726351004e+00
7.100000000000000000e+01 4.649764752002544022e+00 4.649764752002544022e+00 4.649764752002544022e+00 4.649764752002544022e+00
7.200000000000000000e+01 4.454172280706961473e+00 4.454172280706961473e+00 4.454172280706961473e+00 4.454172280706961473e+00
7.300000000000000000e+01 4.576534731460762728e+00 4.576534731460762728e+00 4.576534731460762728e+00 4.576534731460762728e+00
7.400000000000000000e+01 5.012032222426396899e+00 5.012032222426396899e+00 5.012032222426396899e+00 5.012032222426396899e+00
7.500000000000000000e+01 5.265406993814492509e+00 5.265406993814492509e+00 5.265406993814492509e+00 5.265406993814492509e+00
7.600000000000000000e+01 5.456483765401451080e+00 5.456483765401451080e+00 5.456483765401451080e+00 5.456483765401451080e+00
7.700000000000000000e+01 5.480895003614856265e+00 5.480895003614856265e+00 5.480895003614856265e+00 5.480895003614856265e+00
7.800000000000000000e+01 5.573881954230492042e+00 5.573881954230492042e+00 5.573881954230492042e+00 5.573881954230492042e+00
7.900000000000000000e+01 5.713780267342592367e+00 5.713780267342592367e+00 5.713780267342592367e+00 5.713780267342592367e+00
8.000000000000000000e+01 5.680235646454368847e+00 5.680235646454368847e+00 5.680235646454368847e+00 5.680235646454368847e+00
8.100000000000000000e+01 5.189037552670219711e+00 5.189037552670219711e+00 5.189037552670219711e+00 5.189037552670219711e+00
8.200000000000000000e+01 4.746508117258312787e+00 4.746508117258312787e+00 4.746508117258312787e+00 4.746508117258312787e+00
8.300000000000000000e+01 4.778676697001022156e+00 4.778676697001022156e+00 4.778676697001022156e+00 4.778676697001022156e+00
8.400000000000000000e+01 4.961807264773042903e+00 4.961807264773042903e+00 4.961807264773042903e+00 4.961807264773042903e+00
8.500000000000000000e+01 4.889610288865915422e+00 4.889610288865915422e+00 4.889610288865915422e+00 4.889610288865915422e+00
8.600000000000000000e+01 4.877023137371891082e+00 4.877023137371891082e+00 4.877023137371891082e+00 4.877023137371891082e+00
8.700000000000000000e+01 4.563432570040687253e+00 4.563432570040687253e+00 4.563432570040687253e+00 4.563432570040687253e+00
8.800000000000000000e+01 4.394254328294748824e+00 4.394254328294748824e+00 4.394254328294748824e+00 4.394254328294748824e+00
8.900000000000000000e+01 4.758885251167547459e+00 4.758885251167547459e+00 4.758885251167547459e+00 4.758885251167547459e+00
9.000000000000000000e+01 4.727672948807447817e+00 4.727672948807447817e+00 4.727672948807447817e+00 4.727672948807447817e+00
9.100000000000000000e+01 4.762257271228649280e+00 4.762257271228649280e+00 4.762257271228649280e+00 4.762257271228649280e+00
9.200000000000000000e+01 4.539346378581961439e+00 4.539346378581961439e+00 4.539346378581961439e+00 4.539346378581961439e+00
9.300000000000000000e+01 4.993815355029313174e+00 4.993815355029313174e+00 4.993815355029313174e+00 4.993815355029313174e+00
9.400000000000000000e+01 4.883330143269210666e+00 4.883330143269210666e+00 4.883330143269210666e+00 4.883330143269210666e+00
9.500000000000000000e+01 4.928051622414628241e+00 4.928051622414628241e+00 4.928051622414628241e+00 4.928051622414628241e+00
9.600000000000000000e+01 4.940256959036838147e+00 4.940256959036838147e+00 4.940256959036838147e+00 4.940256959036838147e+00
9.700000000000000000e+01 4.530386647590841420e+00 4.530386647590841420e+00 4.530386647590841420e+00 4.530386647590841420e+00
9.800000000000000000e+01 4.151754462707873294e+00 4.151754462707873294e+00 4.151754462707873294e+00 4.151754462707873294e+00
9.900000000000000000e+01 4.230795998461760909e+00 4.230795998461760909e+00 4.230795998461760909e+00 4.230795998461760909e+00
