6.000000000000000000e+01 1.611352561939748540e+01 1.611352561939748540e+01 1.611352561939748540e+01 1.611352561939748540e+01
6.100000000000000000e+01 1.676212938485583592e+01 1.676212938485583592e+01 1.676212938485583592e+01 1.676212938485583592e+01
6.200000000000000000e+01 1.617654676886251153e+01 1.617654676886251153e+01 1.617654676886251153e+01 1.617654676886251153e+01
6.300000000000000000e+01 1.669334882728728431e+01 1.669334882728728431e+01 1.669334882728728431e+01 1.669334882728728431e+01
6.400000000000000000e+01 1.596754135931139906e+01 1.596754135931139906e+01 1.596754135931139906e+01 1.596754135931139906e+01
6.500000000000000000e+01 1.566182413646208182e+01 1.566182413646208182e+01 1.566182413646208182e+01 1.566182413646208182e+01
6.600000000000000000e+01 1.595346776946345990e+01 1.595346776946345990e+01 1.595346776946345990e+01 1.595346776946345990e+01
6.700000000000000000e+01 1.727452071268140799e+01 1.727452071268140799e+01 1.727452071268140799e+01 1.727452071268140799e+01
6.800000000000000000e+01 1.641792513265264120e+01 1.641792513265264120e+01 1.641792513265264120e+01 1.641792513265264120e+01
6.900000000000000000e+01 1.723302369524346744e+01 1.723302369524346744e+01 1.723302369524346744e+01 1.723302369524346744e+01
