0.000000000000000000e+00 -1.325418580104192001e+00 -1.325418580104192001e+00 -1.325418580104192001e+00 -1.325418580104192001e+00
1.000000000000000000e+00 -9.724562268203343907e-01 -9.724562268203343907e-01 -9.724562268203343907e-01 -9.724562268203343907e-01
2.000000000000000000e+00 -6.582404649853818013e-01 -6.582404649853818013e-01 -6.582404649853818013e-01 -6.582404649853818013e-01
3.000000000000000000e+00 -5.939634369082966714e-01 -5.939634369082966714e-01 -5.939634369082966714e-01 -5.939634369082966714e-01
4.000000000000000000e+00 -2.247968295052253929e-01 -2.247968295052253929e-01 -2.247968295052253929e-01 -2.247968295052253929e-01
5.000000000000000000e+00 -6.588411622834068615e-02 -6.588411622834068615e-02 -6.588411622834068615e-02 -6.588411622834068615e-02
6.000000000000000000e+00 -1.899800135503131315e-01 -1.899800135503131315e-01 -1.899800135503131315e-01 -1.899800135503131315e-01
7.000000000000000000e+00 -8.321543551591821242e-01 -8.321543551591821242e-01 -8.321543551591821242e-01 -8.321543551591821242e-01
8.000000000000000000e+00 -1.110148441276722214e-01 -1.110148441276722214e-01 -1.110148441276722214e-01 -1.110148441276722214e-01
9.000000000000000000e+00 -4.130234525010578750e-02 -4.130234525010578750e-02 -4.130234525010578750e-02 -4.130234525010578750e-02
1.000000000000000000e+01 4.942664405123076699e-01 4.942664405123076699e-01 4.942664405123076699e-01 4.942664405123076699e-01
1.100000000000000000e+01 5.793834910457836829e-01 5.793834910457836829e-01 5.793834910457836829e-01 5.793834910457836829e-01
1.200000000000000000e+01 6.428725528930611111e-01 6.428725528930611111e-01 6.428725528930611111e-01 6.428725528930611111e-01
1.300000000000000000e+01 7.061605952447207457e-01 7.061605952447207457e-01 7.061605952447207457e-01 7.061605952447207457e-01
1.400000000000000000e+01 6.880393330648886252e-01 6.880393330648886252e-01 6.880393330648886252e-01 6.880393330648886252e-01
1.500000000000000000e+01 8.698291732877444504e-01 8.698291732877444504e-01 8.698291732877444504e-01 8.698291732877444504e-01
1.600000000000000000e+01 9.064829136248730990e-01 9.064829136248730990e-01 9.064829136248730990e-01 9.064829136248730990e-01
1.700000000000000000e+01 7.548033054982792311e-01 7.548033054982792311e-01 7.548033054982792311e-01 7.548033054982792311e-01
1.800000000000000000e+01 8.257653518461750553e-01 8.257653518461750553e-01 8.257653518461750553e-01 8.257653518461750553e-01
1.900000000000000000e+01 8.681449014322782931e-01 8.681449014322782931e-01 8.681449014322782931e-01 8.681449014322782931e-01
2.000000000000000000e+01 7.112970590058849130e-01 7.112970590058849130e-01 7.112970590058849130e-01 7.112970590058849130e-01
2.100000000000000000e+01 9.133353902102159250e-01 9.133353902102159250e-01 9.133353902102159250e-01 9.133353902102159250e-01
2.200000000000000000e+01 1.049472156661986677e+00 1.049472156661986677e+00 1.049472156661986677e+00 1.049472156661986677e+00
2.300000000000000000e+01 5.524132915000364852e-01 5.524132915000364852e-01 5.524132915000364852e-01 5.524132915000364852e-01
2.400000000000000000e+01 1.313103920197067787e+00 1.313103920197067787e+00 1.313103920197067787e+00 1.313103920197067787e+00
2.500000000000000000e+01 1.556651380624494818e+00 1.556651380624494818e+00 1.556651380624494818e+00 1.556651380624494818e+00
2.600000000000000000e+01 1.659628427448769816e+00 1.659628427448769816e+00 1.659628427448769816e+00 1.659628427448769816e+00
2.700000000000000000e+01 1.560687461363746920e+00 1.560687461363746920e+00 1.560687461363746920e+00 1.560687461363746920e+00
2.800000000000000000e+01 1.588197846847331007e+00 1.588197846847331007e+00 1.588197846847331007e+00 1.588197846847331007e+00
2.900000000000000000e+01 1.612627191784569813e+00 1.612627191784569813e+00 1.612627191784569813e+00 1.612627191784569813e+00
3.000000000000000000e+01 1.532276028186629224e+00 1.532276028186629224e+00 1.532276028186629224e+00 1.532276028186629224e+00
3.100000000000000000e+01 1.631948310555400017e+00 1.631948310555400017e+00 1.631948310555400017e+00 1.631948310555400017e+00
3.200000000000000000e+01 1.756364871909163572e+00 1.756364871909163572e+00 1.756364871909163572e+00 1.756364871909163572e+00
3.300000000000000000e+01 1.714385423429460209e+00 1.714385423429460209e+00 1.714385423429460209e+00 1.714385423429460209e+00
3.400000000000000000e+01 1.865582571327232930e+00 1.865582571327232930e+00 1.865582571327232930e+00 1.865582571327232930e+00
3.500000000000000000e+01 1.739497300345219433e+00 1.739497300345219433e+00 1.739497300345219433e+00 1.739497300345219433e+00
3.600000000000000000e+01 1.682964884544731365e+00 1.682964884544731365e+00 1.682964884544731365e+00 1.682964884544731365e+00
3.700000000000000000e+01 1.827742035178129942e+00 1.827742035178129942e+00 1.827742035178129942e+00 1.827742035178129942e+00
3.800000000000000000e+01 1.942780390290202330e+00 1.942780390290202330e+00 1.942780390290202330e+00 1.942780390290202330e+00
3.900000000000000000e+01 1.436097243446034177e+00 1.436097243446034177e+00 1.436097243446034177e+00 1.436097243446034177e+00
4.000000000000000000e+01 1.681061076091376671e+00 1.681061076091376671e+00 1.681061076091376671e+00 1.681061076091376671e+00
4.100000000000000000e+01 2.210136371159317381e+00 2.210136371159317381e+00 2.210136371159317381e+00 2.210136371159317381e+00
4.200000000000000000e+01 2.378551540933818487e+00 2.378551540933818487e+00 2.378551540933818487e+00 2.378551540933818487e+00
4.300000000000000000e+01 3.238152455501535965e+00 3.238152455501535965e+00 3.238152455501535965e+00 3.238152455501535965e+00
4.400000000000000000e+01 2.681648781510119761e+00 2.681648781510119761e+00 2.681648781510119761e+00 2.681648781510119761e+00
4.500000000000000000e+01 2.621555967138267551e+00 2.621555967138267551e+00 2.621555967138267551e+00 2.621555967138267551e+00
4.600000000000000000e+01 2.554615227447966319e+00 2.554615227447966319e+00 2.554615227447966319e+00 2.554615227447966319e+00
4.700000000000000000e+01 2.528915110690547419e+00 2.528915110690547419e+00 2.528915110690547419e+00 2.528915110690547419e+00
4.800000000000000000e+01 2.168430056118610505e+00 2.168430056118610505e+00 2.168430056118610505e+00 2.168430056118610505e+00
4.900000000000000000e+01 2.331019626301646497e+00 2.331019626301646497e+00 2.331019626301646497e+00 2.331019626301646497e+00
5.000000000000000000e+01 2.372220170835089181e+00 2.372220170835089181e+00 2.372220170835089181e+00 2.372220170835089181e+00
5.100000000000000000e+01 2.534667193197429391e+00 2.534667193197429391e+00 2.534667193197429391e+00 2.534667193197429391e+00
5.200000000000000000e+01 2.702000261707297568e+00 2.702000261707297568e+00 2.702000261707297568e+00 2.702000261707297568e+00
5.300000000000000000e+01 2.027365837257374626e+00 2.027365837257374626e+00 2.027365837257374626e+00 2.027365837257374626e+00
5.400000000000000000e+01 2.547060845511915250e+00 2.547060845511915250e+00 2.547060845511915250e+00 2.547060845511915250e+00
5.500000000000000000e+01 3.448881235299677162e+00 3.448881235299677162e+00 3.448881235299677162e+00 3.448881235299677162e+00
5.600000000000000000e+01 2.847680560436502084e+00 2.847680560436502084e+00 2.847680560436502084e+00 2.847680560436502084e+00
5.700000000000000000e+01 2.978751298474554332e+00 2.978751298474554332e+00 2.978751298474554332e+00 2.978751298474554332e+00
5.800000000000000000e+01 2.445854318534478100e+00 2.445854318534478100e+00 2.445854318534478100e+00 2.445854318534478100e+00
5.900000000000000000e+01 2.811344533668354462e+00 2.811344533668354462e+00 2.811344533668354462e+00 2.811344533668354462e+00
6.000000000000000000e+01 3.088861670646978030e+00 3.088861670646978030e+00 3.088861670646978030e+00 3.088861670646978030e+00
6.100000000000000000e+01 3.245007996039281917e+00 3.245007996039281917e+00 3.245007996039281917e+00 3.245007996039281917e+00
6.200000000000000000e+01 3.480922805452481228e+00 3.480922805452481228e+00 3.480922805452481228e+00 3.480922805452481228e+00
6.300000000000000000e+01 3.628412180045354596e+00 3.628412180045354596e+00 3.628412180045354596e+00 3.628412180045354596e+00
6.400000000000000000e+01 3.684128758159342709e+00 3.684128758159342709e+00 3.684128758159342709e+00 3.684128758159342709e+00
6.500000000000000000e+01 3.696931076423164875e+00 3.696931076423164875e+00 3.696931076423164875e+00 3.696931076423164875e+00
6.600000000000000000e+01 3.587113606528273380e+00 3.587113606528273380e+00 3.587113606528273380e+00 3.587113606528273380e+00
6.700000000000000000e+01 3.680130198695337640e+00 3.680130198695337640e+00 3.680130198695337640e+00 3.680130198695337640e+00
6.800000000000000000e+01 3.609392620773400395e+00 3.609392620773400395e+00 3.609392620773400395e+00 3.609392620773400395e+00
6.900000000000000000e+01 3.595531765895529919e+00 3.595531765895529919e+00 3.595531765895529919e+00 3.595531765895529919e+00
7.000000000000000000e+01 3.365267894469467613e+00 3.365267894469467613e+00 3.365267894469467613e+00 3.365267894469467613e+00
7.100000000000000000e+01 3.303654198293259459e+00 3.303654198293259459e+00 3.303654198293259459e+00 3.303654198293259459e+00
7.200000000000000000e+01 3.174945944740241721e+00 3.174945944740241721e+00 3.174945944740241721e+00 3.174945944740241721e+00
7.300000000000000000e+01 3.470415428967085436e+00 3.470415428967085436e+00 3.470415428967085436e+00 3.470415428967085436e+00
7.400000000000000000e+01 3.472654614809527196e+00 3.472654614809527196e+00 3.472654614809527196e+00 3.472654614809527196e+00
7.500000000000000000e+01 3.379222749412561289e+00 3.379222749412561289e+00 3.379222749412561289e+00 3.379222749412561289e+00
7.600000000000000000e+01 3.136252149595484706e+00 3.136252149595484706e+00 3.136252149595484706e+00 3.136252149595484706e+00
7.700000000000000000e+01 3.167790350247125186e+00 3.167790350247125186e+00 3.167790350247125186e+00 3.167790350247125186e+00
7.800000000000000000e+01 3.064274911275139957e+00 3.064274911275139957e+00 3.064274911275139957e+00 3.064274911275139957e+00
7.900000000000000000e+01 3.527341706341033056e+00 3.527341706341033056e+00 3.527341706341033056e+00 3.527341706341033056e+00
8.000000000000000000e+01 3.356226780856460756e+00 3.356226780856460756e+00 3.356226780856460756e+00 3.356226780856460756e+00
8.100000000000000000e+01 3.550334136850329614e+00 3.550334136850329614e+00 3.550334136850329614e+00 3.550334136850329614e+00
8.200000000000000000e+01 3.495022609844259165e+00 3.495022609844259165e+00 3.495022609844259165e+00 3.495022609844259165e+00
8.300000000000000000e+01 3.072693364728926735e+00 3.072693364728926735e+00 3.072693364728926735e+00 3.072693364728926735e+00
8.400000000000000000e+01 3.380246157323069767e+00 3.380246157323069767e+00 3.380246157323069767e+00 3.380246157323069767e+00
8.500000000000000000e+01 3.403885457486336641e+00 3.403885457486336641e+00 3.403885457486336641e+00 3.403885457486336641e+00
8.600000000000000000e+01 3.305008876548470642e+00 3.305008876548470642e+00 3.305008876548470642e+00 3.305008876548470642e+00
8.700000000000000000e+01 3.243325816756037927e+00 3.243325816756037927e+00 3.243325816756037927e+00 3.243325816756037927e+00
8.800000000000000000e+01 3.147529938049625997e+00 3.147529938049625997e+00 3.147529938049625997e+00 3.147529938049625997e+00
8.900000000000000000e+01 2.895011598089443083e+00 2.895011598089443083e+00 2.895011598089443083e+00 2.895011598089443083e+00
9.000000000000000000e+01 3.112350633368462294e+00 3.112350633368462294e+00 3.112350633368462294e+00 3.112350633368462294e+00
9.100000000000000000e+01 3.201072115803111018e+00 3.201072115803111018e+00 3.201072115803111018e+00 3.201072115803111018e+00
9.200000000000000000e+01 2.999872062317306298e+00 2.999872062317306298e+00 2.999872062317306298e+00 2.999872062317306298e+00
9.300000000000000000e+01 3.118544777458322592e+00 3.118544777458322592e+00 3.118544777458322592e+00 3.118544777458322592e+00
9.400000000000000000e+01 2.991742560871779588e+00 2.991742560871779588e+00 2.991742560871779588e+00 2.991742560871779588e+00
9.500000000000000000e+01 2.940869410435552389e+00 2.940869410435552389e+00 2.940869410435552389e+00 2.940869410435552389e+00
9.600000000000000000e+01 3.020653095255885656e+00 3.020653095255885656e+00 3.020653095255885656e+00 3.020653095255885656e+00
9.700000000000000000e+01 2.893017821289094460e+00 2.893017821289094460e+00 2.893017821289094460e+00 2.893017821289094460e+00
9.800000000000000000e+01 2.938409949609620764e+00 2.938409949609620764e+00 2.938409949609620764e+00 2.938409949609620764e+00
