0.000000000000000000e+00 -2.986800480293947957e-01 -2.986800480293947957e-01 -2.986800480293947957e-01 -2.986800480293947957e-01
1.000000000000000000e+00 -6.344385052549736392e-02 -6.344385052549736392e-02 -6.344385052549736392e-02 -6.344385052549736392e-02
2.000000000000000000e+00 -1.108922817027643698e-01 -1.108922817027643698e-01 -1.108922817027643698e-01 -1.108922817027643698e-01
3.000000000000000000e+00 -9.961375012206673263e-02 -9.961375012206673263e-02 -9.961375012206673263e-02 -9.961375012206673263e-02
4.000000000000000000e+00 -7.010995326613878031e-02 -7.010995326613878031e-02 -7.010995326613878031e-02 -7.010995326613878031e-02
5.000000000000000000e+00 -1.031913383034773313e+00 -1.031913383034773313e+00 -1.031913383034773313e+00 -1.031913383034773313e+00
6.000000000000000000e+00 -2.066849063036409806e+00 -2.066849063036409806e+00 -2.066849063036409806e+00 -2.066849063036409806e+00
7.000000000000000000e+00 -2.360817288605784547e+00 -2.360817288605784547e+00 -2.360817288605784547e+00 -2.360817288605784547e+00
8.000000000000000000e+00 -1.708076850744761899e+00 -1.708076850744761899e+00 -1.708076850744761899e+00 -1.708076850744761899e+00
9.000000000000000000e+00 -2.038486395253931160e+00 -2.038486395253931160e+00 -2.038486395253931160e+00 -2.038486395253931160e+00
1.000000000000000000e+01 -1.667653871900062423e+00 -1.667653871900062423e+00 -1.667653871900062423e+00 -1.667653871900062423e+00
1.100000000000000000e+01 -1.241264117442234749e+00 -1.241264117442234749e+00 -1.241264117442234749e+00 -1.241264117442234749e+00
1.200000000000000000e+01 -8.955044141430844595e-01 -8.955044141430844595e-01 -8.955044141430844595e-01 -8.955044141430844595e-01
1.300000000000000000e+01 -3.815801284952580752e-01 -3.815801284952580752e-01 -3.815801284952580752e-01 -3.815801284952580752e-01
1.400000000000000000e+01 3.755639811073088058e-02 3.755639811073088058e-02 3.755639811073088058e-02 3.755639811073088058e-02
1.500000000000000000e+01 2.293412388728227960e-02 2.293412388728227960e-02 2.293412388728227960e-02 2.293412388728227960e-02
1.600000000000000000e+01 -9.789245302154410411e-02 -9.789245302154410411e-02 -9.789245302154410411e-02 -9.789245302154410411e-02
1.700000000000000000e+01 -4.600567971746717388e-01 -4.600567971746717388e-01 -4.600567971746717388e-01 -4.600567971746717388e-01
1.800000000000000000e+01 3.298816477109226541e-01 3.298816477109226541e-01 3.298816477109226541e-01 3.298816477109226541e-01
1.900000000000000000e+01 1.115009785666941540e-02 1.115009785666941540e-02 1.115009785666941540e-02 1.115009785666941540e-02
2.000000000000000000e+01 2.745221300451090030e-01 2.745221300451090030e-01 2.745221300451090030e-01 2.745221300451090030e-01
2.100000000000000000e+01 3.537396162088424223e-01 3.537396162088424223e-01 3.537396162088424223e-01 3.537396162088424223e-01
2.200000000000000000e+01 8.657884737794199759e-02 8.657884737794199759e-02 8.657884737794199759e-02 8.657884737794199759e-02
2.300000000000000000e+01 4.894972925793054097e-01 4.894972925793054097e-01 4.894972925793054097e-01 4.894972925793054097e-01
2.400000000000000000e+01 1.078974944883759474e-01 1.078974944883759474e-01 1.078974944883759474e-01 1.078974944883759474e-01
2.500000000000000000e+01 2.101614627869390073e-01 2.101614627869390073e-01 2.101614627869390073e-01 2.101614627869390073e-01
2.600000000000000000e+01 -1.608824286644505441e-01 -1.608824286644505441e-01 -1.608824286644505441e-01 -1.608824286644505441e-01
2.700000000000000000e+01 -6.256838565625685855e-02 -6.256838565625685855e-02 -6.256838565625685855e-02 -6.256838565625685855e-02
2.800000000000000000e+01 -4.006936626673786583e-01 -4.006936626673786583e-01 -4.006936626673786583e-01 -4.006936626673786583e-01
2.900000000000000000e+01 2.805227693663230881e-01 2.805227693663230881e-01 2.805227693663230881e-01 2.805227693663230881e-01
3.000000000000000000e+01 2.521914107567625463e-01 2.521914107567625463e-01 2.521914107567625463e-01 2.521914107567625463e-01
3.100000000000000000e+01 -4.365122507934883489e-02 -4.365122507934883489e-02 -4.365122507934883489e-02 -4.365122507934883489e-02
3.200000000000000000e+01 -1.372756436970035687e-01 -1.372756436970035687e-01 -1.372756436970035687e-01 -1.372756436970035687e-01
3.300000000000000000e+01 -7.111389592971156803e-01 -7.111389592971156803e-01 -7.111389592971156803e-01 -7.111389592971156803e-01
3.400000000000000000e+01 7.306221814491357935e-02 7.306221814491357935e-02 7.306221814491357935e-02 7.306221814491357935e-02
3.500000000000000000e+01 -4.021346159376400498e-01 -4.021346159376400498e-01 -4.021346159376400498e-01 -4.021346159376400498e-01
3.600000000000000000e+01 -6.273265246151911445e-03 -6.273265246151911445e-03 -6.273265246151911445e-03 -6.273265246151911445e-03
3.700000000000000000e+01 1.134078130417570940e-01 1.134078130417570940e-01 1.134078130417570940e-01 1.134078130417570940e-01
3.800000000000000000e+01 1.313342085740980825e-01 1.313342085740980825e-01 1.313342085740980825e-01 1.313342085740980825e-01
3.900000000000000000e+01 -1.707749899331047205e-02 -1.707749899331047205e-02 -1.707749899331047205e-02 -1.707749899331047205e-02
4.000000000000000000e+01 2.128539543612180951e-01 2.128539543612180951e-01 2.128539543612180951e-01 2.128539543612180951e-01
4.100000000000000000e+01 5.683363384203352631e-01 5.683363384203352631e-01 5.683363384203352631e-01 5.683363384203352631e-01
4.200000000000000000e+01 -2.563453723553411057e-01 -2.563453723553411057e-01 -2.563453723553411057e-01 -2.563453723553411057e-01
4.300000000000000000e+01 -4.363915100725944685e-01 -4.363915100725944685e-01 -4.363915100725944685e-01 -4.363915100725944685e-01
4.400000000000000000e+01 1.533537974113219349e-01 1.533537974113219349e-01 1.533537974113219349e-01 1.533537974113219349e-01
4.500000000000000000e+01 1.949718534630342018e-02 1.949718534630342018e-02 1.949718534630342018e-02 1.949718534630342018e-02
4.600000000000000000e+01 -3.320987624849322528e-02 -3.320987624849322528e-02 -3.320987624849322528e-02 -3.320987624849322528e-02
4.700000000000000000e+01 3.708703573178915858e-01 3.708703573178915858e-01 3.708703573178915858e-01 3.708703573178915858e-01
4.800000000000000000e+01 -2.864155688821253265e-01 -2.864155688821253265e-01 -2.864155688821253265e-01 -2.864155688821253265e-01
4.900000000000000000e+01 -4.180167970069429417e-01 -4.180167970069429417e-01 -4.180167970069429417e-01 -4.180167970069429417e-01
5.000000000000000000e+01 4.804432380337230607e-02 4.804432380337230607e-02 4.804432380337230607e-02 4.804432380337230607e-02
5.100000000000000000e+01 -1.911119780263468571e-01 -1.911119780263468571e-01 -1.911119780263468571e-01 -1.911119780263468571e-01
5.200000000000000000e+01 -1.542440924719729600e-01 -1.542440924719729600e-01 -1.542440924719729600e-01 -1.542440924719729600e-01
5.300000000000000000e+01 2.777519805413790066e-01 2.777519805413790066e-01 2.777519805413790066e-01 2.777519805413790066e-01
5.400000000000000000e+01 -3.143607682351894361e-01 -3.143607682351894361e-01 -3.143607682351894361e-01 -3.143607682351894361e-01
5.500000000000000000e+01 -9.418029573665974707e-01 -9.418029573665974707e-01 -9.418029573665974707e-01 -9.418029573665974707e-01
5.600000000000000000e+01 9.642939235167631573e-02 9.642939235167631573e-02 9.642939235167631573e-02 9.642939235167631573e-02
5.700000000000000000e+01 -3.699676711207857543e-02 -3.699676711207857543e-02 -3.699676711207857543e-02 -3.699676711207857543e-02
5.800000000000000000e+01 5.666041134639058369e-02 5.666041134639058369e-02 5.666041134639058369e-02 5.666041134639058369e-02
5.900000000000000000e+01 6.853258668993895963e-02 6.853258668993895963e-02 6.853258668993895963e-02 6.853258668993895963e-02
6.000000000000000000e+01 -3.089641166415521209e-02 -3.089641166415521209e-02 -3.089641166415521209e-02 -3.089641166415521209e-02
6.100000000000000000e+01 4.143260196400792572e-01 4.143260196400792572e-01 4.143260196400792572e-01 4.143260196400792572e-01
6.200000000000000000e+01 1.417052334296877436e-01 1.417052334296877436e-01 1.417052334296877436e-01 1.417052334296877436e-01
6.300000000000000000e+01 -7.623438013327084317e-02 -7.623438013327084317e-02 -7.623438013327084317e-02 -7.623438013327084317e-02
6.400000000000000000e+01 -2.028177856800146284e-01 -2.028177856800146284e-01 -2.028177856800146284e-01 -2.028177856800146284e-01
6.500000000000000000e+01 -1.990714588921499439e-01 -1.990714588921499439e-01 -1.990714588921499439e-01 -1.990714588921499439e-01
6.600000000000000000e+01 -3.868186586624652867e-01 -3.868186586624652867e-01 -3.868186586624652867e-01 -3.868186586624652867e-01
6.700000000000000000e+01 -1.145027847480722255e-01 -1.145027847480722255e-01 -1.145027847480722255e-01 -1.145027847480722255e-01
6.800000000000000000e+01 -2.955918531931712168e-01 -2.955918531931712168e-01 -2.955918531931712168e-01 -2.955918531931712168e-01
6.900000000000000000e+01 -3.145098143214257180e-01 -3.145098143214257180e-01 -3.145098143214257180e-01 -3.145098143214257180e-01
7.000000000000000000e+01 -1.147788696006408343e-01 -1.147788696006408343e-01 -1.147788696006408343e-01 -1.147788696006408343e-01
7.100000000000000000e+01 -1.766849632801766046e-01 -1.766849632801766046e-01 -1.766849632801766046e-01 -1.766849632801766046e-01
7.200000000000000000e+01 -6.869131060983123260e-02 -6.869131060983123260e-02 -6.869131060983123260e-02 -6.869131060983123260e-02
7.300000000000000000e+01 2.939133767993837854e-01 2.939133767993837854e-01 2.939133767993837854e-01 2.939133767993837854e-01
7.400000000000000000e+01 -3.691155408968971319e-01 -3.691155408968971319e-01 -3.691155408968971319e-01 -3.691155408968971319e-01
7.500000000000000000e+01 -2.605445530164250401e-01 -2.605445530164250401e-01 -2.605445530164250401e-01 -2.605445530164250401e-01
7.600000000000000000e+01 -6.944611530580746539e-02 -6.944611530580746539e-02 -6.944611530580746539e-02 -6.944611530580746539e-02
7.700000000000000000e+01 -1.289588096400257622e-01 -1.289588096400257622e-01 -1.289588096400257622e-01 -1.289588096400257622e-01
7.800000000000000000e+01 2.410717432238545788e-01 2.410717432238545788e-01 2.410717432238545788e-01 2.410717432238545788e-01
7.900000000000000000e+01 -4.004034381084186078e-01 -4.004034381084186078e-01 -4.004034381084186078e-01 -4.004034381084186078e-01
8.000000000000000000e+01 -2.014837044808106548e-01 -2.014837044808106548e-01 -2.014837044808106548e-01 -2.014837044808106548e-01
8.100000000000000000e+01 1.626334535500426337e-01 1.626334535500426337e-01 1.626334535500426337e-01 1.626334535500426337e-01
8.200000000000000000e+01 2.201299495057152944e-01 2.201299495057152944e-01 2.201299495057152944e-01 2.201299495057152944e-01
8.300000000000000000e+01 3.256739550305306347e-02 3.256739550305306347e-02 3.256739550305306347e-02 3.256739550305306347e-02
8.400000000000000000e+01 5.111118741972207891e-02 5.111118741972207891e-02 5.111118741972207891e-02 5.111118741972207891e-02
8.500000000000000000e+01 3.017855862186561433e-01 3.017855862186561433e-01 3.017855862186561433e-01 3.017855862186561433e-01
8.600000000000000000e+01 8.818636263848871060e-02 8.818636263848871060e-02 8.818636263848871060e-02 8.818636263848871060e-02
8.700000000000000000e+01 -7.038376519184898206e-02 -7.038376519184898206e-02 -7.038376519184898206e-02 -7.038376519184898206e-02
8.800000000000000000e+01 -5.182621676293198698e-01 -5.182621676293198698e-01 -5.182621676293198698e-01 -5.182621676293198698e-01
8.900000000000000000e+01 1.588846680575438930e-01 1.588846680575438930e-01 1.588846680575438930e-01 1.588846680575438930e-01
9.000000000000000000e+01 -4.656012157114440830e-01 -4.656012157114440830e-01 -4.656012157114440830e-01 -4.656012157114440830e-01
9.100000000000000000e+01 -5.174031376303056366e-03 -5.174031376303056366e-03 -5.174031376303056366e-03 -5.174031376303056366e-03
9.200000000000000000e+01 -6.245770199559819505e-03 -6.245770199559819505e-03 -6.245770199559819505e-03 -6.245770199559819505e-03
9.300000000000000000e+01 -6.632006741687676010e-01 -6.632006741687676010e-01 -6.632006741687676010e-01 -6.632006741687676010e-01
9.400000000000000000e+01 1.299654194600360912e-01 1.299654194600360912e-01 1.299654194600360912e-01 1.299654194600360912e-01
9.500000000000000000e+01 2.291432265851686967e-01 2.291432265851686967e-01 2.291432265851686967e-01 2.291432265851686967e-01
9.600000000000000000e+01 -2.044788861486833143e-01 -2.044788861486833143e-01 -2.044788861486833143e-01 -2.044788861486833143e-01
9.700000000000000000e+01 8.564206958485639370e-03 8.564206958485639370e-03 8.564206958485639370e-03 8.564206958485639370e-03
9.800000000000000000e+01 -3.811511867859146419e-02 -3.811511867859146419e-02 -3.811511867859146419e-02 -3.811511867859146419e-02
