0.000000000000000000e+00 -4.008239669516270531e+00 -4.008239669516270531e+00 -4.008239669516270531e+00 -4.008239669516270531e+00
1.000000000000000000e+00 -3.433888676937579820e+00 -3.433888676937579820e+00 -3.433888676937579820e+00 -3.433888676937579820e+00
2.000000000000000000e+00 -2.566601394159093275e+00 -2.566601394159093275e+00 -2.566601394159093275e+00 -2.566601394159093275e+00
3.000000000000000000e+00 -1.422757965869325680e+00 -1.422757965869325680e+00 -1.422757965869325680e+00 -1.422757965869325680e+00
4.000000000000000000e+00 -8.511269037555094785e-01 -8.511269037555094785e-01 -8.511269037555094785e-01 -8.511269037555094785e-01
5.000000000000000000e+00 -6.636809573383358751e-01 -6.636809573383358751e-01 -6.636809573383358751e-01 -6.636809573383358751e-01
6.000000000000000000e+00 -1.432937256022361883e-01 -1.432937256022361883e-01 -1.432937256022361883e-01 -1.432937256022361883e-01
7.000000000000000000e+00 8.599445779026940184e-02 8.599445779026940184e-02 8.599445779026940184e-02 8.599445779026940184e-02
8.000000000000000000e+00 1.429732047159874009e-01 1.429732047159874009e-01 1.429732047159874009e-01 1.429732047159874009e-01
9.000000000000000000e+00 6.256810411965462171e-01 6.256810411965462171e-01 6.256810411965462171e-01 6.256810411965462171e-01
1.000000000000000000e+01 6.670770178239386894e-01 6.670770178239386894e-01 6.670770178239386894e-01 6.670770178239386894e-01
1.100000000000000000e+01 8.227702642106786701e-01 8.227702642106786701e-01 8.227702642106786701e-01 8.227702642106786701e-01
1.200000000000000000e+01 7.739617070491667805e-01 7.739617070491667805e-01 7.739617070491667805e-01 7.739617070491667805e-01
1.300000000000000000e+01 1.339064739964485051e+00 1.339064739964485051e+00 1.339064739964485051e+00 1.339064739964485051e+00
1.400000000000000000e+01 8.006507724808853421e-01 8.006507724808853421e-01 8.006507724808853421e-01 8.006507724808853421e-01
1.500000000000000000e+01 1.225441272668600146e+00 1.225441272668600146e+00 1.225441272668600146e+00 1.225441272668600146e+00
1.600000000000000000e+01 1.269852905757612893e+00 1.269852905757612893e+00 1.269852905757612893e+00 1.269852905757612893e+00
1.700000000000000000e+01 1.375178160441927311e+00 1.375178160441927311e+00 1.375178160441927311e+00 1.375178160441927311e+00
1.800000000000000000e+01 6.727382384592122122e-01 6.727382384592122122e-01 6.727382384592122122e-01 6.727382384592122122e-01
1.900000000000000000e+01 1.024060887121871932e+00 1.024060887121871932e+00 1.024060887121871932e+00 1.024060887121871932e+00
2.000000000000000000e+01 7.106255382497842499e-01 7.106255382497842499e-01 7.106255382497842499e-01 7.106255382497842499e-01
2.100000000000000000e+01 9.009335538977067959e-01 9.009335538977067959e-01 9.009335538977067959e-01 9.009335538977067959e-01
2.200000000000000000e+01 1.416151508378249879e+00 1.416151508378249879e+00 1.416151508378249879e+00 1.416151508378249879e+00
2.300000000000000000e+01 8.104103153495078038e-01 8.104103153495078038e-01 8.104103153495078038e-01 8.104103153495078038e-01
2.400000000000000000e+01 1.201781435656988251e+00 1.201781435656988251e+00 1.201781435656988251e+00 1.201781435656988251e+00
2.500000000000000000e+01 1.103026960129947387e+00 1.103026960129947387e+00 1.103026960129947387e+00 1.103026960129947387e+00
2.600000000000000000e+01 1.609006885930575947e+00 1.609006885930575947e+00 1.609006885930575947e+00 1.609006885930575947e+00
2.700000000000000000e+01 1.305285448552108596e+00 1.305285448552108596e+00 1.305285448552108596e+00 1.305285448552108596e+00
2.800000000000000000e+01 1.694254734006789942e+00 1.694254734006789942e+00 1.694254734006789942e+00 1.694254734006789942e+00
2.900000000000000000e+01 1.481969950787789259e+00 1.481969950787789259e+00 1.481969950787789259e+00 1.481969950787789259e+00
3.000000000000000000e+01 1.910473518609737464e+00 1.910473518609737464e+00 1.910473518609737464e+00 1.910473518609737464e+00
3.100000000000000000e+01 1.769191206867674060e+00 1.769191206867674060e+00 1.769191206867674060e+00 1.769191206867674060e+00
3.200000000000000000e+01 1.588829053452634588e+00 1.588829053452634588e+00 1.588829053452634588e+00 1.588829053452634588e+00
3.300000000000000000e+01 1.952327780240966426e+00 1.952327780240966426e+00 1.952327780240966426e+00 1.952327780240966426e+00
3.400000000000000000e+01 1.884312053891467720e+00 1.884312053891467720e+00 1.884312053891467720e+00 1.884312053891467720e+00
3.500000000000000000e+01 2.152963683069274214e+00 2.152963683069274214e+00 2.152963683069274214e+00 2.152963683069274214e+00
3.600000000000000000e+01 1.838974315671783710e+00 1.838974315671783710e+00 1.838974315671783710e+00 1.838974315671783710e+00
3.700000000000000000e+01 1.770901374142913154e+00 1.770901374142913154e+00 1.770901374142913154e+00 1.770901374142913154e+00
3.800000000000000000e+01 1.982488286915945030e+00 1.982488286915945030e+00 1.982488286915945030e+00 1.982488286915945030e+00
3.900000000000000000e+01 1.603307321778577155e+00 1.603307321778577155e+00 1.603307321778577155e+00 1.603307321778577155e+00
4.000000000000000000e+01 1.917095861673020485e+00 1.917095861673020485e+00 1.917095861673020485e+00 1.917095861673020485e+00
4.100000000000000000e+01 1.927837967385079176e+00 1.927837967385079176e+00 1.927837967385079176e+00 1.927837967385079176e+00
4.200000000000000000e+01 2.174027076708510364e+00 2.174027076708510364e+00 2.174027076708510364e+00 2.174027076708510364e+00
4.300000000000000000e+01 1.879940600622406865e+00 1.879940600622406865e+00 1.879940600622406865e+00 1.879940600622406865e+00
4.400000000000000000e+01 2.269414571589728258e+00 2.269414571589728258e+00 2.269414571589728258e+00 2.269414571589728258e+00
4.500000000000000000e+01 2.103109139728899013e+00 2.103109139728899013e+00 2.103109139728899013e+00 2.103109139728899013e+00
4.600000000000000000e+01 2.086938127864635728e+00 2.086938127864635728e+00 2.086938127864635728e+00 2.086938127864635728e+00
4.700000000000000000e+01 2.365329125065143590e+00 2.365329125065143590e+00 2.365329125065143590e+00 2.365329125065143590e+00
4.800000000000000000e+01 2.242746651595668883e+00 2.242746651595668883e+00 2.242746651595668883e+00 2.242746651595668883e+00
4.900000000000000000e+01 2.448480614280728052e+00 2.448480614280728052e+00 2.448480614280728052e+00 2.448480614280728052e+00
5.000000000000000000e+01 2.744283598451635164e+00 2.744283598451635164e+00 2.744283598451635164e+00 2.744283598451635164e+00
5.100000000000000000e+01 2.751241188422498762e+00 2.751241188422498762e+00 2.751241188422498762e+00 2.751241188422498762e+00
5.200000000000000000e+01 2.981476902812795871e+00 2.981476902812795871e+00 2.981476902812795871e+00 2.981476902812795871e+00
5.300000000000000000e+01 3.243968620266796776e+00 3.243968620266796776e+00 3.243968620266796776e+00 3.243968620266796776e+00
5.400000000000000000e+01 3.133185206691644797e+00 3.133185206691644797e+00 3.133185206691644797e+00 3.133185206691644797e+00
5.500000000000000000e+01 3.160106610927543525e+00 3.160106610927543525e+00 3.160106610927543525e+00 3.160106610927543525e+00
5.600000000000000000e+01 2.898227912530373818e+00 2.898227912530373818e+00 2.898227912530373818e+00 2.898227912530373818e+00
5.700000000000000000e+01 2.891663150437840724e+00 2.891663150437840724e+00 2.891663150437840724e+00 2.891663150437840724e+00
5.800000000000000000e+01 2.915421729602624357e+00 2.915421729602624357e+00 2.915421729602624357e+00 2.915421729602624357e+00
5.900000000000000000e+01 3.281666942973307854e+00 3.281666942973307854e+00 3.281666942973307854e+00 3.281666942973307854e+00
6.000000000000000000e+01 2.720331643916308106e+00 2.720331643916308106e+00 2.720331643916308106e+00 2.720331643916308106e+00
6.100000000000000000e+01 3.229381126687830506e+00 3.229381126687830506e+00 3.229381126687830506e+00 3.229381126687830506e+00
6.200000000000000000e+01 3.580873229239558420e+00 3.580873229239558420e+00 3.580873229239558420e+00 3.580873229239558420e+00
6.300000000000000000e+01 3.133809511939531056e+00 3.133809511939531056e+00 3.133809511939531056e+00 3.133809511939531056e+00
6.400000000000000000e+01 3.314437527274463946e+00 3.314437527274463946e+00 3.314437527274463946e+00 3.314437527274463946e+00
6.500000000000000000e+01 2.916641065753545536e+00 2.916641065753545536e+00 2.916641065753545536e+00 2.916641065753545536e+00
6.600000000000000000e+01 2.839857828282756902e+00 2.839857828282756902e+00 2.839857828282756902e+00 2.839857828282756902e+00
6.700000000000000000e+01 2.788152322774088088e+00 2.788152322774088088e+00 2.788152322774088088e+00 2.788152322774088088e+00
6.800000000000000000e+01 2.551525738707179247e+00 2.551525738707179247e+00 2.551525738707179247e+00 2.551525738707179247e+00
6.900000000000000000e+01 3.428832945175969371e+00 3.428832945175969371e+00 3.428832945175969371e+00 3.428832945175969371e+00
7.000000000000000000e+01 3.309334418807380551e+00 3.309334418807380551e+00 3.309334418807380551e+00 3.309334418807380551e+00
7.100000000000000000e+01 3.144155093233742537e+00 3.144155093233742537e+00 3.144155093233742537e+00 3.144155093233742537e+00
7.200000000000000000e+01 3.853926727054406864e+00 3.853926727054406864e+00 3.853926727054406864e+00 3.853926727054406864e+00
7.300000000000000000e+01 3.424983730297332940e+00 3.424983730297332940e+00 3.424983730297332940e+00 3.424983730297332940e+00
7.400000000000000000e+01 3.719998966861291834e+00 3.719998966861291834e+00 3.719998966861291834e+00 3.719998966861291834e+00
7.500000000000000000e+01 3.245894870052634662e+00 3.245894870052634662e+00 3.245894870052634662e+00 3.245894870052634662e+00
7.600000000000000000e+01 2.974445714269876806e+00 2.974445714269876806e+00 2.974445714269876806e+00 2.974445714269876806e+00
7.700000000000000000e+01 2.843372269396828855e+00 2.843372269396828855e+00 2.843372269396828855e+00 2.843372269396828855e+00
7.800000000000000000e+01 3.070270657908524825e+00 3.070270657908524825e+00 3.070270657908524825e+00 3.070270657908524825e+00
7.900000000000000000e+01 2.717946339364259778e+00 2.717946339364259778e+00 2.717946339364259778e+00 2.717946339364259778e+00
8.000000000000000000e+01 2.847652684083592511e+00 2.847652684083592511e+00 2.847652684083592511e+00 2.847652684083592511e+00
8.100000000000000000e+01 3.079139408462464811e+00 3.079139408462464811e+00 3.079139408462464811e+00 3.079139408462464811e+00
8.200000000000000000e+01 2.708132703988847645e+00 2.708132703988847645e+00 2.708132703988847645e+00 2.708132703988847645e+00
8.300000000000000000e+01 2.847682748084323201e+00 2.847682748084323201e+00 2.847682748084323201e+00 2.847682748084323201e+00
8.400000000000000000e+01 2.413360751967765783e+00 2.413360751967765783e+00 2.413360751967765783e+00 2.413360751967765783e+00
8.500000000000000000e+01 2.377615599815479541e+00 2.377615599815479541e+00 2.377615599815479541e+00 2.377615599815479541e+00
8.600000000000000000e+01 2.278512669778422595e+00 2.278512669778422595e+00 2.278512669778422595e+00 2.278512669778422595e+00
8.700000000000000000e+01 2.280249416022080755e+00 2.280249416022080755e+00 2.280249416022080755e+00 2.280249416022080755e+00
8.800000000000000000e+01 2.164696165970297237e+00 2.164696165970297237e+00 2.164696165970297237e+00 2.164696165970297237e+00
8.900000000000000000e+01 2.494206787566784378e+00 2.494206787566784378e+00 2.494206787566784378e+00 2.494206787566784378e+00
9.000000000000000000e+01 2.610455154637068009e+00 2.610455154637068009e+00 2.610455154637068009e+00 2.610455154637068009e+00
9.100000000000000000e+01 2.501013304524542402e+00 2.501013304524542402e+00 2.501013304524542402e+00 2.501013304524542402e+00
9.200000000000000000e+01 2.620064217741342460e+00 2.620064217741342460e+00 2.620064217741342460e+00 2.620064217741342460e+00
9.300000000000000000e+01 2.397292196760009819e+00 2.397292196760009819e+00 2.397292196760009819e+00 2.397292196760009819e+00
9.400000000000000000e+01 2.702964045795059445e+00 2.702964045795059445e+00 2.702964045795059445e+00 2.702964045795059445e+00
9.500000000000000000e+01 2.125032905886295787e+00 2.125032905886295787e+00 2.125032905886295787e+00 2.125032905886295787e+00
9.600000000000000000e+01 1.817422525510312692e+00 1.817422525510312692e+00 1.817422525510312692e+00 1.817422525510312692e+00
9.700000000000000000e+01 1.801855366407339121e+00 1.801855366407339121e+00 1.801855366407339121e+00 1.801855366407339121e+00
9.800000000000000000e+01 1.756768035451823140e+00 1.756768035451823140e+00 1.756768035451823140e+00 1.756768035451823140e+00
9.900000000000000000e+01 1.921954184246609687e+00 1.921954184246609687e+00 1.921954184246609687e+00 1.921954184246609687e+00
