0.000000000000000000e+00 -3.141426934773825508e-01 -3.141426934773825508e-01 -3.141426934773825508e-01 -3.141426934773825508e-01
1.000000000000000000e+00 4.098921741427377086e-01 4.098921741427377086e-01 4.098921741427377086e-01 4.098921741427377086e-01
2.000000000000000000e+00 4.487202152050210890e-01 4.487202152050210890e-01 4.487202152050210890e-01 4.487202152050210890e-01
3.000000000000000000e+00 9.899612248077964693e-01 9.899612248077964693e-01 9.899612248077964693e-01 9.899612248077964693e-01
4.000000000000000000e+00 6.462707181093143571e-01 6.462707181093143571e-01 6.462707181093143571e-01 6.462707181093143571e-01
5.000000000000000000e+00 8.866954090463651239e-01 8.866954090463651239e-01 8.866954090463651239e-01 8.866954090463651239e-01
6.000000000000000000e+00 1.177575573413951249e+00 1.177575573413951249e+00 1.177575573413951249e+00 1.177575573413951249e+00
7.000000000000000000e+00 1.181968947759355126e+00 1.181968947759355126e+00 1.181968947759355126e+00 1.181968947759355126e+00
8.000000000000000000e+00 1.328330190152170687e+00 1.328330190152170687e+00 1.328330190152170687e+00 1.328330190152170687e+00
9.000000000000000000e+00 1.134473760730259295e+00 1.134473760730259295e+00 1.134473760730259295e+00 1.134473760730259295e+00
1.000000000000000000e+01 1.516335086106563868e+00 1.516335086106563868e+00 1.516335086106563868e+00 1.516335086106563868e+00
1.100000000000000000e+01 1.423660555881172352e+00 1.423660555881172352e+00 1.423660555881172352e+00 1.423660555881172352e+00
1.200000000000000000e+01 1.745589293268864362e+00 1.745589293268864362e+00 1.745589293268864362e+00 1.745589293268864362e+00
1.300000000000000000e+01 1.978886136023946030e+00 1.978886136023946030e+00 1.978886136023946030e+00 1.978886136023946030e+00
1.400000000000000000e+01 1.967128038865151973e+00 1.967128038865151973e+00 1.967128038865151973e+00 1.967128038865151973e+00
1.500000000000000000e+01 2.406068870235624768e+00 2.406068870235624768e+00 2.406068870235624768e+00 2.406068870235624768e+00
1.600000000000000000e+01 2.554797040998189495e+00 2.554797040998189495e+00 2.554797040998189495e+00 2.554797040998189495e+00
1.700000000000000000e+01 2.628855184079009977e+00 2.628855184079009977e+00 2.628855184079009977e+00 2.628855184079009977e+00
1.800000000000000000e+01 2.721035398945541584e+00 2.721035398945541584e+00 2.721035398945541584e+00 2.721035398945541584e+00
1.900000000000000000e+01 2.999013536514270495e+00 2.999013536514270495e+00 2.999013536514270495e+00 2.999013536514270495e+00
2.000000000000000000e+01 3.232529132118033832e+00 3.232529132118033832e+00 3.232529132118033832e+00 3.232529132118033832e+00
2.100000000000000000e+01 3.463537696651078246e+00 3.463537696651078246e+00 3.463537696651078246e+00 3.463537696651078246e+00
2.200000000000000000e+01 3.886562340314850594e+00 3.886562340314850594e+00 3.886562340314850594e+00 3.886562340314850594e+00
2.300000000000000000e+01 4.118153334393529263e+00 4.118153334393529263e+00 4.118153334393529263e+00 4.118153334393529263e+00
2.400000000000000000e+01 4.370406679485795642e+00 4.370406679485795642e+00 4.370406679485795642e+00 4.370406679485795642e+00
2.500000000000000000e+01 4.398485914172867162e+00 4.398485914172867162e+00 4.398485914172867162e+00 4.398485914172867162e+00
2.600000000000000000e+01 4.486550468007948211e+00 4.486550468007948211e+00 4.486550468007948211e+00 4.486550468007948211e+00
2.700000000000000000e+01 4.339551679042721766e+00 4.339551679042721766e+00 4.339551679042721766e+00 4.339551679042721766e+00
2.800000000000000000e+01 4.477196522143071178e+00 4.477196522143071178e+00 4.477196522143071178e+00 4.477196522143071178e+00
2.900000000000000000e+01 4.426142416652961487e+00 4.426142416652961487e+00 4.426142416652961487e+00 4.426142416652961487e+00
3.000000000000000000e+01 4.516120034924885118e+00 4.516120034924885118e+00 4.516120034924885118e+00 4.516120034924885118e+00
3.100000000000000000e+01 4.884520971709709336e+00 4.884520971709709336e+00 4.884520971709709336e+00 4.884520971709709336e+00
3.200000000000000000e+01 5.089549630429972105e+00 5.089549630429972105e+00 5.089549630429972105e+00 5.089549630429972105e+00
3.300000000000000000e+01 5.276873430661452424e+00 5.276873430661452424e+00 5.276873430661452424e+00 5.276873430661452424e+00
3.400000000000000000e+01 5.276963927363574669e+00 5.276963927363574669e+00 5.276963927363574669e+00 5.276963927363574669e+00
3.500000000000000000e+01 5.214994315204847020e+00 5.214994315204847020e+00 5.214994315204847020e+00 5.214994315204847020e+00
3.600000000000000000e+01 5.171627557121567520e+00 5.171627557121567520e+00 5.171627557121567520e+00 5.171627557121567520e+00
3.700000000000000000e+01 5.113517687058646288e+00 5.113517687058646288e+00 5.113517687058646288e+00 5.113517687058646288e+00
3.800000000000000000e+01 5.206384339403278716e+00 5.206384339403278716e+00 5.206384339403278716e+00 5.206384339403278716e+00
3.900000000000000000e+01 5.629147192122451848e+00 5.629147192122451848e+00 5.629147192122451848e+00 5.629147192122451848e+00
4.000000000000000000e+01 6.222340893850790700e+00 6.222340893850790700e+00 6.222340893850790700e+00 6.222340893850790700e+00
4.100000000000000000e+01 6.529307827356570115e+00 6.529307827356570115e+00 6.529307827356570115e+00 6.529307827356570115e+00
4.200000000000000000e+01 6.891390307851300356e+00 6.891390307851300356e+00 6.891390307851300356e+00 6.891390307851300356e+00
4.300000000000000000e+01 6.685259397127593317e+00 6.685259397127593317e+00 6.685259397127593317e+00 6.685259397127593317e+00
4.400000000000000000e+01 6.743584623312301574e+00 6.743584623312301574e+00 6.743584623312301574e+00 6.743584623312301574e+00
4.500000000000000000e+01 6.293075484159338373e+00 6.293075484159338373e+00 6.293075484159338373e+00 6.293075484159338373e+00
4.600000000000000000e+01 5.660330640269055635e+00 5.660330640269055635e+00 5.660330640269055635e+00 5.660330640269055635e+00
4.700000000000000000e+01 5.686745757935342205e+00 5.686745757935342205e+00 5.686745757935342205e+00 5.686745757935342205e+00
4.800000000000000000e+01 5.273739838356746645e+00 5.273739838356746645e+00 5.273739838356746645e+00 5.273739838356746645e+00
4.900000000000000000e+01 5.167281995240483816e+00 5.167281995240483816e+00 5.167281995240483816e+00 5.167281995240483816e+00
5.000000000000000000e+01 5.176767006087001910e+00 5.176767006087001910e+00 5.176767006087001910e+00 5.176767006087001910e+00
5.100000000000000000e+01 5.045013439814255207e+00 5.045013439814255207e+00 5.045013439814255207e+00 5.045013439814255207e+00
5.200000000000000000e+01 5.372393257981280534e+00 5.372393257981280534e+00 5.372393257981280534e+00 5.372393257981280534e+00
5.300000000000000000e+01 5.223763976916913521e+00 5.223763976916913521e+00 5.223763976916913521e+00 5.223763976916913521e+00
5.400000000000000000e+01 4.994383836000213073e+00 4.994383836000213073e+00 4.994383836000213073e+00 4.994383836000213073e+00
5.500000000000000000e+01 4.895508002407181536e+00 4.895508002407181536e+00 4.895508002407181536e+00 4.895508002407181536e+00
5.600000000000000000e+01 4.694070719873272957e+00 4.694070719873272957e+00 4.694070719873272957e+00 4.694070719873272957e+00
5.700000000000000000e+01 4.552051117616583653e+00 4.552051117616583653e+00 4.552051117616583653e+00 4.552051117616583653e+00
5.800000000000000000e+01 4.564907373830065396e+00 4.564907373830065396e+00 4.564907373830065396e+00 4.564907373830065396e+00
5.900000000000000000e+01 5.008070026073066394e+00 5.008070026073066394e+00 5.008070026073066394e+00 5.008070026073066394e+00
6.000000000000000000e+01 5.157804765761626165e+00 5.157804765761626165e+00 5.157804765761626165e+00 5.157804765761626165e+00
6.100000000000000000e+01 5.817298897678955250e+00 5.817298897678955250e+00 5.817298897678955250e+00 5.817298897678955250e+00
6.200000000000000000e+01 5.944887750294366668e+00 5.944887750294366668e+00 5.944887750294366668e+00 5.944887750294366668e+00
6.300000000000000000e+01 5.973113565362285549e+00 5.973113565362285549e+00 5.973113565362285549e+00 5.973113565362285549e+00
6.400000000000000000e+01 5.741814165867722863e+00 5.741814165867722863e+00 5.741814165867722863e+00 5.741814165867722863e+00
6.500000000000000000e+01 5.617724032791754141e+00 5.617724032791754141e+00 5.617724032791754141e+00 5.617724032791754141e+00
6.600000000000000000e+01 5.510231658791039600e+00 5.510231658791039600e+00 5.510231658791039600e+00 5.510231658791039600e+00
6.700000000000000000e+01 5.193578237222632232e+00 5.193578237222632232e+00 5.193578237222632232e+00 5.193578237222632232e+00
6.800000000000000000e+01 5.322081944268516551e+00 5.322081944268516551e+00 5.322081944268516551e+00 5.322081944268516551e+00
6.900000000000000000e+01 4.992046777842169547e+00 4.992046777842169547e+00 4.992046777842169547e+00 4.992046777842169547e+00
7.000000000000000000e+01 5.277628268694400937e+00 5.277628268694400937e+00 5.277628268694400937e+00 5.277628268694400937e+00
7.100000000000000000e+01 4.879878221678794148e+00 4.879878221678794148e+00 4.879878221678794148e+00 4.879878221678794148e+00
7.200000000000000000e+01 4.917302523717853369e+00 4.917302523717853369e+00 4.917302523717853369e+00 4.917302523717853369e+00
7.300000000000000000e+01 4.379204459517719528e+00 4.379204459517719528e+00 4.379204459517719528e+00 4.379204459517719528e+00
7.400000000000000000e+01 4.286449341135251778e+00 4.286449341135251778e+00 4.286449341135251778e+00 4.286449341135251778e+00
7.500000000000000000e+01 3.964612097291118076e+00 3.964612097291118076e+00 3.964612097291118076e+00 3.964612097291118076e+00
7.600000000000000000e+01 3.925901636978270659e+00 3.925901636978270659e+00 3.925901636978270659e+00 3.925901636978270659e+00
7.700000000000000000e+01 4.069918137511534084e+00 4.069918137511534084e+00 4.069918137511534084e+00 4.069918137511534084e+00
7.800000000000000000e+01 4.074412726146009689e+00 4.074412726146009689e+00 4.074412726146009689e+00 4.074412726146009689e+00
7.900000000000000000e+01 4.497727948293673172e+00 4.497727948293673172e+00 4.497727948293673172e+00 4.497727948293673172e+00
8.000000000000000000e+01 4.429254670527304150e+00 4.429254670527304150e+00 4.429254670527304150e+00 4.429254670527304150e+00
8.100000000000000000e+01 5.167296163241331897e+00 5.167296163241331897e+00 5.167296163241331897e+00 5.167296163241331897e+00
8.200000000000000000e+01 5.034129810509199388e+00 5.034129810509199388e+00 5.034129810509199388e+00 5.034129810509199388e+00
8.300000000000000000e+01 5.004735891469873188e+00 5.004735891469873188e+00 5.004735891469873188e+00 5.004735891469873188e+00
8.400000000000000000e+01 5.164946046888035269e+00 5.164946046888035269e+00 5.164946046888035269e+00 5.164946046888035269e+00
8.500000000000000000e+01 5.149593575458211170e+00 5.149593575458211170e+00 5.149593575458211170e+00 5.149593575458211170e+00
8.600000000000000000e+01 4.799654752553855985e+00 4.799654752553855985e+00 4.799654752553855985e+00 4.799654752553855985e+00
8.700000000000000000e+01 5.006735347359694721e+00 5.006735347359694721e+00 5.006735347359694721e+00 5.006735347359694721e+00
8.800000000000000000e+01 4.623267757883382068e+00 4.623267757883382068e+00 4.623267757883382068e+00 4.623267757883382068e+00
8.900000000000000000e+01 4.461518787654303431e+00 4.461518787654303431e+00 4.461518787654303431e+00 4.461518787654303431e+00
9.000000000000000000e+01 4.081364550539189118e+00 4.081364550539189118e+00 4.081364550539189118e+00 4.081364550539189118e+00
9.100000000000000000e+01 3.737548592354547505e+00 3.737548592354547505e+00 3.737548592354547505e+00 3.737548592354547505e+00
9.200000000000000000e+01 3.450070555417297680e+00 3.450070555417297680e+00 3.450070555417297680e+00 3.450070555417297680e+00
9.300000000000000000e+01 3.246442737699539727e+00 3.246442737699539727e+00 3.246442737699539727e+00 3.246442737699539727e+00
9.400000000000000000e+01 3.068895507084921981e+00 3.068895507084921981e+00 3.068895507084921981e+00 3.068895507084921981e+00
9.500000000000000000e+01 3.063103195270850065e+00 3.063103195270850065e+00 3.063103195270850065e+00 3.063103195270850065e+00
9.600000000000000000e+01 3.173015072964451289e+00 3.173015072964451289e+00 3.173015072964451289e+00 3.173015072964451289e+00
9.700000000000000000e+01 3.554368516218950003e+00 3.554368516218950003e+00 3.554368516218950003e+00 3.554368516218950003e+00
9.800000000000000000e+01 3.495583629726414454e+00 3.495583629726414454e+00 3.495583629726414454e+00 3.495583629726414454e+00
9.900000000000000000e+01 4.095805333395563963e+00 4.095805333395563963e+00 4.095805333395563963e+00 4.095805333395563963e+00
