0.000000000000000000e+00 -2.453470081866276242e+00 -2.453470081866276242e+00 -2.453470081866276242e+00 -2.453470081866276242e+00
1.000000000000000000e+00 -1.698977153591512801e+00 -1.698977153591512801e+00 -1.698977153591512801e+00 -1.698977153591512801e+00
2.000000000000000000e+00 -1.361227541003399155e+00 -1.361227541003399155e+00 -1.361227541003399155e+00 -1.361227541003399155e+00
3.000000000000000000e+00 -1.139786511954904658e+00 -1.139786511954904658e+00 -1.139786511954904658e+00 -1.139786511954904658e+00
4.000000000000000000e+00 -7.961936016115513937e-01 -7.961936016115513937e-01 -7.961936016115513937e-01 -7.961936016115513937e-01
5.000000000000000000e+00 -5.781224550959196407e-01 -5.781224550959196407e-01 -5.781224550959196407e-01 -5.781224550959196407e-01
6.000000000000000000e+00 -1.160995644447284425e+00 -1.160995644447284425e+00 -1.160995644447284425e+00 -1.160995644447284425e+00
7.000000000000000000e+00 -2.705624008736114972e-01 -2.705624008736114972e-01 -2.705624008736114972e-01 -2.705624008736114972e-01
8.000000000000000000e+00 -1.727172743821680512e-01 -1.727172743821680512e-01 -1.727172743821680512e-01 -1.727172743821680512e-01
9.000000000000000000e+00 -3.579811773172918987e-01 -3.579811773172918987e-01 -3.579811773172918987e-01 -3.579811773172918987e-01
1.000000000000000000e+01 -1.963231755394777567e-01 -1.963231755394777567e-01 -1.963231755394777567e-01 -1.963231755394777567e-01
1.100000000000000000e+01 1.409142778589916323e-01 1.409142778589916323e-01 1.409142778589916323e-01 1.409142778589916323e-01
1.200000000000000000e+01 2.543298132351419771e-01 2.543298132351419771e-01 2.543298132351419771e-01 2.543298132351419771e-01
1.300000000000000000e+01 1.797719274098444342e-01 1.797719274098444342e-01 1.797719274098444342e-01 1.797719274098444342e-01
1.400000000000000000e+01 3.294525851529647165e-01 3.294525851529647165e-01 3.294525851529647165e-01 3.294525851529647165e-01
1.500000000000000000e+01 1.814479957668215515e-01 1.814479957668215515e-01 1.814479957668215515e-01 1.814479957668215515e-01
1.600000000000000000e+01 -5.860528771143200949e-02 -5.860528771143200949e-02 -5.860528771143200949e-02 -5.860528771143200949e-02
1.700000000000000000e+01 3.936322704449456422e-01 3.936322704449456422e-01 3.936322704449456422e-01 3.936322704449456422e-01
1.800000000000000000e+01 4.746154746289996118e-01 4.746154746289996118e-01 4.746154746289996118e-01 4.746154746289996118e-01
1.900000000000000000e+01 6.697190443430639517e-01 6.697190443430639517e-01 6.697190443430639517e-01 6.697190443430639517e-01
2.000000000000000000e+01 8.023298746947353788e-01 8.023298746947353788e-01 8.023298746947353788e-01 8.023298746947353788e-01
2.100000000000000000e+01 5.012384882911111728e-01 5.012384882911111728e-01 5.012384882911111728e-01 5.012384882911111728e-01
2.200000000000000000e+01 9.549033174001456681e-01 9.549033174001456681e-01 9.549033174001456681e-01 9.549033174001456681e-01
2.300000000000000000e+01 5.807986896553594125e-01 5.807986896553594125e-01 5.807986896553594125e-01 5.807986896553594125e-01
2.400000000000000000e+01 8.793205768292225999e-01 8.793205768292225999e-01 8.793205768292225999e-01 8.793205768292225999e-01
2.500000000000000000e+01 6.709194726905545192e-01 6.709194726905545192e-01 6.709194726905545192e-01 6.709194726905545192e-01
2.600000000000000000e+01 8.617889791223077856e-01 8.617889791223077856e-01 8.617889791223077856e-01 8.617889791223077856e-01
2.700000000000000000e+01 1.017643438464400640e+00 1.017643438464400640e+00 1.017643438464400640e+00 1.017643438464400640e+00
2.800000000000000000e+01 1.154706661153015901e+00 1.154706661153015901e+00 1.154706661153015901e+00 1.154706661153015901e+00
2.900000000000000000e+01 1.446836550968656043e+00 1.446836550968656043e+00 1.446836550968656043e+00 1.446836550968656043e+00
3.000000000000000000e+01 1.318230777418335053e+00 1.318230777418335053e+00 1.318230777418335053e+00 1.318230777418335053e+00
3.100000000000000000e+01 1.554507188057751454e+00 1.554507188057751454e+00 1.554507188057751454e+00 1.554507188057751454e+00
3.200000000000000000e+01 1.232065688268484838e+00 1.232065688268484838e+00 1.232065688268484838e+00 1.232065688268484838e+00
3.300000000000000000e+01 1.145714290503310195e+00 1.145714290503310195e+00 1.145714290503310195e+00 1.145714290503310195e+00
3.400000000000000000e+01 1.205044279043719913e+00 1.205044279043719913e+00 1.205044279043719913e+00 1.205044279043719913e+00
3.500000000000000000e+01 1.284751827420156367e+00 1.284751827420156367e+00 1.284751827420156367e+00 1.284751827420156367e+00
3.600000000000000000e+01 1.398146369546484857e+00 1.398146369546484857e+00 1.398146369546484857e+00 1.398146369546484857e+00
3.700000000000000000e+01 1.643638184488148024e+00 1.643638184488148024e+00 1.643638184488148024e+00 1.643638184488148024e+00
3.800000000000000000e+01 1.901206689031714525e+00 1.901206689031714525e+00 1.901206689031714525e+00 1.901206689031714525e+00
3.900000000000000000e+01 1.984606208291118667e+00 1.984606208291118667e+00 1.984606208291118667e+00 1.984606208291118667e+00
4.000000000000000000e+01 1.413943467820048872e+00 1.413943467820048872e+00 1.413943467820048872e+00 1.413943467820048872e+00
4.100000000000000000e+01 1.782583658439286012e+00 1.782583658439286012e+00 1.782583658439286012e+00 1.782583658439286012e+00
4.200000000000000000e+01 1.955637400514192992e+00 1.955637400514192992e+00 1.955637400514192992e+00 1.955637400514192992e+00
4.300000000000000000e+01 1.844501808564331213e+00 1.844501808564331213e+00 1.844501808564331213e+00 1.844501808564331213e+00
4.400000000000000000e+01 1.849769326637145328e+00 1.849769326637145328e+00 1.849769326637145328e+00 1.849769326637145328e+00
4.500000000000000000e+01 2.109314078703339312e+00 2.109314078703339312e+00 2.109314078703339312e+00 2.109314078703339312e+00
4.600000000000000000e+01 2.226046458495945846e+00 2.226046458495945846e+00 2.226046458495945846e+00 2.226046458495945846e+00
4.700000000000000000e+01 2.410941156833714683e+00 2.410941156833714683e+00 2.410941156833714683e+00 2.410941156833714683e+00
4.800000000000000000e+01 2.555342156550980182e+00 2.555342156550980182e+00 2.555342156550980182e+00 2.555342156550980182e+00
4.900000000000000000e+01 2.597720463868254726e+00 2.597720463868254726e+00 2.597720463868254726e+00 2.597720463868254726e+00
5.000000000000000000e+01 2.632358550465043745e+00 2.632358550465043745e+00 2.632358550465043745e+00 2.632358550465043745e+00
5.100000000000000000e+01 2.366585980244921394e+00 2.366585980244921394e+00 2.366585980244921394e+00 2.366585980244921394e+00
5.200000000000000000e+01 2.321939718162260746e+00 2.321939718162260746e+00 2.321939718162260746e+00 2.321939718162260746e+00
5.300000000000000000e+01 2.647393901902863611e+00 2.647393901902863611e+00 2.647393901902863611e+00 2.647393901902863611e+00
5.400000000000000000e+01 2.431090613505839215e+00 2.431090613505839215e+00 2.431090613505839215e+00 2.431090613505839215e+00
5.500000000000000000e+01 2.434454962787335308e+00 2.434454962787335308e+00 2.434454962787335308e+00 2.434454962787335308e+00
5.600000000000000000e+01 2.711556187171085153e+00 2.711556187171085153e+00 2.711556187171085153e+00 2.711556187171085153e+00
5.700000000000000000e+01 3.209161171141760249e+00 3.209161171141760249e+00 3.209161171141760249e+00 3.209161171141760249e+00
5.800000000000000000e+01 3.124735175442865831e+00 3.124735175442865831e+00 3.124735175442865831e+00 3.124735175442865831e+00
5.900000000000000000e+01 3.520504515204203599e+00 3.520504515204203599e+00 3.520504515204203599e+00 3.520504515204203599e+00
6.000000000000000000e+01 3.490693537869026475e+00 3.490693537869026475e+00 3.490693537869026475e+00 3.490693537869026475e+00
6.100000000000000000e+01 3.393268574422108053e+00 3.393268574422108053e+00 3.393268574422108053e+00 3.393268574422108053e+00
6.200000000000000000e+01 3.316722445568180966e+00 3.316722445568180966e+00 3.316722445568180966e+00 3.316722445568180966e+00
6.300000000000000000e+01 3.106777837507192608e+00 3.106777837507192608e+00 3.106777837507192608e+00 3.106777837507192608e+00
6.400000000000000000e+01 3.036504887426221266e+00 3.036504887426221266e+00 3.036504887426221266e+00 3.036504887426221266e+00
6.500000000000000000e+01 2.938772429971363565e+00 2.938772429971363565e+00 2.938772429971363565e+00 2.938772429971363565e+00
6.600000000000000000e+01 3.202043324214058906e+00 3.202043324214058906e+00 3.202043324214058906e+00 3.202043324214058906e+00
6.700000000000000000e+01 3.645190686616633258e+00 3.645190686616633258e+00 3.645190686616633258e+00 3.645190686616633258e+00
6.800000000000000000e+01 3.963029069356239553e+00 3.963029069356239553e+00 3.963029069356239553e+00 3.963029069356239553e+00
6.900000000000000000e+01 3.735630202981653714e+00 3.735630202981653714e+00 3.735630202981653714e+00 3.735630202981653714e+00
7.000000000000000000e+01 3.728957630687448344e+00 3.728957630687448344e+00 3.728957630687448344e+00 3.728957630687448344e+00
7.100000000000000000e+01 3.552745034301812765e+00 3.552745034301812765e+00 3.552745034301812765e+00 3.552745034301812765e+00
7.200000000000000000e+01 3.652163821464013527e+00 3.652163821464013527e+00 3.652163821464013527e+00 3.652163821464013527e+00
7.300000000000000000e+01 3.360231323705749507e+00 3.360231323705749507e+00 3.360231323705749507e+00 3.360231323705749507e+00
7.400000000000000000e+01 3.144596212783213662e+00 3.144596212783213662e+00 3.144596212783213662e+00 3.144596212783213662e+00
7.500000000000000000e+01 3.200715542286634019e+00 3.200715542286634019e+00 3.200715542286634019e+00 3.200715542286634019e+00
7.600000000000000000e+01 3.528968424690249961e+00 3.528968424690249961e+00 3.528968424690249961e+00 3.528968424690249961e+00
7.700000000000000000e+01 3.718764979144551841e+00 3.718764979144551841e+00 3.718764979144551841e+00 3.718764979144551841e+00
7.800000000000000000e+01 3.924667315039927828e+00 3.924667315039927828e+00 3.924667315039927828e+00 3.924667315039927828e+00
7.900000000000000000e+01 3.589387599998069778e+00 3.589387599998069778e+00 3.589387599998069778e+00 3.589387599998069778e+00
8.000000000000000000e+01 3.584687456953508544e+00 3.584687456953508544e+00 3.584687456953508544e+00 3.584687456953508544e+00
8.100000000000000000e+01 3.571459597028826760e+00 3.571459597028826760e+00 3.571459597028826760e+00 3.571459597028826760e+00
8.200000000000000000e+01 3.290295145539910759e+00 3.290295145539910759e+00 3.290295145539910759e+00 3.290295145539910759e+00
8.300000000000000000e+01 3.124645573619362349e+00 3.124645573619362349e+00 3.124645573619362349e+00 3.124645573619362349e+00
8.400000000000000000e+01 3.422528625125421442e+00 3.422528625125421442e+00 3.422528625125421442e+00 3.422528625125421442e+00
8.500000000000000000e+01 3.831165184051964712e+00 3.831165184051964712e+00 3.831165184051964712e+00 3.831165184051964712e+00
8.600000000000000000e+01 3.814520488662267006e+00 3.814520488662267006e+00 3.814520488662267006e+00 3.814520488662267006e+00
8.700000000000000000e+01 3.693599821963335916e+00 3.693599821963335916e+00 3.693599821963335916e+00 3.693599821963335916e+00
8.800000000000000000e+01 3.619558045964216930e+00 3.619558045964216930e+00 3.619558045964216930e+00 3.619558045964216930e+00
8.900000000000000000e+01 3.593679828081148830e+00 3.593679828081148830e+00 3.593679828081148830e+00 3.593679828081148830e+00
9.000000000000000000e+01 3.484670377988973833e+00 3.484670377988973833e+00 3.484670377988973833e+00 3.484670377988973833e+00
9.100000000000000000e+01 3.288984251358971100e+00 3.288984251358971100e+00 3.288984251358971100e+00 3.288984251358971100e+00
9.200000000000000000e+01 3.347612988834975933e+00 3.347612988834975933e+00 3.347612988834975933e+00 3.347612988834975933e+00
9.300000000000000000e+01 3.214633162368362385e+00 3.214633162368362385e+00 3.214633162368362385e+00 3.214633162368362385e+00
9.400000000000000000e+01 3.286834292725921980e+00 3.286834292725921980e+00 3.286834292725921980e+00 3.286834292725921980e+00
9.500000000000000000e+01 3.610670110279239786e+00 3.610670110279239786e+00 3.610670110279239786e+00 3.610670110279239786e+00
9.600000000000000000e+01 3.106158431598715186e+00 3.106158431598715186e+00 3.106158431598715186e+00 3.106158431598715186e+00
9.700000000000000000e+01 3.087250166056905609e+00 3.087250166056905609e+00 3.087250166056905609e+00 3.087250166056905609e+00
9.800000000000000000e+01 3.099651474351906799e+00 3.099651474351906799e+00 3.099651474351906799e+00 3.099651474351906799e+00
9.900000000000000000e+01 3.329687052757391186e+00 3.329687052757391186e+00 3.329687052757391186e+00 3.329687052757391186e+00
