0.000000000000000000e+00 -7.584740977726149580e-02 -7.584740977726149580e-02 -7.584740977726149580e-02 -7.584740977726149580e-02
1.000000000000000000e+00 1.093526026280933552e-02 1.093526026280933552e-02 1.093526026280933552e-02 1.093526026280933552e-02
2.000000000000000000e+00 -1.498868104556237424e-01 -1.498868104556237424e-01 -1.498868104556237424e-01 -1.498868104556237424e-01
3.000000000000000000e+00 -1.827505908111396182e-01 -1.827505908111396182e-01 -1.827505908111396182e-01 -1.827505908111396182e-01
4.000000000000000000e+00 -1.241028019482752487e-01 -1.241028019482752487e-01 -1.241028019482752487e-01 -1.241028019482752487e-01
5.000000000000000000e+00 -9.972286574633815182e-02 -9.972286574633815182e-02 -9.972286574633815182e-02 -9.972286574633815182e-02
6.000000000000000000e+00 -2.736591516328796825e-01 -2.736591516328796825e-01 -2.736591516328796825e-01 -2.736591516328796825e-01
7.000000000000000000e+00 8.338272439049639051e-02 8.338272439049639051e-02 8.338272439049639051e-02 8.338272439049639051e-02
8.000000000000000000e+00 5.535671076577986655e-02 5.535671076577986655e-02 5.535671076577986655e-02 5.535671076577986655e-02
9.000000000000000000e+00 -2.312774014441521808e-01 -2.312774014441521808e-01 -2.312774014441521808e-01 -2.312774014441521808e-01
1.000000000000000000e+01 -8.319908642544117383e-02 -8.319908642544117383e-02 -8.319908642544117383e-02 -8.319908642544117383e-02
1.100000000000000000e+01 4.294848178937027416e-02 4.294848178937027416e-02 4.294848178937027416e-02 4.294848178937027416e-02
1.200000000000000000e+01 1.073045008625635871e-01 1.073045008625635871e-01 1.073045008625635871e-01 1.073045008625635871e-01
1.300000000000000000e+01 -1.418209072289737804e-01 -1.418209072289737804e-01 -1.418209072289737804e-01 -1.418209072289737804e-01
1.400000000000000000e+01 -3.121840817297575343e-01 -3.121840817297575343e-01 -3.121840817297575343e-01 -3.121840817297575343e-01
1.500000000000000000e+01 -1.406082286906732981e-01 -1.406082286906732981e-01 -1.406082286906732981e-01 -1.406082286906732981e-01
1.600000000000000000e+01 -2.835193396801796717e-01 -2.835193396801796717e-01 -2.835193396801796717e-01 -2.835193396801796717e-01
1.700000000000000000e+01 -3.569870152342524139e-01 -3.569870152342524139e-01 -3.569870152342524139e-01 -3.569870152342524139e-01
1.800000000000000000e+01 -7.789277478464717852e-01 -7.789277478464717852e-01 -7.789277478464717852e-01 -7.789277478464717852e-01
1.900000000000000000e+01 -1.171798834900041442e+00 -1.171798834900041442e+00 -1.171798834900041442e+00 -1.171798834900041442e+00
2.000000000000000000e+01 -1.601597558135933630e+00 -1.601597558135933630e+00 -1.601597558135933630e+00 -1.601597558135933630e+00
2.100000000000000000e+01 -1.740056398462602072e+00 -1.740056398462602072e+00 -1.740056398462602072e+00 -1.740056398462602072e+00
2.200000000000000000e+01 -1.678687377395033486e+00 -1.678687377395033486e+00 -1.678687377395033486e+00 -1.678687377395033486e+00
2.300000000000000000e+01 -1.584944292865085202e+00 -1.584944292865085202e+00 -1.584944292865085202e+00 -1.584944292865085202e+00
2.400000000000000000e+01 -1.212431598086967988e+00 -1.212431598086967988e+00 -1.212431598086967988e+00 -1.212431598086967988e+00
2.500000000000000000e+01 -9.550492317284796639e-01 -9.550492317284796639e-01 -9.550492317284796639e-01 -9.550492317284796639e-01
2.600000000000000000e+01 -6.697057961385615155e-01 -6.697057961385615155e-01 -6.697057961385615155e-01 -6.697057961385615155e-01
2.700000000000000000e+01 -5.369221193203008724e-01 -5.369221193203008724e-01 -5.369221193203008724e-01 -5.369221193203008724e-01
2.800000000000000000e+01 -3.906010736340750356e-01 -3.906010736340750356e-01 -3.906010736340750356e-01 -3.906010736340750356e-01
2.900000000000000000e+01 -3.063545608219598315e-01 -3.063545608219598315e-01 -3.063545608219598315e-01 -3.063545608219598315e-01
3.000000000000000000e+01 -9.509001698372332445e-02 -9.509001698372332445e-02 -9.509001698372332445e-02 -9.509001698372332445e-02
3.100000000000000000e+01 -1.663697130446102623e-01 -1.663697130446102623e-01 -1.663697130446102623e-01 -1.663697130446102623e-01
3.200000000000000000e+01 -1.926012185156071033e-01 -1.926012185156071033e-01 -1.926012185156071033e-01 -1.926012185156071033e-01
3.300000000000000000e+01 -1.578498710541556271e-01 -1.578498710541556271e-01 -1.578498710541556271e-01 -1.578498710541556271e-01
3.400000000000000000e+01 -7.208353450209399604e-02 -7.208353450209399604e-02 -7.208353450209399604e-02 -7.208353450209399604e-02
3.500000000000000000e+01 1.421782485479878844e-01 1.421782485479878844e-01 1.421782485479878844e-01 1.421782485479878844e-01
3.600000000000000000e+01 -2.166891130826735946e-03 -2.166891130826735946e-03 -2.166891130826735946e-03 -2.166891130826735946e-03
3.700000000000000000e+01 1.708009751300638979e-01 1.708009751300638979e-01 1.708009751300638979e-01 1.708009751300638979e-01
3.800000000000000000e+01 2.327410810343851222e-01 2.327410810343851222e-01 2.327410810343851222e-01 2.327410810343851222e-01
3.900000000000000000e+01 2.183243698489998330e-01 2.183243698489998330e-01 2.183243698489998330e-01 2.183243698489998330e-01
4.000000000000000000e+01 3.026684472619088906e-01 3.026684472619088906e-01 3.026684472619088906e-01 3.026684472619088906e-01
4.100000000000000000e+01 2.668627561955628225e-01 2.668627561955628225e-01 2.668627561955628225e-01 2.668627561955628225e-01
4.200000000000000000e+01 5.936913907908633603e-02 5.936913907908633603e-02 5.936913907908633603e-02 5.936913907908633603e-02
4.300000000000000000e+01 9.403963250108131333e-02 9.403963250108131333e-02 9.403963250108131333e-02 9.403963250108131333e-02
4.400000000000000000e+01 7.980666024432965522e-02 7.980666024432965522e-02 7.980666024432965522e-02 7.980666024432965522e-02
4.500000000000000000e+01 1.286842215144652635e-01 1.286842215144652635e-01 1.286842215144652635e-01 1.286842215144652635e-01
4.600000000000000000e+01 1.523683325186160897e-01 1.523683325186160897e-01 1.523683325186160897e-01 1.523683325186160897e-01
4.700000000000000000e+01 1.270432278619121058e-01 1.270432278619121058e-01 1.270432278619121058e-01 1.270432278619121058e-01
4.800000000000000000e+01 2.628198547713090916e-01 2.628198547713090916e-01 2.628198547713090916e-01 2.628198547713090916e-01
4.900000000000000000e+01 1.718923343611008375e-02 1.718923343611008375e-02 1.718923343611008375e-02 1.718923343611008375e-02
5.000000000000000000e+01 1.360600220627227602e-02 1.360600220627227602e-02 1.360600220627227602e-02 1.360600220627227602e-02
5.100000000000000000e+01 6.164671769490998737e-02 6.164671769490998737e-02 6.164671769490998737e-02 6.164671769490998737e-02
5.200000000000000000e+01 5.486984915896241793e-02 5.486984915896241793e-02 5.486984915896241793e-02 5.486984915896241793e-02
5.300000000000000000e+01 4.407830572233074895e-02 4.407830572233074895e-02 4.407830572233074895e-02 4.407830572233074895e-02
5.400000000000000000e+01 -6.311313826844476560e-02 -6.311313826844476560e-02 -6.311313826844476560e-02 -6.311313826844476560e-02
5.500000000000000000e+01 1.634849434174540928e-01 1.634849434174540928e-01 1.634849434174540928e-01 1.634849434174540928e-01
5.600000000000000000e+01 8.008101239006790162e-02 8.008101239006790162e-02 8.008101239006790162e-02 8.008101239006790162e-02
5.700000000000000000e+01 8.927657243005948651e-02 8.927657243005948651e-02 8.927657243005948651e-02 8.927657243005948651e-02
5.800000000000000000e+01 1.908853287171823621e-01 1.908853287171823621e-01 1.908853287171823621e-01 1.908853287171823621e-01
5.900000000000000000e+01 2.323275459017003775e-01 2.323275459017003775e-01 2.323275459017003775e-01 2.323275459017003775e-01
6.000000000000000000e+01 1.165085089114778760e-01 1.165085089114778760e-01 1.165085089114778760e-01 1.165085089114778760e-01
6.100000000000000000e+01 1.404794515556204715e-01 1.404794515556204715e-01 1.404794515556204715e-01 1.404794515556204715e-01
6.200000000000000000e+01 1.363934464988578177e-01 1.363934464988578177e-01 1.363934464988578177e-01 1.363934464988578177e-01
6.300000000000000000e+01 4.654327481372558806e-01 4.654327481372558806e-01 4.654327481372558806e-01 4.654327481372558806e-01
6.400000000000000000e+01 1.040786556431812504e-01 1.040786556431812504e-01 1.040786556431812504e-01 1.040786556431812504e-01
6.500000000000000000e+01 3.145242840201471490e-01 3.145242840201471490e-01 3.145242840201471490e-01 3.145242840201471490e-01
6.600000000000000000e+01 3.580548317323444807e-01 3.580548317323444807e-01 3.580548317323444807e-01 3.580548317323444807e-01
6.700000000000000000e+01 2.089303488172028767e-01 2.089303488172028767e-01 2.089303488172028767e-01 2.089303488172028767e-01
6.800000000000000000e+01 9.429119382277403871e-02 9.429119382277403871e-02 9.429119382277403871e-02 9.429119382277403871e-02
6.900000000000000000e+01 1.884184160248394413e-01 1.884184160248394413e-01 1.884184160248394413e-01 1.884184160248394413e-01
7.000000000000000000e+01 2.334479918028862511e-01 2.334479918028862511e-01 2.334479918028862511e-01 2.334479918028862511e-01
7.100000000000000000e+01 1.191935495986281290e-01 1.191935495986281290e-01 1.191935495986281290e-01 1.191935495986281290e-01
7.200000000000000000e+01 1.235699362949434360e-01 1.235699362949434360e-01 1.235699362949434360e-01 1.235699362949434360e-01
7.300000000000000000e+01 4.923718339376701586e-02 4.923718339376701586e-02 4.923718339376701586e-02 4.923718339376701586e-02
7.400000000000000000e+01 8.566814226507703245e-02 8.566814226507703245e-02 8.566814226507703245e-02 8.566814226507703245e-02
7.500000000000000000e+01 1.145486086404204351e-01 1.145486086404204351e-01 1.145486086404204351e-01 1.145486086404204351e-01
7.600000000000000000e+01 1.364982014894417228e-01 1.364982014894417228e-01 1.364982014894417228e-01 1.364982014894417228e-01
7.700000000000000000e+01 1.328435212450496117e-01 1.328435212450496117e-01 1.328435212450496117e-01 1.328435212450496117e-01
7.800000000000000000e+01 -1.403255510042165366e-01 -1.403255510042165366e-01 -1.403255510042165366e-01 -1.403255510042165366e-01
7.900000000000000000e+01 -1.515724133586570932e-01 -1.515724133586570932e-01 -1.515724133586570932e-01 -1.515724133586570932e-01
8.000000000000000000e+01 6.234963973950604504e-02 6.234963973950604504e-02 6.234963973950604504e-02 6.234963973950604504e-02
8.100000000000000000e+01 -1.270240719250253190e-02 -1.270240719250253190e-02 -1.270240719250253190e-02 -1.270240719250253190e-02
8.200000000000000000e+01 -1.444604289865961642e-02 -1.444604289865961642e-02 -1.444604289865961642e-02 -1.444604289865961642e-02
8.300000000000000000e+01 1.745667935333680698e-01 1.745667935333680698e-01 1.745667935333680698e-01 1.745667935333680698e-01
8.400000000000000000e+01 1.132227466146075723e-01 1.132227466146075723e-01 1.132227466146075723e-01 1.132227466146075723e-01
8.500000000000000000e+01 3.186019568806321145e-02 3.186019568806321145e-02 3.186019568806321145e-02 3.186019568806321145e-02
8.600000000000000000e+01 3.030166722458286777e-01 3.030166722458286777e-01 3.030166722458286777e-01 3.030166722458286777e-01
8.700000000000000000e+01 1.757464918597766990e-01 1.757464918597766990e-01 1.757464918597766990e-01 1.757464918597766990e-01
8.800000000000000000e+01 -9.561849481517509242e-02 -9.561849481517509242e-02 -9.561849481517509242e-02 -9.561849481517509242e-02
8.900000000000000000e+01 9.004814802480125280e-02 9.004814802480125280e-02 9.004814802480125280e-02 9.004814802480125280e-02
9.000000000000000000e+01 -1.112656612441007865e-02 -1.112656612441007865e-02 -1.112656612441007865e-02 -1.112656612441007865e-02
9.100000000000000000e+01 -7.966095938036764357e-02 -7.966095938036764357e-02 -7.966095938036764357e-02 -7.966095938036764357e-02
9.200000000000000000e+01 2.172746911207228127e-01 2.172746911207228127e-01 2.172746911207228127e-01 2.172746911207228127e-01
9.300000000000000000e+01 -5.489248438052872492e-02 -5.489248438052872492e-02 -5.489248438052872492e-02 -5.489248438052872492e-02
9.400000000000000000e+01 1.227000339777106624e-01 1.227000339777106624e-01 1.227000339777106624e-01 1.227000339777106624e-01
9.500000000000000000e+01 1.121669827644710266e-01 1.121669827644710266e-01 1.121669827644710266e-01 1.121669827644710266e-01
9.600000000000000000e+01 -8.889703537644119691e-02 -8.889703537644119691e-02 -8.889703537644119691e-02 -8.889703537644119691e-02
9.700000000000000000e+01 -9.354453301875233998e-04 -9.354453301875233998e-04 -9.354453301875233998e-04 -9.354453301875233998e-04
9.800000000000000000e+01 2.637360636964565797e-01 2.637360636964565797e-01 2.637360636964565797e-01 2.637360636964565797e-01
9.900000000000000000e+01 -1.997279774776959116e-01 -1.997279774776959116e-01 -1.997279774776959116e-01 -1.997279774776959116e-01
1.000000000000000000e+02 5.728029918185174180e-02 5.728029918185174180e-02 5.728029918185174180e-02 5.728029918185174180e-02
1.010000000000000000e+02 -8.063039347234045306e-02 -8.063039347234045306e-02 -8.063039347234045306e-02 -8.063039347234045306e-02
1.020000000000000000e+02 1.062107954842119451e-01 1.062107954842119451e-01 1.062107954842119451e-01 1.062107954842119451e-01
1.030000000000000000e+02 6.093892736824131351e-01 6.093892736824131351e-01 6.093892736824131351e-01 6.093892736824131351e-01
1.040000000000000000e+02 -9.997869171805036370e-02 -9.997869171805036370e-02 -9.997869171805036370e-02 -9.997869171805036370e-02
1.050000000000000000e+02 5.305705652157231139e-02 5.305705652157231139e-02 5.305705652157231139e-02 5.305705652157231139e-02
1.060000000000000000e+02 3.980455121766462989e-02 3.980455121766462989e-02 3.980455121766462989e-02 3.980455121766462989e-02
1.070000000000000000e+02 1.089261747365405514e-01 1.089261747365405514e-01 1.089261747365405514e-01 1.089261747365405514e-01
1.080000000000000000e+02 8.273357966915097228e-02 8.273357966915097228e-02 8.273357966915097228e-02 8.273357966915097228e-02
1.090000000000000000e+02 1.213785032501153716e-01 1.213785032501153716e-01 1.213785032501153716e-01 1.213785032501153716e-01
1.100000000000000000e+02 1.827274631151389328e-01 1.827274631151389328e-01 1.827274631151389328e-01 1.827274631151389328e-01
1.110000000000000000e+02 -1.183531653447549362e-02 -1.183531653447549362e-02 -1.183531653447549362e-02 -1.183531653447549362e-02
1.120000000000000000e+02 1.016167607685667107e-01 1.016167607685667107e-01 1.016167607685667107e-01 1.016167607685667107e-01
1.130000000000000000e+02 -4.796985986615993902e-03 -4.796985986615993902e-03 -4.796985986615993902e-03 -4.796985986615993902e-03
1.140000000000000000e+02 1.830850786330576463e-01 1.830850786330576463e-01 1.830850786330576463e-01 1.830850786330576463e-01
1.150000000000000000e+02 -7.254890294125353190e-02 -7.254890294125353190e-02 -7.254890294125353190e-02 -7.254890294125353190e-02
1.160000000000000000e+02 6.218932545710446208e-02 6.218932545710446208e-02 6.218932545710446208e-02 6.218932545710446208e-02
1.170000000000000000e+02 1.187501761185168619e-01 1.187501761185168619e-01 1.187501761185168619e-01 1.187501761185168619e-01
1.180000000000000000e+02 5.854730694863757162e-02 5.854730694863757162e-02 5.854730694863757162e-02 5.854730694863757162e-02
