Time-delay1
1.917712890829790240e-01
8.177910752802618477e-01
2.275839284708363497e+00
1.437710387846636184e+00
1.555719562172276804e+00
1.424136394162456964e+00
1.125855818823586318e+00
1.711077691994356886e+00
2.545497832379495673e+00
2.636688264826438477e+00
2.515152415665414587e+00
2.694194910912369068e+00
2.960289020024713391e+00
3.193017387919587335e+00
3.293542083046755220e+00
3.356475046133774676e+00
3.395812437828586994e+00
3.371956232335751036e+00
3.762917526454725436e+00
3.325424991320361290e+00
2.795094285102191378e+00
3.232328124127961999e+00
3.678555977407228728e+00
3.874057440220124882e+00
4.139601988360427143e+00
4.178805075539709257e+00
4.333146777570596520e+00
4.277660780947346808e+00
4.158360226188650977e+00
4.214537493063282625e+00
4.362242287463856449e+00
4.425120479490635361e+00
4.815829142640992266e+00
5.186153765735770804e+00
5.824512568079757813e+00
5.150179125348008036e+00
5.146678008827144879e+00
5.150485453748150810e+00
5.202970202248179632e+00
4.929473284564403812e+00
4.979677162526049194e+00
5.436640997315057788e+00
5.790421984222781759e+00
6.374196369518861260e+00
6.609614431859364814e+00
6.883225262805123812e+00
6.641165659504506991e+00
6.032610794649536423e+00
5.876682295872780237e+00
5.128923597049288574e+00
5.480915684841469293e+00
5.965752219202002493e+00
6.469525119058512352e+00
7.059332600625846332e+00
7.124340129954253698e+00
7.430042929233136029e+00
7.045502976903749826e+00
6.773854295472330200e+00
6.569984183209832906e+00
6.506606881243118146e+00
6.419194510927439090e+00
5.883693312669052489e+00
6.216539289186556516e+00
6.664723728443136430e+00
7.358820879292481187e+00
7.364091321009763824e+00
7.690373422384074509e+00
7.818028646287480399e+00
7.773413653340287333e+00
7.977333427714936143e+00
8.006431297372412104e+00
8.305952840578685326e+00
8.844564674487623179e+00
9.206201427839621587e+00
8.473114527044662836e+00
8.599385653531728124e+00
8.399368084628385134e+00
8.210946070921743001e+00
8.047801586986384592e+00
8.137193011165747336e+00
8.374661915521244282e+00
8.687665623195808706e+00
8.949305477845570067e+00
9.284642532106397894e+00
9.360247321858427227e+00
8.849811774174485279e+00
7.239800695564101218e+00
6.437369261332928083e+00
6.262599782706425700e+00
6.162994758573208998e+00
6.093063300970538165e+00
6.237580974400895428e+00
6.407299664179071819e+00
6.519732832050152638e+00
6.502445361150110514e+00
6.502013600155448714e+00
6.334628199277602789e+00
6.202889157121081354e+00
6.420944628904661222e+00
