0.000000000000000000e+00 -5.122121152482456141e-01 -5.122121152482456141e-01 -5.122121152482456141e-01 -5.122121152482456141e-01
1.000000000000000000e+00 -1.754370603677333053e-03 -1.754370603677333053e-03 -1.754370603677333053e-03 -1.754370603677333053e-03
2.000000000000000000e+00 -6.844508286334323177e-01 -6.844508286334323177e-01 -6.844508286334323177e-01 -6.844508286334323177e-01
3.000000000000000000e+00 -7.781025486769632682e-01 -7.781025486769632682e-01 -7.781025486769632682e-01 -7.781025486769632682e-01
4.000000000000000000e+00 -5.026039378464991492e-01 -5.026039378464991492e-01 -5.026039378464991492e-01 -5.026039378464991492e-01
5.000000000000000000e+00 3.176549738826087155e-01 3.176549738826087155e-01 3.176549738826087155e-01 3.176549738826087155e-01
6.000000000000000000e+00 5.930989450925571171e-01 5.930989450925571171e-01 5.930989450925571171e-01 5.930989450925571171e-01
7.000000000000000000e+00 2.398785561153100321e-01 2.398785561153100321e-01 2.398785561153100321e-01 2.398785561153100321e-01
8.000000000000000000e+00 8.438562021073924280e-01 8.438562021073924280e-01 8.438562021073924280e-01 8.438562021073924280e-01
9.000000000000000000e+00 -1.852828346546701588e-01 -1.852828346546701588e-01 -1.852828346546701588e-01 -1.852828346546701588e-01
1.000000000000000000e+01 4.338717975719166287e-01 4.338717975719166287e-01 4.338717975719166287e-01 4.338717975719166287e-01
1.100000000000000000e+01 -2.023098394539098732e-01 -2.023098394539098732e-01 -2.023098394539098732e-01 -2.023098394539098732e-01
1.200000000000000000e+01 3.022847295990008232e-01 3.022847295990008232e-01 3.022847295990008232e-01 3.022847295990008232e-01
1.300000000000000000e+01 -2.758245984976015475e-01 -2.758245984976015475e-01 -2.758245984976015475e-01 -2.758245984976015475e-01
1.400000000000000000e+01 2.603354731429380342e-01 2.603354731429380342e-01 2.603354731429380342e-01 2.603354731429380342e-01
1.500000000000000000e+01 3.053003940555546469e-01 3.053003940555546469e-01 3.053003940555546469e-01 3.053003940555546469e-01
1.600000000000000000e+01 -9.100680077413007829e-02 -9.100680077413007829e-02 -9.100680077413007829e-02 -9.100680077413007829e-02
1.700000000000000000e+01 8.756217470908546074e-01 8.756217470908546074e-01 8.756217470908546074e-01 8.756217470908546074e-01
1.800000000000000000e+01 2.873993570269782194e-01 2.873993570269782194e-01 2.873993570269782194e-01 2.873993570269782194e-01
1.900000000000000000e+01 5.284013300459330376e-01 5.284013300459330376e-01 5.284013300459330376e-01 5.284013300459330376e-01
2.000000000000000000e+01 -1.049577720440385969e-02 -1.049577720440385969e-02 -1.049577720440385969e-02 -1.049577720440385969e-02
2.100000000000000000e+01 -1.790032404193937221e-01 -1.790032404193937221e-01 -1.790032404193937221e-01 -1.790032404193937221e-01
2.200000000000000000e+01 -5.024462167120567757e-02 -5.024462167120567757e-02 -5.024462167120567757e-02 -5.024462167120567757e-02
2.300000000000000000e+01 -6.462627890384958773e-01 -6.462627890384958773e-01 -6.462627890384958773e-01 -6.462627890384958773e-01
2.400000000000000000e+01 -1.864754351243141373e-01 -1.864754351243141373e-01 -1.864754351243141373e-01 -1.864754351243141373e-01
2.500000000000000000e+01 -2.599572855347102029e-01 -2.599572855347102029e-01 -2.599572855347102029e-01 -2.599572855347102029e-01
2.600000000000000000e+01 2.325658991814948673e-01 2.325658991814948673e-01 2.325658991814948673e-01 2.325658991814948673e-01
2.700000000000000000e+01 -3.736914141771406350e-01 -3.736914141771406350e-01 -3.736914141771406350e-01 -3.736914141771406350e-01
2.800000000000000000e+01 -1.735640681579424249e-01 -1.735640681579424249e-01 -1.735640681579424249e-01 -1.735640681579424249e-01
2.900000000000000000e+01 1.162508784415378082e-01 1.162508784415378082e-01 1.162508784415378082e-01 1.162508784415378082e-01
3.000000000000000000e+01 -3.150142034968770877e-01 -3.150142034968770877e-01 -3.150142034968770877e-01 -3.150142034968770877e-01
3.100000000000000000e+01 2.185515505047072315e-01 2.185515505047072315e-01 2.185515505047072315e-01 2.185515505047072315e-01
3.200000000000000000e+01 2.297441713980230837e-01 2.297441713980230837e-01 2.297441713980230837e-01 2.297441713980230837e-01
3.300000000000000000e+01 1.369499540547237382e-01 1.369499540547237382e-01 1.369499540547237382e-01 1.369499540547237382e-01
3.400000000000000000e+01 1.568601082337958419e-01 1.568601082337958419e-01 1.568601082337958419e-01 1.568601082337958419e-01
3.500000000000000000e+01 3.234382792615208002e-01 3.234382792615208002e-01 3.234382792615208002e-01 3.234382792615208002e-01
3.600000000000000000e+01 9.983688722133540194e-01 9.983688722133540194e-01 9.983688722133540194e-01 9.983688722133540194e-01
3.700000000000000000e+01 -9.621032542840815549e-02 -9.621032542840815549e-02 -9.621032542840815549e-02 -9.621032542840815549e-02
3.800000000000000000e+01 5.931371479134157632e-01 5.931371479134157632e-01 5.931371479134157632e-01 5.931371479134157632e-01
3.900000000000000000e+01 4.031938391555788676e-02 4.031938391555788676e-02 4.031938391555788676e-02 4.031938391555788676e-02
4.000000000000000000e+01 -1.353750281644788556e-01 -1.353750281644788556e-01 -1.353750281644788556e-01 -1.353750281644788556e-01
4.100000000000000000e+01 -4.754676187172853785e-01 -4.754676187172853785e-01 -4.754676187172853785e-01 -4.754676187172853785e-01
4.200000000000000000e+01 4.189422208296333938e-01 4.189422208296333938e-01 4.189422208296333938e-01 4.189422208296333938e-01
4.300000000000000000e+01 -7.042152610879975905e-01 -7.042152610879975905e-01 -7.042152610879975905e-01 -7.042152610879975905e-01
4.400000000000000000e+01 -9.231068480151164435e-01 -9.231068480151164435e-01 -9.231068480151164435e-01 -9.231068480151164435e-01
4.500000000000000000e+01 -5.484182593938113914e-01 -5.484182593938113914e-01 -5.484182593938113914e-01 -5.484182593938113914e-01
4.600000000000000000e+01 -1.401670965054126750e-01 -1.401670965054126750e-01 -1.401670965054126750e-01 -1.401670965054126750e-01
4.700000000000000000e+01 -7.432033082798756851e-01 -7.432033082798756851e-01 -7.432033082798756851e-01 -7.432033082798756851e-01
4.800000000000000000e+01 -1.113635265299634143e-02 -1.113635265299634143e-02 -1.113635265299634143e-02 -1.113635265299634143e-02
4.900000000000000000e+01 1.945305100056386738e-01 1.945305100056386738e-01 1.945305100056386738e-01 1.945305100056386738e-01
5.000000000000000000e+01 -2.000628331663951154e-01 -2.000628331663951154e-01 -2.000628331663951154e-01 -2.000628331663951154e-01
5.100000000000000000e+01 -4.489277753920222769e-01 -4.489277753920222769e-01 -4.489277753920222769e-01 -4.489277753920222769e-01
5.200000000000000000e+01 2.344076181281155510e-02 2.344076181281155510e-02 2.344076181281155510e-02 2.344076181281155510e-02
5.300000000000000000e+01 2.380794997024172355e-01 2.380794997024172355e-01 2.380794997024172355e-01 2.380794997024172355e-01
5.400000000000000000e+01 5.252834402273386383e-01 5.252834402273386383e-01 5.252834402273386383e-01 5.252834402273386383e-01
5.500000000000000000e+01 -1.038124083227495831e+00 -1.038124083227495831e+00 -1.038124083227495831e+00 -1.038124083227495831e+00
5.600000000000000000e+01 -5.870682045152721962e-01 -5.870682045152721962e-01 -5.870682045152721962e-01 -5.870682045152721962e-01
5.700000000000000000e+01 -2.176700635664675365e-01 -2.176700635664675365e-01 -2.176700635664675365e-01 -2.176700635664675365e-01
5.800000000000000000e+01 -1.491814554349593647e-01 -1.491814554349593647e-01 -1.491814554349593647e-01 -1.491814554349593647e-01
5.900000000000000000e+01 9.224171516988334540e-02 9.224171516988334540e-02 9.224171516988334540e-02 9.224171516988334540e-02
6.000000000000000000e+01 -6.551803922827771354e-01 -6.551803922827771354e-01 -6.551803922827771354e-01 -6.551803922827771354e-01
6.100000000000000000e+01 -1.493456811916022142e-01 -1.493456811916022142e-01 -1.493456811916022142e-01 -1.493456811916022142e-01
6.200000000000000000e+01 -3.319976553049278772e-02 -3.319976553049278772e-02 -3.319976553049278772e-02 -3.319976553049278772e-02
6.300000000000000000e+01 9.126462280658627357e-02 9.126462280658627357e-02 9.126462280658627357e-02 9.126462280658627357e-02
6.400000000000000000e+01 9.749777609441505621e-01 9.749777609441505621e-01 9.749777609441505621e-01 9.749777609441505621e-01
6.500000000000000000e+01 -5.584366880062672234e-01 -5.584366880062672234e-01 -5.584366880062672234e-01 -5.584366880062672234e-01
6.600000000000000000e+01 7.378795732260946538e-01 7.378795732260946538e-01 7.378795732260946538e-01 7.378795732260946538e-01
6.700000000000000000e+01 -5.907658654938396925e-01 -5.907658654938396925e-01 -5.907658654938396925e-01 -5.907658654938396925e-01
6.800000000000000000e+01 4.507818763677901575e-01 4.507818763677901575e-01 4.507818763677901575e-01 4.507818763677901575e-01
6.900000000000000000e+01 2.728288352838352249e-01 2.728288352838352249e-01 2.728288352838352249e-01 2.728288352838352249e-01
7.000000000000000000e+01 8.401144137392006772e-02 8.401144137392006772e-02 8.401144137392006772e-02 8.401144137392006772e-02
7.100000000000000000e+01 5.701251600980984380e-01 5.701251600980984380e-01 5.701251600980984380e-01 5.701251600980984380e-01
7.200000000000000000e+01 1.384344138834983293e-02 1.384344138834983293e-02 1.384344138834983293e-02 1.384344138834983293e-02
7.300000000000000000e+01 2.273399054935408559e-01 2.273399054935408559e-01 2.273399054935408559e-01 2.273399054935408559e-01
7.400000000000000000e+01 2.043787885311857122e-01 2.043787885311857122e-01 2.043787885311857122e-01 2.043787885311857122e-01
7.500000000000000000e+01 2.225330390916651635e-01 2.225330390916651635e-01 2.225330390916651635e-01 2.225330390916651635e-01
7.600000000000000000e+01 3.837791147103086220e-01 3.837791147103086220e-01 3.837791147103086220e-01 3.837791147103086220e-01
7.700000000000000000e+01 -7.077366522353034650e-02 -7.077366522353034650e-02 -7.077366522353034650e-02 -7.077366522353034650e-02
7.800000000000000000e+01 -4.658467734605364202e-02 -4.658467734605364202e-02 -4.658467734605364202e-02 -4.658467734605364202e-02
7.900000000000000000e+01 -1.006239777711004368e-01 -1.006239777711004368e-01 -1.006239777711004368e-01 -1.006239777711004368e-01
8.000000000000000000e+01 1.928486576498026905e-01 1.928486576498026905e-01 1.928486576498026905e-01 1.928486576498026905e-01
8.100000000000000000e+01 -3.612244307569606461e-01 -3.612244307569606461e-01 -3.612244307569606461e-01 -3.612244307569606461e-01
8.200000000000000000e+01 3.153227844389765444e-01 3.153227844389765444e-01 3.153227844389765444e-01 3.153227844389765444e-01
8.300000000000000000e+01 1.970194196985461388e-01 1.970194196985461388e-01 1.970194196985461388e-01 1.970194196985461388e-01
8.400000000000000000e+01 5.744570876600157971e-01 5.744570876600157971e-01 5.744570876600157971e-01 5.744570876600157971e-01
8.500000000000000000e+01 -2.678408421213380741e-01 -2.678408421213380741e-01 -2.678408421213380741e-01 -2.678408421213380741e-01
8.600000000000000000e+01 -5.314555612867876561e-02 -5.314555612867876561e-02 -5.314555612867876561e-02 -5.314555612867876561e-02
8.700000000000000000e+01 7.445145048113683828e-01 7.445145048113683828e-01 7.445145048113683828e-01 7.445145048113683828e-01
8.800000000000000000e+01 2.420442430575298620e-01 2.420442430575298620e-01 2.420442430575298620e-01 2.420442430575298620e-01
8.900000000000000000e+01 4.664393313267143903e-01 4.664393313267143903e-01 4.664393313267143903e-01 4.664393313267143903e-01
9.000000000000000000e+01 -3.403478464700110395e-01 -3.403478464700110395e-01 -3.403478464700110395e-01 -3.403478464700110395e-01
9.100000000000000000e+01 -2.370123214409992560e-02 -2.370123214409992560e-02 -2.370123214409992560e-02 -2.370123214409992560e-02
9.200000000000000000e+01 4.347791613705916380e-01 4.347791613705916380e-01 4.347791613705916380e-01 4.347791613705916380e-01
9.300000000000000000e+01 -3.622338321939658767e-01 -3.622338321939658767e-01 -3.622338321939658767e-01 -3.622338321939658767e-01
9.400000000000000000e+01 1.776459643166204749e+00 1.776459643166204749e+00 1.776459643166204749e+00 1.776459643166204749e+00
9.500000000000000000e+01 7.025403404436658672e-01 7.025403404436658672e-01 7.025403404436658672e-01 7.025403404436658672e-01
9.600000000000000000e+01 -1.114920430115209138e+00 -1.114920430115209138e+00 -1.114920430115209138e+00 -1.114920430115209138e+00
9.700000000000000000e+01 -2.845402372561049442e-01 -2.845402372561049442e-01 -2.845402372561049442e-01 -2.845402372561049442e-01
9.800000000000000000e+01 -1.484735411168172758e+00 -1.484735411168172758e+00 -1.484735411168172758e+00 -1.484735411168172758e+00
9.900000000000000000e+01 -6.621424600669341132e-01 -6.621424600669341132e-01 -6.621424600669341132e-01 -6.621424600669341132e-01
1.000000000000000000e+02 -8.149557087200823280e-02 -8.149557087200823280e-02 -8.149557087200823280e-02 -8.149557087200823280e-02
1.010000000000000000e+02 -8.017510076835456800e-01 -8.017510076835456800e-01 -8.017510076835456800e-01 -8.017510076835456800e-01
1.020000000000000000e+02 4.067805471551142610e-02 4.067805471551142610e-02 4.067805471551142610e-02 4.067805471551142610e-02
1.030000000000000000e+02 -3.968763848593611088e-01 -3.968763848593611088e-01 -3.968763848593611088e-01 -3.968763848593611088e-01
1.040000000000000000e+02 -4.415628904270312294e-01 -4.415628904270312294e-01 -4.415628904270312294e-01 -4.415628904270312294e-01
1.050000000000000000e+02 9.358361505889646603e-02 9.358361505889646603e-02 9.358361505889646603e-02 9.358361505889646603e-02
1.060000000000000000e+02 -7.320401748730063218e-01 -7.320401748730063218e-01 -7.320401748730063218e-01 -7.320401748730063218e-01
1.070000000000000000e+02 7.463694870870488662e-01 7.463694870870488662e-01 7.463694870870488662e-01 7.463694870870488662e-01
1.080000000000000000e+02 1.332842902020394682e-01 1.332842902020394682e-01 1.332842902020394682e-01 1.332842902020394682e-01
1.090000000000000000e+02 -5.841736151360130691e-01 -5.841736151360130691e-01 -5.841736151360130691e-01 -5.841736151360130691e-01
1.100000000000000000e+02 -4.342785839420104099e-01 -4.342785839420104099e-01 -4.342785839420104099e-01 -4.342785839420104099e-01
1.110000000000000000e+02 8.688159119101545036e-01 8.688159119101545036e-01 8.688159119101545036e-01 8.688159119101545036e-01
1.120000000000000000e+02 -2.567324620612102537e-01 -2.567324620612102537e-01 -2.567324620612102537e-01 -2.567324620612102537e-01
1.130000000000000000e+02 1.094146883885694921e+00 1.094146883885694921e+00 1.094146883885694921e+00 1.094146883885694921e+00
1.140000000000000000e+02 2.271367857415068081e-01 2.271367857415068081e-01 2.271367857415068081e-01 2.271367857415068081e-01
1.150000000000000000e+02 3.973656670382208489e-01 3.973656670382208489e-01 3.973656670382208489e-01 3.973656670382208489e-01
1.160000000000000000e+02 7.601678212991204164e-01 7.601678212991204164e-01 7.601678212991204164e-01 7.601678212991204164e-01
1.170000000000000000e+02 -2.825109141849956318e-01 -2.825109141849956318e-01 -2.825109141849956318e-01 -2.825109141849956318e-01
1.180000000000000000e+02 7.856468549425648096e-01 7.856468549425648096e-01 7.856468549425648096e-01 7.856468549425648096e-01
