6.000000000000000000e+01 1.579759380657976564e+01 1.579759380657976564e+01 1.579759380657976564e+01 1.579759380657976564e+01
6.100000000000000000e+01 1.635467705067132371e+01 1.635467705067132371e+01 1.635467705067132371e+01 1.635467705067132371e+01
6.200000000000000000e+01 1.674054775081365420e+01 1.674054775081365420e+01 1.674054775081365420e+01 1.674054775081365420e+01
6.300000000000000000e+01 1.614159321824923055e+01 1.614159321824923055e+01 1.614159321824923055e+01 1.614159321824923055e+01
6.400000000000000000e+01 1.629406752445535389e+01 1.629406752445535389e+01 1.629406752445535389e+01 1.629406752445535389e+01
6.500000000000000000e+01 1.619661558911811383e+01 1.619661558911811383e+01 1.619661558911811383e+01 1.619661558911811383e+01
6.600000000000000000e+01 1.595144837064985666e+01 1.595144837064985666e+01 1.595144837064985666e+01 1.595144837064985666e+01
6.700000000000000000e+01 1.628701659910442601e+01 1.628701659910442601e+01 1.628701659910442601e+01 1.628701659910442601e+01
6.800000000000000000e+01 1.604066972938021962e+01 1.604066972938021962e+01 1.604066972938021962e+01 1.604066972938021962e+01
6.900000000000000000e+01 1.578214086007091588e+01 1.578214086007091588e+01 1.578214086007091588e+01 1.578214086007091588e+01
