0.000000000000000000e+00 3.032010983125223436e-01 3.032010983125223436e-01 3.032010983125223436e-01 3.032010983125223436e-01
1.000000000000000000e+00 2.869619053991784852e-01 2.869619053991784852e-01 2.869619053991784852e-01 2.869619053991784852e-01
2.000000000000000000e+00 3.448236416967564999e-01 3.448236416967564999e-01 3.448236416967564999e-01 3.448236416967564999e-01
3.000000000000000000e+00 3.370082297328382270e-01 3.370082297328382270e-01 3.370082297328382270e-01 3.370082297328382270e-01
4.000000000000000000e+00 4.167522834130459874e-01 4.167522834130459874e-01 4.167522834130459874e-01 4.167522834130459874e-01
5.000000000000000000e+00 5.444496855561435922e-01 5.444496855561435922e-01 5.444496855561435922e-01 5.444496855561435922e-01
6.000000000000000000e+00 4.856270250677801048e-01 4.856270250677801048e-01 4.856270250677801048e-01 4.856270250677801048e-01
7.000000000000000000e+00 4.369328502227264321e-01 4.369328502227264321e-01 4.369328502227264321e-01 4.369328502227264321e-01
8.000000000000000000e+00 5.368156732320130686e-01 5.368156732320130686e-01 5.368156732320130686e-01 5.368156732320130686e-01
9.000000000000000000e+00 5.674413923855748942e-01 5.674413923855748942e-01 5.674413923855748942e-01 5.674413923855748942e-01
1.000000000000000000e+01 4.371491517413799710e-01 4.371491517413799710e-01 4.371491517413799710e-01 4.371491517413799710e-01
1.100000000000000000e+01 5.066746028793653878e-01 5.066746028793653878e-01 5.066746028793653878e-01 5.066746028793653878e-01
1.200000000000000000e+01 5.373714649382484998e-01 5.373714649382484998e-01 5.373714649382484998e-01 5.373714649382484998e-01
1.300000000000000000e+01 5.756435164296477280e-01 5.756435164296477280e-01 5.756435164296477280e-01 5.756435164296477280e-01
1.400000000000000000e+01 5.079277015414462859e-01 5.079277015414462859e-01 5.079277015414462859e-01 5.079277015414462859e-01
1.500000000000000000e+01 6.037292842118791025e-01 6.037292842118791025e-01 6.037292842118791025e-01 6.037292842118791025e-01
1.600000000000000000e+01 4.755827239512461224e-01 4.755827239512461224e-01 4.755827239512461224e-01 4.755827239512461224e-01
1.700000000000000000e+01 4.531259293273984801e-01 4.531259293273984801e-01 4.531259293273984801e-01 4.531259293273984801e-01
1.800000000000000000e+01 4.970799036679919847e-01 4.970799036679919847e-01 4.970799036679919847e-01 4.970799036679919847e-01
1.900000000000000000e+01 5.471654264933432099e-01 5.471654264933432099e-01 5.471654264933432099e-01 5.471654264933432099e-01
2.000000000000000000e+01 5.570624613814965098e-01 5.570624613814965098e-01 5.570624613814965098e-01 5.570624613814965098e-01
2.100000000000000000e+01 5.705305331358115906e-01 5.705305331358115906e-01 5.705305331358115906e-01 5.705305331358115906e-01
2.200000000000000000e+01 5.883555746611137671e-01 5.883555746611137671e-01 5.883555746611137671e-01 5.883555746611137671e-01
2.300000000000000000e+01 8.325534898269398854e-01 8.325534898269398854e-01 8.325534898269398854e-01 8.325534898269398854e-01
2.400000000000000000e+01 6.967338583256059703e-01 6.967338583256059703e-01 6.967338583256059703e-01 6.967338583256059703e-01
2.500000000000000000e+01 9.059042369148622154e-01 9.059042369148622154e-01 9.059042369148622154e-01 9.059042369148622154e-01
2.600000000000000000e+01 9.282570617837535565e-01 9.282570617837535565e-01 9.282570617837535565e-01 9.282570617837535565e-01
2.700000000000000000e+01 9.611558456099450476e-01 9.611558456099450476e-01 9.611558456099450476e-01 9.611558456099450476e-01
2.800000000000000000e+01 9.141029760213151834e-01 9.141029760213151834e-01 9.141029760213151834e-01 9.141029760213151834e-01
2.900000000000000000e+01 1.031806637222931089e+00 1.031806637222931089e+00 1.031806637222931089e+00 1.031806637222931089e+00
3.000000000000000000e+01 1.075046908152286651e+00 1.075046908152286651e+00 1.075046908152286651e+00 1.075046908152286651e+00
3.100000000000000000e+01 1.119406902859356290e+00 1.119406902859356290e+00 1.119406902859356290e+00 1.119406902859356290e+00
3.200000000000000000e+01 9.860328676530304426e-01 9.860328676530304426e-01 9.860328676530304426e-01 9.860328676530304426e-01
3.300000000000000000e+01 1.028315749744886043e+00 1.028315749744886043e+00 1.028315749744886043e+00 1.028315749744886043e+00
3.400000000000000000e+01 1.011614863563919497e+00 1.011614863563919497e+00 1.011614863563919497e+00 1.011614863563919497e+00
3.500000000000000000e+01 1.052787302475996167e+00 1.052787302475996167e+00 1.052787302475996167e+00 1.052787302475996167e+00
3.600000000000000000e+01 9.082570184663184554e-01 9.082570184663184554e-01 9.082570184663184554e-01 9.082570184663184554e-01
3.700000000000000000e+01 9.337790741524587546e-01 9.337790741524587546e-01 9.337790741524587546e-01 9.337790741524587546e-01
3.800000000000000000e+01 8.326175276548178905e-01 8.326175276548178905e-01 8.326175276548178905e-01 8.326175276548178905e-01
3.900000000000000000e+01 8.209217167829242490e-01 8.209217167829242490e-01 8.209217167829242490e-01 8.209217167829242490e-01
4.000000000000000000e+01 9.105461133415090336e-01 9.105461133415090336e-01 9.105461133415090336e-01 9.105461133415090336e-01
4.100000000000000000e+01 9.077714576947377711e-01 9.077714576947377711e-01 9.077714576947377711e-01 9.077714576947377711e-01
4.200000000000000000e+01 9.717615090996354343e-01 9.717615090996354343e-01 9.717615090996354343e-01 9.717615090996354343e-01
4.300000000000000000e+01 9.484269251836190406e-01 9.484269251836190406e-01 9.484269251836190406e-01 9.484269251836190406e-01
4.400000000000000000e+01 1.054964621631051536e+00 1.054964621631051536e+00 1.054964621631051536e+00 1.054964621631051536e+00
4.500000000000000000e+01 1.014228913271366217e+00 1.014228913271366217e+00 1.014228913271366217e+00 1.014228913271366217e+00
4.600000000000000000e+01 1.115035083622079704e+00 1.115035083622079704e+00 1.115035083622079704e+00 1.115035083622079704e+00
4.700000000000000000e+01 1.109818752609269543e+00 1.109818752609269543e+00 1.109818752609269543e+00 1.109818752609269543e+00
4.800000000000000000e+01 9.919566997312231349e-01 9.919566997312231349e-01 9.919566997312231349e-01 9.919566997312231349e-01
4.900000000000000000e+01 9.765251295688009980e-01 9.765251295688009980e-01 9.765251295688009980e-01 9.765251295688009980e-01
5.000000000000000000e+01 1.044305498288408351e+00 1.044305498288408351e+00 1.044305498288408351e+00 1.044305498288408351e+00
5.100000000000000000e+01 9.966845925691939501e-01 9.966845925691939501e-01 9.966845925691939501e-01 9.966845925691939501e-01
5.200000000000000000e+01 1.061126829672861538e+00 1.061126829672861538e+00 1.061126829672861538e+00 1.061126829672861538e+00
5.300000000000000000e+01 1.064524462586400766e+00 1.064524462586400766e+00 1.064524462586400766e+00 1.064524462586400766e+00
5.400000000000000000e+01 1.069405674006715934e+00 1.069405674006715934e+00 1.069405674006715934e+00 1.069405674006715934e+00
5.500000000000000000e+01 1.197369730255408049e+00 1.197369730255408049e+00 1.197369730255408049e+00 1.197369730255408049e+00
5.600000000000000000e+01 1.016260018335350956e+00 1.016260018335350956e+00 1.016260018335350956e+00 1.016260018335350956e+00
5.700000000000000000e+01 1.120996068369277898e+00 1.120996068369277898e+00 1.120996068369277898e+00 1.120996068369277898e+00
5.800000000000000000e+01 1.064377425756749762e+00 1.064377425756749762e+00 1.064377425756749762e+00 1.064377425756749762e+00
5.900000000000000000e+01 1.080988346769072850e+00 1.080988346769072850e+00 1.080988346769072850e+00 1.080988346769072850e+00
6.000000000000000000e+01 1.100644673869938250e+00 1.100644673869938250e+00 1.100644673869938250e+00 1.100644673869938250e+00
6.100000000000000000e+01 1.071048492135236341e+00 1.071048492135236341e+00 1.071048492135236341e+00 1.071048492135236341e+00
6.200000000000000000e+01 1.105774301339976784e+00 1.105774301339976784e+00 1.105774301339976784e+00 1.105774301339976784e+00
6.300000000000000000e+01 1.305940748466233092e+00 1.305940748466233092e+00 1.305940748466233092e+00 1.305940748466233092e+00
6.400000000000000000e+01 1.290888758614209486e+00 1.290888758614209486e+00 1.290888758614209486e+00 1.290888758614209486e+00
6.500000000000000000e+01 1.366792743290580869e+00 1.366792743290580869e+00 1.366792743290580869e+00 1.366792743290580869e+00
6.600000000000000000e+01 1.433788521036215569e+00 1.433788521036215569e+00 1.433788521036215569e+00 1.433788521036215569e+00
6.700000000000000000e+01 1.307409262373426362e+00 1.307409262373426362e+00 1.307409262373426362e+00 1.307409262373426362e+00
6.800000000000000000e+01 1.416911402384760432e+00 1.416911402384760432e+00 1.416911402384760432e+00 1.416911402384760432e+00
6.900000000000000000e+01 1.316505373962122194e+00 1.316505373962122194e+00 1.316505373962122194e+00 1.316505373962122194e+00
7.000000000000000000e+01 1.309563234964509881e+00 1.309563234964509881e+00 1.309563234964509881e+00 1.309563234964509881e+00
7.100000000000000000e+01 1.170890903278501094e+00 1.170890903278501094e+00 1.170890903278501094e+00 1.170890903278501094e+00
7.200000000000000000e+01 1.221711143805839672e+00 1.221711143805839672e+00 1.221711143805839672e+00 1.221711143805839672e+00
7.300000000000000000e+01 9.708667207634895657e-01 9.708667207634895657e-01 9.708667207634895657e-01 9.708667207634895657e-01
7.400000000000000000e+01 1.048752575453114178e+00 1.048752575453114178e+00 1.048752575453114178e+00 1.048752575453114178e+00
7.500000000000000000e+01 1.090773943637564747e+00 1.090773943637564747e+00 1.090773943637564747e+00 1.090773943637564747e+00
7.600000000000000000e+01 1.049631090667442423e+00 1.049631090667442423e+00 1.049631090667442423e+00 1.049631090667442423e+00
7.700000000000000000e+01 1.166376289969111024e+00 1.166376289969111024e+00 1.166376289969111024e+00 1.166376289969111024e+00
7.800000000000000000e+01 1.244931476337117537e+00 1.244931476337117537e+00 1.244931476337117537e+00 1.244931476337117537e+00
7.900000000000000000e+01 1.147341971055968246e+00 1.147341971055968246e+00 1.147341971055968246e+00 1.147341971055968246e+00
8.000000000000000000e+01 1.190602654699568053e+00 1.190602654699568053e+00 1.190602654699568053e+00 1.190602654699568053e+00
8.100000000000000000e+01 1.196926033740827844e+00 1.196926033740827844e+00 1.196926033740827844e+00 1.196926033740827844e+00
8.200000000000000000e+01 1.269978213188641458e+00 1.269978213188641458e+00 1.269978213188641458e+00 1.269978213188641458e+00
8.300000000000000000e+01 1.083908711030907801e+00 1.083908711030907801e+00 1.083908711030907801e+00 1.083908711030907801e+00
8.400000000000000000e+01 1.120802697088848277e+00 1.120802697088848277e+00 1.120802697088848277e+00 1.120802697088848277e+00
8.500000000000000000e+01 9.924921667028548944e-01 9.924921667028548944e-01 9.924921667028548944e-01 9.924921667028548944e-01
8.600000000000000000e+01 1.046815449040001678e+00 1.046815449040001678e+00 1.046815449040001678e+00 1.046815449040001678e+00
8.700000000000000000e+01 1.153662499013197174e+00 1.153662499013197174e+00 1.153662499013197174e+00 1.153662499013197174e+00
8.800000000000000000e+01 9.652266126571028559e-01 9.652266126571028559e-01 9.652266126571028559e-01 9.652266126571028559e-01
8.900000000000000000e+01 1.245956369624633631e+00 1.245956369624633631e+00 1.245956369624633631e+00 1.245956369624633631e+00
9.000000000000000000e+01 1.112448120891359249e+00 1.112448120891359249e+00 1.112448120891359249e+00 1.112448120891359249e+00
9.100000000000000000e+01 1.056135621956141968e+00 1.056135621956141968e+00 1.056135621956141968e+00 1.056135621956141968e+00
9.200000000000000000e+01 1.015445089737784023e+00 1.015445089737784023e+00 1.015445089737784023e+00 1.015445089737784023e+00
9.300000000000000000e+01 1.041557036674459757e+00 1.041557036674459757e+00 1.041557036674459757e+00 1.041557036674459757e+00
9.400000000000000000e+01 1.006337574519196920e+00 1.006337574519196920e+00 1.006337574519196920e+00 1.006337574519196920e+00
9.500000000000000000e+01 1.194781028117392285e+00 1.194781028117392285e+00 1.194781028117392285e+00 1.194781028117392285e+00
9.600000000000000000e+01 1.271019920275878512e+00 1.271019920275878512e+00 1.271019920275878512e+00 1.271019920275878512e+00
9.700000000000000000e+01 1.148340536053544136e+00 1.148340536053544136e+00 1.148340536053544136e+00 1.148340536053544136e+00
9.800000000000000000e+01 1.234305633109246791e+00 1.234305633109246791e+00 1.234305633109246791e+00 1.234305633109246791e+00
9.900000000000000000e+01 1.192483425574937472e+00 1.192483425574937472e+00 1.192483425574937472e+00 1.192483425574937472e+00
