0.000000000000000000e+00 4.614689536044552121e+00 4.614689536044552121e+00 4.614689536044552121e+00 4.614689536044552121e+00
1.000000000000000000e+00 4.322377153607136258e+00 4.322377153607136258e+00 4.322377153607136258e+00 4.322377153607136258e+00
2.000000000000000000e+00 3.992941947591594598e+00 3.992941947591594598e+00 3.992941947591594598e+00 3.992941947591594598e+00
3.000000000000000000e+00 4.081282916840834218e+00 4.081282916840834218e+00 4.081282916840834218e+00 4.081282916840834218e+00
4.000000000000000000e+00 3.976074991096423261e+00 3.976074991096423261e+00 3.976074991096423261e+00 3.976074991096423261e+00
5.000000000000000000e+00 5.439205335910870964e+00 5.439205335910870964e+00 5.439205335910870964e+00 5.439205335910870964e+00
6.000000000000000000e+00 9.486304353055186045e-01 9.486304353055186045e-01 9.486304353055186045e-01 9.486304353055186045e-01
7.000000000000000000e+00 5.515146794936793384e+00 5.515146794936793384e+00 5.515146794936793384e+00 5.515146794936793384e+00
8.000000000000000000e+00 2.740690120217678327e+00 2.740690120217678327e+00 2.740690120217678327e+00 2.740690120217678327e+00
9.000000000000000000e+00 6.111817886966251834e+00 6.111817886966251834e+00 6.111817886966251834e+00 6.111817886966251834e+00
1.000000000000000000e+01 3.431890721960947133e+00 3.431890721960947133e+00 3.431890721960947133e+00 3.431890721960947133e+00
1.100000000000000000e+01 3.213530134064488841e+00 3.213530134064488841e+00 3.213530134064488841e+00 3.213530134064488841e+00
1.200000000000000000e+01 7.371922212099030425e+00 7.371922212099030425e+00 7.371922212099030425e+00 7.371922212099030425e+00
1.300000000000000000e+01 8.080524365786704521e+00 8.080524365786704521e+00 8.080524365786704521e+00 8.080524365786704521e+00
1.400000000000000000e+01 8.061801734560948063e+00 8.061801734560948063e+00 8.061801734560948063e+00 8.061801734560948063e+00
1.500000000000000000e+01 8.396122010928193546e+00 8.396122010928193546e+00 8.396122010928193546e+00 8.396122010928193546e+00
1.600000000000000000e+01 8.465691128365202545e+00 8.465691128365202545e+00 8.465691128365202545e+00 8.465691128365202545e+00
1.700000000000000000e+01 8.430265721361001496e+00 8.430265721361001496e+00 8.430265721361001496e+00 8.430265721361001496e+00
1.800000000000000000e+01 1.135501057618870746e+01 1.135501057618870746e+01 1.135501057618870746e+01 1.135501057618870746e+01
1.900000000000000000e+01 1.201760955675842979e+01 1.201760955675842979e+01 1.201760955675842979e+01 1.201760955675842979e+01
2.000000000000000000e+01 1.137184890265901593e+01 1.137184890265901593e+01 1.137184890265901593e+01 1.137184890265901593e+01
2.100000000000000000e+01 9.947193183020599960e+00 9.947193183020599960e+00 9.947193183020599960e+00 9.947193183020599960e+00
2.200000000000000000e+01 1.151131196675646073e+01 1.151131196675646073e+01 1.151131196675646073e+01 1.151131196675646073e+01
2.300000000000000000e+01 7.547920234725192579e+00 7.547920234725192579e+00 7.547920234725192579e+00 7.547920234725192579e+00
2.400000000000000000e+01 1.350336238110266507e+01 1.350336238110266507e+01 1.350336238110266507e+01 1.350336238110266507e+01
2.500000000000000000e+01 1.012244181029403833e+01 1.012244181029403833e+01 1.012244181029403833e+01 1.012244181029403833e+01
2.600000000000000000e+01 1.128079515837420033e+01 1.128079515837420033e+01 1.128079515837420033e+01 1.128079515837420033e+01
2.700000000000000000e+01 1.511277940704546197e+01 1.511277940704546197e+01 1.511277940704546197e+01 1.511277940704546197e+01
2.800000000000000000e+01 1.361900944798001944e+01 1.361900944798001944e+01 1.361900944798001944e+01 1.361900944798001944e+01
2.900000000000000000e+01 1.255867809797080348e+01 1.255867809797080348e+01 1.255867809797080348e+01 1.255867809797080348e+01
3.000000000000000000e+01 1.461031179524034052e+01 1.461031179524034052e+01 1.461031179524034052e+01 1.461031179524034052e+01
3.100000000000000000e+01 1.394201247284337875e+01 1.394201247284337875e+01 1.394201247284337875e+01 1.394201247284337875e+01
3.200000000000000000e+01 1.516671715160696898e+01 1.516671715160696898e+01 1.516671715160696898e+01 1.516671715160696898e+01
3.300000000000000000e+01 1.332048572889118709e+01 1.332048572889118709e+01 1.332048572889118709e+01 1.332048572889118709e+01
3.400000000000000000e+01 1.487008028423653272e+01 1.487008028423653272e+01 1.487008028423653272e+01 1.487008028423653272e+01
3.500000000000000000e+01 1.200350607411857418e+01 1.200350607411857418e+01 1.200350607411857418e+01 1.200350607411857418e+01
3.600000000000000000e+01 1.203847452416302488e+01 1.203847452416302488e+01 1.203847452416302488e+01 1.203847452416302488e+01
3.700000000000000000e+01 1.585208048551023374e+01 1.585208048551023374e+01 1.585208048551023374e+01 1.585208048551023374e+01
3.800000000000000000e+01 1.397040935103783532e+01 1.397040935103783532e+01 1.397040935103783532e+01 1.397040935103783532e+01
3.900000000000000000e+01 1.546132678834287510e+01 1.546132678834287510e+01 1.546132678834287510e+01 1.546132678834287510e+01
4.000000000000000000e+01 1.535424517095383834e+01 1.535424517095383834e+01 1.535424517095383834e+01 1.535424517095383834e+01
4.100000000000000000e+01 1.668613654672767055e+01 1.668613654672767055e+01 1.668613654672767055e+01 1.668613654672767055e+01
4.200000000000000000e+01 1.649810232431643797e+01 1.649810232431643797e+01 1.649810232431643797e+01 1.649810232431643797e+01
4.300000000000000000e+01 1.538747895318202197e+01 1.538747895318202197e+01 1.538747895318202197e+01 1.538747895318202197e+01
4.400000000000000000e+01 1.259371694982071332e+01 1.259371694982071332e+01 1.259371694982071332e+01 1.259371694982071332e+01
4.500000000000000000e+01 1.178958896795142586e+01 1.178958896795142586e+01 1.178958896795142586e+01 1.178958896795142586e+01
4.600000000000000000e+01 1.364079156752775113e+01 1.364079156752775113e+01 1.364079156752775113e+01 1.364079156752775113e+01
4.700000000000000000e+01 1.405113566087911714e+01 1.405113566087911714e+01 1.405113566087911714e+01 1.405113566087911714e+01
4.800000000000000000e+01 1.187196870463760412e+01 1.187196870463760412e+01 1.187196870463760412e+01 1.187196870463760412e+01
4.900000000000000000e+01 1.332975305075898831e+01 1.332975305075898831e+01 1.332975305075898831e+01 1.332975305075898831e+01
5.000000000000000000e+01 1.419967699555612484e+01 1.419967699555612484e+01 1.419967699555612484e+01 1.419967699555612484e+01
5.100000000000000000e+01 1.287756026260180064e+01 1.287756026260180064e+01 1.287756026260180064e+01 1.287756026260180064e+01
5.200000000000000000e+01 1.355554058552046470e+01 1.355554058552046470e+01 1.355554058552046470e+01 1.355554058552046470e+01
5.300000000000000000e+01 1.410407385674882796e+01 1.410407385674882796e+01 1.410407385674882796e+01 1.410407385674882796e+01
5.400000000000000000e+01 1.410197294838200044e+01 1.410197294838200044e+01 1.410197294838200044e+01 1.410197294838200044e+01
5.500000000000000000e+01 1.385924401818333429e+01 1.385924401818333429e+01 1.385924401818333429e+01 1.385924401818333429e+01
5.600000000000000000e+01 1.904532482483917377e+01 1.904532482483917377e+01 1.904532482483917377e+01 1.904532482483917377e+01
5.700000000000000000e+01 2.149957106881380398e+01 2.149957106881380398e+01 2.149957106881380398e+01 2.149957106881380398e+01
5.800000000000000000e+01 1.971311377577350044e+01 1.971311377577350044e+01 1.971311377577350044e+01 1.971311377577350044e+01
5.900000000000000000e+01 1.649182843389494835e+01 1.649182843389494835e+01 1.649182843389494835e+01 1.649182843389494835e+01
6.000000000000000000e+01 1.467397593292243840e+01 1.467397593292243840e+01 1.467397593292243840e+01 1.467397593292243840e+01
6.100000000000000000e+01 1.311159996227607394e+01 1.311159996227607394e+01 1.311159996227607394e+01 1.311159996227607394e+01
6.200000000000000000e+01 1.374588734862351025e+01 1.374588734862351025e+01 1.374588734862351025e+01 1.374588734862351025e+01
6.300000000000000000e+01 1.253480711061395425e+01 1.253480711061395425e+01 1.253480711061395425e+01 1.253480711061395425e+01
6.400000000000000000e+01 1.023271241225446104e+01 1.023271241225446104e+01 1.023271241225446104e+01 1.023271241225446104e+01
6.500000000000000000e+01 1.229031449083287697e+01 1.229031449083287697e+01 1.229031449083287697e+01 1.229031449083287697e+01
6.600000000000000000e+01 1.531381318905450861e+01 1.531381318905450861e+01 1.531381318905450861e+01 1.531381318905450861e+01
6.700000000000000000e+01 1.661927692718196781e+01 1.661927692718196781e+01 1.661927692718196781e+01 1.661927692718196781e+01
6.800000000000000000e+01 1.089402319219244220e+01 1.089402319219244220e+01 1.089402319219244220e+01 1.089402319219244220e+01
6.900000000000000000e+01 1.276207140567777998e+01 1.276207140567777998e+01 1.276207140567777998e+01 1.276207140567777998e+01
7.000000000000000000e+01 1.371539107456111140e+01 1.371539107456111140e+01 1.371539107456111140e+01 1.371539107456111140e+01
7.100000000000000000e+01 1.176920347481262397e+01 1.176920347481262397e+01 1.176920347481262397e+01 1.176920347481262397e+01
7.200000000000000000e+01 1.136874777518560542e+01 1.136874777518560542e+01 1.136874777518560542e+01 1.136874777518560542e+01
7.300000000000000000e+01 9.642157332532569569e+00 9.642157332532569569e+00 9.642157332532569569e+00 9.642157332532569569e+00
7.400000000000000000e+01 1.599215979354502259e+01 1.599215979354502259e+01 1.599215979354502259e+01 1.599215979354502259e+01
7.500000000000000000e+01 1.327511177548129417e+01 1.327511177548129417e+01 1.327511177548129417e+01 1.327511177548129417e+01
7.600000000000000000e+01 1.641843300924958626e+01 1.641843300924958626e+01 1.641843300924958626e+01 1.641843300924958626e+01
7.700000000000000000e+01 1.506130079509909159e+01 1.506130079509909159e+01 1.506130079509909159e+01 1.506130079509909159e+01
7.800000000000000000e+01 1.819478151327619031e+01 1.819478151327619031e+01 1.819478151327619031e+01 1.819478151327619031e+01
7.900000000000000000e+01 1.513090342876587435e+01 1.513090342876587435e+01 1.513090342876587435e+01 1.513090342876587435e+01
8.000000000000000000e+01 1.362462424136048078e+01 1.362462424136048078e+01 1.362462424136048078e+01 1.362462424136048078e+01
8.100000000000000000e+01 1.364223739365716526e+01 1.364223739365716526e+01 1.364223739365716526e+01 1.364223739365716526e+01
8.200000000000000000e+01 1.138340682579307916e+01 1.138340682579307916e+01 1.138340682579307916e+01 1.138340682579307916e+01
8.300000000000000000e+01 1.052421501535004111e+01 1.052421501535004111e+01 1.052421501535004111e+01 1.052421501535004111e+01
8.400000000000000000e+01 1.067254854164677980e+01 1.067254854164677980e+01 1.067254854164677980e+01 1.067254854164677980e+01
8.500000000000000000e+01 1.243905247626184973e+01 1.243905247626184973e+01 1.243905247626184973e+01 1.243905247626184973e+01
8.600000000000000000e+01 1.333022312767908879e+01 1.333022312767908879e+01 1.333022312767908879e+01 1.333022312767908879e+01
8.700000000000000000e+01 1.401805390290976838e+01 1.401805390290976838e+01 1.401805390290976838e+01 1.401805390290976838e+01
8.800000000000000000e+01 1.428040401627544043e+01 1.428040401627544043e+01 1.428040401627544043e+01 1.428040401627544043e+01
8.900000000000000000e+01 1.472220600315591632e+01 1.472220600315591632e+01 1.472220600315591632e+01 1.472220600315591632e+01
9.000000000000000000e+01 1.839947359194396981e+01 1.839947359194396981e+01 1.839947359194396981e+01 1.839947359194396981e+01
9.100000000000000000e+01 1.575368363848459552e+01 1.575368363848459552e+01 1.575368363848459552e+01 1.575368363848459552e+01
9.200000000000000000e+01 1.696911128684848791e+01 1.696911128684848791e+01 1.696911128684848791e+01 1.696911128684848791e+01
9.300000000000000000e+01 1.767356672639126458e+01 1.767356672639126458e+01 1.767356672639126458e+01 1.767356672639126458e+01
9.400000000000000000e+01 1.670568715794047776e+01 1.670568715794047776e+01 1.670568715794047776e+01 1.670568715794047776e+01
9.500000000000000000e+01 1.585466184188793726e+01 1.585466184188793726e+01 1.585466184188793726e+01 1.585466184188793726e+01
9.600000000000000000e+01 2.114206368053008234e+01 2.114206368053008234e+01 2.114206368053008234e+01 2.114206368053008234e+01
9.700000000000000000e+01 1.681315085241550022e+01 1.681315085241550022e+01 1.681315085241550022e+01 1.681315085241550022e+01
9.800000000000000000e+01 2.204874484896876297e+01 2.204874484896876297e+01 2.204874484896876297e+01 2.204874484896876297e+01
