Delays Time-delay1 Time-delay2 Time-delay3 Time-delay4
0.000000000000000000e+00 -2.503517672121371648e-02 -2.503517672121371648e-02 -2.503517672121371648e-02 -2.503517672121371648e-02
1.000000000000000000e+00 -1.972772187602724048e-01 -1.972772187602724048e-01 -1.972772187602724048e-01 -1.972772187602724048e-01
2.000000000000000000e+00 -3.232094855384672338e-01 -3.232094855384672338e-01 -3.232094855384672338e-01 -3.232094855384672338e-01
3.000000000000000000e+00 -4.047070033559201259e-03 -4.047070033559201259e-03 -4.047070033559201259e-03 -4.047070033559201259e-03
4.000000000000000000e+00 7.545028002926676761e-03 7.545028002926676761e-03 7.545028002926676761e-03 7.545028002926676761e-03
5.000000000000000000e+00 -1.359105923505347369e-01 -1.359105923505347369e-01 -1.359105923505347369e-01 -1.359105923505347369e-01
6.000000000000000000e+00 -1.018299622376131752e-01 -1.018299622376131752e-01 -1.018299622376131752e-01 -1.018299622376131752e-01
7.000000000000000000e+00 -2.605749455542025750e-01 -2.605749455542025750e-01 -2.605749455542025750e-01 -2.605749455542025750e-01
8.000000000000000000e+00 -3.180527438203005763e-01 -3.180527438203005763e-01 -3.180527438203005763e-01 -3.180527438203005763e-01
9.000000000000000000e+00 -2.832417582574789372e-01 -2.832417582574789372e-01 -2.832417582574789372e-01 -2.832417582574789372e-01
1.000000000000000000e+01 -1.717844592739293241e-01 -1.717844592739293241e-01 -1.717844592739293241e-01 -1.717844592739293241e-01
1.100000000000000000e+01 -2.139853824861409903e-01 -2.139853824861409903e-01 -2.139853824861409903e-01 -2.139853824861409903e-01
1.200000000000000000e+01 -1.130337337607306841e-01 -1.130337337607306841e-01 -1.130337337607306841e-01 -1.130337337607306841e-01
1.300000000000000000e+01 -3.595363067833958204e-01 -3.595363067833958204e-01 -3.595363067833958204e-01 -3.595363067833958204e-01
1.400000000000000000e+01 -7.904107016679207121e-02 -7.904107016679207121e-02 -7.904107016679207121e-02 -7.904107016679207121e-02
1.500000000000000000e+01 -2.050605091536392699e-01 -2.050605091536392699e-01 -2.050605091536392699e-01 -2.050605091536392699e-01
1.600000000000000000e+01 -2.964483467826942720e-01 -2.964483467826942720e-01 -2.964483467826942720e-01 -2.964483467826942720e-01
1.700000000000000000e+01 -1.731728196753021254e-01 -1.731728196753021254e-01 -1.731728196753021254e-01 -1.731728196753021254e-01
1.800000000000000000e+01 -3.098041715310587696e-01 -3.098041715310587696e-01 -3.098041715310587696e-01 -3.098041715310587696e-01
1.900000000000000000e+01 -1.809250438976532371e-01 -1.809250438976532371e-01 -1.809250438976532371e-01 -1.809250438976532371e-01
2.000000000000000000e+01 -2.665132034343216105e-01 -2.665132034343216105e-01 -2.665132034343216105e-01 -2.665132034343216105e-01
2.100000000000000000e+01 -1.979905548576282870e-01 -1.979905548576282870e-01 -1.979905548576282870e-01 -1.979905548576282870e-01
2.200000000000000000e+01 -6.266206333051389799e-02 -6.266206333051389799e-02 -6.266206333051389799e-02 -6.266206333051389799e-02
2.300000000000000000e+01 -1.135165677538380220e-02 -1.135165677538380220e-02 -1.135165677538380220e-02 -1.135165677538380220e-02
2.400000000000000000e+01 -1.894495006060915865e-01 -1.894495006060915865e-01 -1.894495006060915865e-01 -1.894495006060915865e-01
2.500000000000000000e+01 -2.622182080558223549e-01 -2.622182080558223549e-01 -2.622182080558223549e-01 -2.622182080558223549e-01
2.600000000000000000e+01 -1.576153086762145938e-01 -1.576153086762145938e-01 -1.576153086762145938e-01 -1.576153086762145938e-01
2.700000000000000000e+01 -2.175872222120196486e-01 -2.175872222120196486e-01 -2.175872222120196486e-01 -2.175872222120196486e-01
2.800000000000000000e+01 -2.603373326638301344e-01 -2.603373326638301344e-01 -2.603373326638301344e-01 -2.603373326638301344e-01
2.900000000000000000e+01 -6.516248175218279648e-02 -6.516248175218279648e-02 -6.516248175218279648e-02 -6.516248175218279648e-02
3.000000000000000000e+01 -3.057932414839280022e-01 -3.057932414839280022e-01 -3.057932414839280022e-01 -3.057932414839280022e-01
3.100000000000000000e+01 -4.954446184450224389e-02 -4.954446184450224389e-02 -4.954446184450224389e-02 -4.954446184450224389e-02
3.200000000000000000e+01 -1.908599426628316553e-01 -1.908599426628316553e-01 -1.908599426628316553e-01 -1.908599426628316553e-01
3.300000000000000000e+01 -4.167254099748655127e-01 -4.167254099748655127e-01 -4.167254099748655127e-01 -4.167254099748655127e-01
3.400000000000000000e+01 -1.700848437640417599e-01 -1.700848437640417599e-01 -1.700848437640417599e-01 -1.700848437640417599e-01
3.500000000000000000e+01 -2.105897009445942547e-01 -2.105897009445942547e-01 -2.105897009445942547e-01 -2.105897009445942547e-01
3.600000000000000000e+01 -2.831830821212469318e-01 -2.831830821212469318e-01 -2.831830821212469318e-01 -2.831830821212469318e-01
3.700000000000000000e+01 -2.350359204463403073e-01 -2.350359204463403073e-01 -2.350359204463403073e-01 -2.350359204463403073e-01
3.800000000000000000e+01 -5.525647131168051063e-01 -5.525647131168051063e-01 -5.525647131168051063e-01 -5.525647131168051063e-01
3.900000000000000000e+01 -1.443403329578778482e-01 -1.443403329578778482e-01 -1.443403329578778482e-01 -1.443403329578778482e-01
4.000000000000000000e+01 -3.223789606491366810e-01 -3.223789606491366810e-01 -3.223789606491366810e-01 -3.223789606491366810e-01
4.100000000000000000e+01 -2.538138112981944694e-01 -2.538138112981944694e-01 -2.538138112981944694e-01 -2.538138112981944694e-01
4.200000000000000000e+01 -2.428497931849231128e-01 -2.428497931849231128e-01 -2.428497931849231128e-01 -2.428497931849231128e-01
4.300000000000000000e+01 -3.155884465681962903e-02 -3.155884465681962903e-02 -3.155884465681962903e-02 -3.155884465681962903e-02
4.400000000000000000e+01 -1.924895777779052075e-01 -1.924895777779052075e-01 -1.924895777779052075e-01 -1.924895777779052075e-01
4.500000000000000000e+01 -3.670900627204506939e-01 -3.670900627204506939e-01 -3.670900627204506939e-01 -3.670900627204506939e-01
4.600000000000000000e+01 -7.725985237575944131e-02 -7.725985237575944131e-02 -7.725985237575944131e-02 -7.725985237575944131e-02
4.700000000000000000e+01 -2.401858608898574665e-01 -2.401858608898574665e-01 -2.401858608898574665e-01 -2.401858608898574665e-01
4.800000000000000000e+01 -3.434290574923048456e-01 -3.434290574923048456e-01 -3.434290574923048456e-01 -3.434290574923048456e-01
4.900000000000000000e+01 -7.798105048142207896e-02 -7.798105048142207896e-02 -7.798105048142207896e-02 -7.798105048142207896e-02
5.000000000000000000e+01 -2.757394636953618972e-01 -2.757394636953618972e-01 -2.757394636953618972e-01 -2.757394636953618972e-01
5.100000000000000000e+01 -1.163468374986791620e-01 -1.163468374986791620e-01 -1.163468374986791620e-01 -1.163468374986791620e-01
5.200000000000000000e+01 -1.068413584520557236e-01 -1.068413584520557236e-01 -1.068413584520557236e-01 -1.068413584520557236e-01
5.300000000000000000e+01 -2.199857199022024201e-01 -2.199857199022024201e-01 -2.199857199022024201e-01 -2.199857199022024201e-01
5.400000000000000000e+01 -1.438702073149065730e-01 -1.438702073149065730e-01 -1.438702073149065730e-01 -1.438702073149065730e-01
5.500000000000000000e+01 -1.697727513226111595e-01 -1.697727513226111595e-01 -1.697727513226111595e-01 -1.697727513226111595e-01
5.600000000000000000e+01 -7.916867875490879447e-02 -7.916867875490879447e-02 -7.916867875490879447e-02 -7.916867875490879447e-02
5.700000000000000000e+01 -1.144398744400317997e-01 -1.144398744400317997e-01 -1.144398744400317997e-01 -1.144398744400317997e-01
5.800000000000000000e+01 -1.544296540556716890e-01 -1.544296540556716890e-01 -1.544296540556716890e-01 -1.544296540556716890e-01
5.900000000000000000e+01 -8.298044425079488529e-02 -8.298044425079488529e-02 -8.298044425079488529e-02 -8.298044425079488529e-02
6.000000000000000000e+01 -4.249027037594934608e-01 -4.249027037594934608e-01 -4.249027037594934608e-01 -4.249027037594934608e-01
6.100000000000000000e+01 -1.343777976214665659e-01 -1.343777976214665659e-01 -1.343777976214665659e-01 -1.343777976214665659e-01
6.200000000000000000e+01 -2.663892346879235262e-01 -2.663892346879235262e-01 -2.663892346879235262e-01 -2.663892346879235262e-01
6.300000000000000000e+01 -1.740779919557985667e-01 -1.740779919557985667e-01 -1.740779919557985667e-01 -1.740779919557985667e-01
6.400000000000000000e+01 -2.698074351990543684e-01 -2.698074351990543684e-01 -2.698074351990543684e-01 -2.698074351990543684e-01
6.500000000000000000e+01 -3.095041846334551927e-01 -3.095041846334551927e-01 -3.095041846334551927e-01 -3.095041846334551927e-01
6.600000000000000000e+01 -2.534228791030191386e-01 -2.534228791030191386e-01 -2.534228791030191386e-01 -2.534228791030191386e-01
6.700000000000000000e+01 -3.627517192560182346e-01 -3.627517192560182346e-01 -3.627517192560182346e-01 -3.627517192560182346e-01
6.800000000000000000e+01 -7.308449045237439511e-03 -7.308449045237439511e-03 -7.308449045237439511e-03 -7.308449045237439511e-03
6.900000000000000000e+01 -4.370675101177915467e-01 -4.370675101177915467e-01 -4.370675101177915467e-01 -4.370675101177915467e-01
7.000000000000000000e+01 -2.738849713464328595e-01 -2.738849713464328595e-01 -2.738849713464328595e-01 -2.738849713464328595e-01
7.100000000000000000e+01 1.397946036804713701e-02 1.397946036804713701e-02 1.397946036804713701e-02 1.397946036804713701e-02
7.200000000000000000e+01 -2.145492265188040371e-01 -2.145492265188040371e-01 -2.145492265188040371e-01 -2.145492265188040371e-01
7.300000000000000000e+01 -2.888465700412560788e-01 -2.888465700412560788e-01 -2.888465700412560788e-01 -2.888465700412560788e-01
7.400000000000000000e+01 -3.869374246354779223e-01 -3.869374246354779223e-01 -3.869374246354779223e-01 -3.869374246354779223e-01
7.500000000000000000e+01 -1.653868613061711124e-02 -1.653868613061711124e-02 -1.653868613061711124e-02 -1.653868613061711124e-02
7.600000000000000000e+01 -2.420228195162763274e-01 -2.420228195162763274e-01 -2.420228195162763274e-01 -2.420228195162763274e-01
7.700000000000000000e+01 -2.375194235371499984e-01 -2.375194235371499984e-01 -2.375194235371499984e-01 -2.375194235371499984e-01
7.800000000000000000e+01 -2.990043331820575467e-01 -2.990043331820575467e-01 -2.990043331820575467e-01 -2.990043331820575467e-01
7.900000000000000000e+01 -2.819050196238804262e-01 -2.819050196238804262e-01 -2.819050196238804262e-01 -2.819050196238804262e-01
8.000000000000000000e+01 -9.088344608566913119e-02 -9.088344608566913119e-02 -9.088344608566913119e-02 -9.088344608566913119e-02
8.100000000000000000e+01 -3.118437638257725575e-01 -3.118437638257725575e-01 -3.118437638257725575e-01 -3.118437638257725575e-01
8.200000000000000000e+01 -2.981232784409683367e-02 -2.981232784409683367e-02 -2.981232784409683367e-02 -2.981232784409683367e-02
8.300000000000000000e+01 -2.862890512265482412e-01 -2.862890512265482412e-01 -2.862890512265482412e-01 -2.862890512265482412e-01
8.400000000000000000e+01 -4.545506896266193753e-01 -4.545506896266193753e-01 -4.545506896266193753e-01 -4.545506896266193753e-01
8.500000000000000000e+01 -2.500968629878994043e-01 -2.500968629878994043e-01 -2.500968629878994043e-01 -2.500968629878994043e-01
8.600000000000000000e+01 -1.540970235985648640e-01 -1.540970235985648640e-01 -1.540970235985648640e-01 -1.540970235985648640e-01
8.700000000000000000e+01 -9.018932504960798513e-02 -9.018932504960798513e-02 -9.018932504960798513e-02 -9.018932504960798513e-02
8.800000000000000000e+01 -1.890104233647203757e-01 -1.890104233647203757e-01 -1.890104233647203757e-01 -1.890104233647203757e-01
8.900000000000000000e+01 -1.385691333232397411e-02 -1.385691333232397411e-02 -1.385691333232397411e-02 -1.385691333232397411e-02
9.000000000000000000e+01 -1.092126839999812554e-01 -1.092126839999812554e-01 -1.092126839999812554e-01 -1.092126839999812554e-01
9.100000000000000000e+01 -2.625864470116662797e-01 -2.625864470116662797e-01 -2.625864470116662797e-01 -2.625864470116662797e-01
9.200000000000000000e+01 -3.414117163112789788e-02 -3.414117163112789788e-02 -3.414117163112789788e-02 -3.414117163112789788e-02
9.300000000000000000e+01 -3.188315504388536392e-01 -3.188315504388536392e-01 -3.188315504388536392e-01 -3.188315504388536392e-01
9.400000000000000000e+01 -3.820339726397362634e-01 -3.820339726397362634e-01 -3.820339726397362634e-01 -3.820339726397362634e-01
9.500000000000000000e+01 1.874822564874236222e-02 1.874822564874236222e-02 1.874822564874236222e-02 1.874822564874236222e-02
9.600000000000000000e+01 -1.055184088693417732e-01 -1.055184088693417732e-01 -1.055184088693417732e-01 -1.055184088693417732e-01
9.700000000000000000e+01 -2.339803613315473707e-01 -2.339803613315473707e-01 -2.339803613315473707e-01 -2.339803613315473707e-01
9.800000000000000000e+01 -1.113405215565150125e-01 -1.113405215565150125e-01 -1.113405215565150125e-01 -1.113405215565150125e-01
9.900000000000000000e+01 -2.134248571006399364e-01 -2.134248571006399364e-01 -2.134248571006399364e-01 -2.134248571006399364e-01
