0.000000000000000000e+00 5.813370890871487617e+00 5.813370890871487617e+00 5.813370890871487617e+00 5.813370890871487617e+00
1.000000000000000000e+00 -7.852100808139135246e+00 -7.852100808139135246e+00 -7.852100808139135246e+00 -7.852100808139135246e+00
2.000000000000000000e+00 1.704830601709905746e+00 1.704830601709905746e+00 1.704830601709905746e+00 1.704830601709905746e+00
3.000000000000000000e+00 1.365300034893696512e+01 1.365300034893696512e+01 1.365300034893696512e+01 1.365300034893696512e+01
4.000000000000000000e+00 1.127215211201256828e+01 1.127215211201256828e+01 1.127215211201256828e+01 1.127215211201256828e+01
5.000000000000000000e+00 5.284643682797627307e+00 5.284643682797627307e+00 5.284643682797627307e+00 5.284643682797627307e+00
6.000000000000000000e+00 -1.233566613775182175e+00 -1.233566613775182175e+00 -1.233566613775182175e+00 -1.233566613775182175e+00
7.000000000000000000e+00 -1.238901871062597415e+00 -1.238901871062597415e+00 -1.238901871062597415e+00 -1.238901871062597415e+00
8.000000000000000000e+00 -3.637665569610271543e+00 -3.637665569610271543e+00 -3.637665569610271543e+00 -3.637665569610271543e+00
9.000000000000000000e+00 1.384541140783626778e+00 1.384541140783626778e+00 1.384541140783626778e+00 1.384541140783626778e+00
1.000000000000000000e+01 1.298213253958870883e+00 1.298213253958870883e+00 1.298213253958870883e+00 1.298213253958870883e+00
1.100000000000000000e+01 1.006244207318932049e-01 1.006244207318932049e-01 1.006244207318932049e-01 1.006244207318932049e-01
1.200000000000000000e+01 -4.981899993187333120e-01 -4.981899993187333120e-01 -4.981899993187333120e-01 -4.981899993187333120e-01
1.300000000000000000e+01 -1.615476333696921563e+00 -1.615476333696921563e+00 -1.615476333696921563e+00 -1.615476333696921563e+00
1.400000000000000000e+01 1.370512395263979499e+00 1.370512395263979499e+00 1.370512395263979499e+00 1.370512395263979499e+00
1.500000000000000000e+01 3.764706713099518209e-01 3.764706713099518209e-01 3.764706713099518209e-01 3.764706713099518209e-01
1.600000000000000000e+01 -4.296725039927671852e-01 -4.296725039927671852e-01 -4.296725039927671852e-01 -4.296725039927671852e-01
1.700000000000000000e+01 6.381410885479646411e-02 6.381410885479646411e-02 6.381410885479646411e-02 6.381410885479646411e-02
1.800000000000000000e+01 -1.846251714064319982e+00 -1.846251714064319982e+00 -1.846251714064319982e+00 -1.846251714064319982e+00
1.900000000000000000e+01 1.684835521016263618e-02 1.684835521016263618e-02 1.684835521016263618e-02 1.684835521016263618e-02
2.000000000000000000e+01 1.622735329168490392e-01 1.622735329168490392e-01 1.622735329168490392e-01 1.622735329168490392e-01
2.100000000000000000e+01 6.950273551825240925e-02 6.950273551825240925e-02 6.950273551825240925e-02 6.950273551825240925e-02
2.200000000000000000e+01 -8.460227328491609633e-02 -8.460227328491609633e-02 -8.460227328491609633e-02 -8.460227328491609633e-02
2.300000000000000000e+01 -3.493316244711103802e-01 -3.493316244711103802e-01 -3.493316244711103802e-01 -3.493316244711103802e-01
2.400000000000000000e+01 -3.276663909592105184e-01 -3.276663909592105184e-01 -3.276663909592105184e-01 -3.276663909592105184e-01
2.500000000000000000e+01 7.671768193568608007e-02 7.671768193568608007e-02 7.671768193568608007e-02 7.671768193568608007e-02
2.600000000000000000e+01 1.326943752437700907e-02 1.326943752437700907e-02 1.326943752437700907e-02 1.326943752437700907e-02
2.700000000000000000e+01 9.387757825302082970e-02 9.387757825302082970e-02 9.387757825302082970e-02 9.387757825302082970e-02
2.800000000000000000e+01 9.121395947943279348e-01 9.121395947943279348e-01 9.121395947943279348e-01 9.121395947943279348e-01
2.900000000000000000e+01 5.155755021478924949e-01 5.155755021478924949e-01 5.155755021478924949e-01 5.155755021478924949e-01
3.000000000000000000e+01 5.090467366337204647e-01 5.090467366337204647e-01 5.090467366337204647e-01 5.090467366337204647e-01
3.100000000000000000e+01 9.314268643207931908e-02 9.314268643207931908e-02 9.314268643207931908e-02 9.314268643207931908e-02
3.200000000000000000e+01 2.805170660985262798e-01 2.805170660985262798e-01 2.805170660985262798e-01 2.805170660985262798e-01
3.300000000000000000e+01 4.817706117659223408e-01 4.817706117659223408e-01 4.817706117659223408e-01 4.817706117659223408e-01
3.400000000000000000e+01 9.592481027854540820e-02 9.592481027854540820e-02 9.592481027854540820e-02 9.592481027854540820e-02
3.500000000000000000e+01 4.653999677442738347e-01 4.653999677442738347e-01 4.653999677442738347e-01 4.653999677442738347e-01
3.600000000000000000e+01 -2.001733104062108637e-01 -2.001733104062108637e-01 -2.001733104062108637e-01 -2.001733104062108637e-01
3.700000000000000000e+01 2.040990982319999814e-01 2.040990982319999814e-01 2.040990982319999814e-01 2.040990982319999814e-01
3.800000000000000000e+01 3.339452298050595291e-01 3.339452298050595291e-01 3.339452298050595291e-01 3.339452298050595291e-01
3.900000000000000000e+01 8.126838790334098839e-01 8.126838790334098839e-01 8.126838790334098839e-01 8.126838790334098839e-01
4.000000000000000000e+01 5.146027377870083797e-01 5.146027377870083797e-01 5.146027377870083797e-01 5.146027377870083797e-01
4.100000000000000000e+01 7.876426951982917757e-02 7.876426951982917757e-02 7.876426951982917757e-02 7.876426951982917757e-02
4.200000000000000000e+01 2.098594986757496700e-02 2.098594986757496700e-02 2.098594986757496700e-02 2.098594986757496700e-02
4.300000000000000000e+01 5.991519125752119423e-01 5.991519125752119423e-01 5.991519125752119423e-01 5.991519125752119423e-01
4.400000000000000000e+01 6.816079342876742164e-02 6.816079342876742164e-02 6.816079342876742164e-02 6.816079342876742164e-02
4.500000000000000000e+01 1.305023582827812556e-01 1.305023582827812556e-01 1.305023582827812556e-01 1.305023582827812556e-01
4.600000000000000000e+01 7.075930506535572651e-01 7.075930506535572651e-01 7.075930506535572651e-01 7.075930506535572651e-01
4.700000000000000000e+01 4.835104869960027418e-01 4.835104869960027418e-01 4.835104869960027418e-01 4.835104869960027418e-01
4.800000000000000000e+01 -1.030188577842985620e-01 -1.030188577842985620e-01 -1.030188577842985620e-01 -1.030188577842985620e-01
4.900000000000000000e+01 3.704438443023192473e-01 3.704438443023192473e-01 3.704438443023192473e-01 3.704438443023192473e-01
5.000000000000000000e+01 -8.121607246698657467e-02 -8.121607246698657467e-02 -8.121607246698657467e-02 -8.121607246698657467e-02
5.100000000000000000e+01 1.881739682262808244e-01 1.881739682262808244e-01 1.881739682262808244e-01 1.881739682262808244e-01
5.200000000000000000e+01 6.339833554057346943e-01 6.339833554057346943e-01 6.339833554057346943e-01 6.339833554057346943e-01
5.300000000000000000e+01 4.869507005723277410e-02 4.869507005723277410e-02 4.869507005723277410e-02 4.869507005723277410e-02
5.400000000000000000e+01 6.695961017241827129e-01 6.695961017241827129e-01 6.695961017241827129e-01 6.695961017241827129e-01
5.500000000000000000e+01 5.124775606910243475e-01 5.124775606910243475e-01 5.124775606910243475e-01 5.124775606910243475e-01
5.600000000000000000e+01 2.360756528781975117e-01 2.360756528781975117e-01 2.360756528781975117e-01 2.360756528781975117e-01
5.700000000000000000e+01 8.001543316251922278e-01 8.001543316251922278e-01 8.001543316251922278e-01 8.001543316251922278e-01
5.800000000000000000e+01 6.074396057388697923e-01 6.074396057388697923e-01 6.074396057388697923e-01 6.074396057388697923e-01
5.900000000000000000e+01 5.187809508110933221e-01 5.187809508110933221e-01 5.187809508110933221e-01 5.187809508110933221e-01
6.000000000000000000e+01 2.881452152465868721e-01 2.881452152465868721e-01 2.881452152465868721e-01 2.881452152465868721e-01
6.100000000000000000e+01 1.064920816073489540e+00 1.064920816073489540e+00 1.064920816073489540e+00 1.064920816073489540e+00
6.200000000000000000e+01 3.359292211267965178e-01 3.359292211267965178e-01 3.359292211267965178e-01 3.359292211267965178e-01
6.300000000000000000e+01 2.376004396244413841e-01 2.376004396244413841e-01 2.376004396244413841e-01 2.376004396244413841e-01
6.400000000000000000e+01 9.863223765703956758e-01 9.863223765703956758e-01 9.863223765703956758e-01 9.863223765703956758e-01
6.500000000000000000e+01 1.371848733767862816e-01 1.371848733767862816e-01 1.371848733767862816e-01 1.371848733767862816e-01
6.600000000000000000e+01 5.801670929727753556e-02 5.801670929727753556e-02 5.801670929727753556e-02 5.801670929727753556e-02
6.700000000000000000e+01 4.899391984081318818e-01 4.899391984081318818e-01 4.899391984081318818e-01 4.899391984081318818e-01
6.800000000000000000e+01 4.641676653690233745e-01 4.641676653690233745e-01 4.641676653690233745e-01 4.641676653690233745e-01
6.900000000000000000e+01 6.096838175800152193e-01 6.096838175800152193e-01 6.096838175800152193e-01 6.096838175800152193e-01
7.000000000000000000e+01 -6.845108863381628439e-02 -6.845108863381628439e-02 -6.845108863381628439e-02 -6.845108863381628439e-02
7.100000000000000000e+01 3.075750912258554681e-01 3.075750912258554681e-01 3.075750912258554681e-01 3.075750912258554681e-01
7.200000000000000000e+01 5.881926443300841134e-01 5.881926443300841134e-01 5.881926443300841134e-01 5.881926443300841134e-01
7.300000000000000000e+01 2.350523798492843708e-01 2.350523798492843708e-01 2.350523798492843708e-01 2.350523798492843708e-01
7.400000000000000000e+01 1.815023429077712858e-01 1.815023429077712858e-01 1.815023429077712858e-01 1.815023429077712858e-01
7.500000000000000000e+01 5.029007144453710998e-01 5.029007144453710998e-01 5.029007144453710998e-01 5.029007144453710998e-01
7.600000000000000000e+01 7.633721177974548411e-01 7.633721177974548411e-01 7.633721177974548411e-01 7.633721177974548411e-01
7.700000000000000000e+01 7.288051150051638727e-01 7.288051150051638727e-01 7.288051150051638727e-01 7.288051150051638727e-01
7.800000000000000000e+01 1.371558165428249099e-01 1.371558165428249099e-01 1.371558165428249099e-01 1.371558165428249099e-01
7.900000000000000000e+01 5.578620357587064094e-01 5.578620357587064094e-01 5.578620357587064094e-01 5.578620357587064094e-01
8.000000000000000000e+01 -9.025786715369116253e-02 -9.025786715369116253e-02 -9.025786715369116253e-02 -9.025786715369116253e-02
8.100000000000000000e+01 2.509082194205040639e-01 2.509082194205040639e-01 2.509082194205040639e-01 2.509082194205040639e-01
8.200000000000000000e+01 4.459638927095354588e-01 4.459638927095354588e-01 4.459638927095354588e-01 4.459638927095354588e-01
8.300000000000000000e+01 4.147287694957403348e-01 4.147287694957403348e-01 4.147287694957403348e-01 4.147287694957403348e-01
8.400000000000000000e+01 9.579610834043020828e-01 9.579610834043020828e-01 9.579610834043020828e-01 9.579610834043020828e-01
8.500000000000000000e+01 4.167866198115572907e-01 4.167866198115572907e-01 4.167866198115572907e-01 4.167866198115572907e-01
8.600000000000000000e+01 4.977480658065469021e-01 4.977480658065469021e-01 4.977480658065469021e-01 4.977480658065469021e-01
8.700000000000000000e+01 6.668743315073545341e-01 6.668743315073545341e-01 6.668743315073545341e-01 6.668743315073545341e-01
8.800000000000000000e+01 7.572816010936169739e-01 7.572816010936169739e-01 7.572816010936169739e-01 7.572816010936169739e-01
8.900000000000000000e+01 3.737691258616076539e-01 3.737691258616076539e-01 3.737691258616076539e-01 3.737691258616076539e-01
9.000000000000000000e+01 5.051060101212333925e-02 5.051060101212333925e-02 5.051060101212333925e-02 5.051060101212333925e-02
9.100000000000000000e+01 3.552808876702482355e-01 3.552808876702482355e-01 3.552808876702482355e-01 3.552808876702482355e-01
9.200000000000000000e+01 6.050453373791305767e-01 6.050453373791305767e-01 6.050453373791305767e-01 6.050453373791305767e-01
9.300000000000000000e+01 6.754713641958495218e-01 6.754713641958495218e-01 6.754713641958495218e-01 6.754713641958495218e-01
9.400000000000000000e+01 6.376978211743402625e-01 6.376978211743402625e-01 6.376978211743402625e-01 6.376978211743402625e-01
9.500000000000000000e+01 1.310725191479710991e-02 1.310725191479710991e-02 1.310725191479710991e-02 1.310725191479710991e-02
9.600000000000000000e+01 6.771384253746214332e-01 6.771384253746214332e-01 6.771384253746214332e-01 6.771384253746214332e-01
9.700000000000000000e+01 -1.662979519396721173e-01 -1.662979519396721173e-01 -1.662979519396721173e-01 -1.662979519396721173e-01
9.800000000000000000e+01 1.847791952245176339e-01 1.847791952245176339e-01 1.847791952245176339e-01 1.847791952245176339e-01
