0.000000000000000000e+00 -3.309756291432655040e+00 -3.309756291432655040e+00 -3.309756291432655040e+00 -3.309756291432655040e+00
1.000000000000000000e+00 -2.204601578016498475e+00 -2.204601578016498475e+00 -2.204601578016498475e+00 -2.204601578016498475e+00
2.000000000000000000e+00 -1.309166218351088817e+00 -1.309166218351088817e+00 -1.309166218351088817e+00 -1.309166218351088817e+00
3.000000000000000000e+00 -7.733566953582217129e-01 -7.733566953582217129e-01 -7.733566953582217129e-01 -7.733566953582217129e-01
4.000000000000000000e+00 -4.183949044324007382e-01 -4.183949044324007382e-01 -4.183949044324007382e-01 -4.183949044324007382e-01
5.000000000000000000e+00 -2.313909973271698339e-01 -2.313909973271698339e-01 -2.313909973271698339e-01 -2.313909973271698339e-01
6.000000000000000000e+00 3.144299227076758491e-02 3.144299227076758491e-02 3.144299227076758491e-02 3.144299227076758491e-02
7.000000000000000000e+00 1.442314274260090845e-01 1.442314274260090845e-01 1.442314274260090845e-01 1.442314274260090845e-01
8.000000000000000000e+00 2.042188439830258662e-01 2.042188439830258662e-01 2.042188439830258662e-01 2.042188439830258662e-01
9.000000000000000000e+00 1.390958814126298966e-02 1.390958814126298966e-02 1.390958814126298966e-02 1.390958814126298966e-02
1.000000000000000000e+01 4.557567700826664625e-01 4.557567700826664625e-01 4.557567700826664625e-01 4.557567700826664625e-01
1.100000000000000000e+01 3.997692614279613754e-01 3.997692614279613754e-01 3.997692614279613754e-01 3.997692614279613754e-01
1.200000000000000000e+01 3.861305286515995805e-01 3.861305286515995805e-01 3.861305286515995805e-01 3.861305286515995805e-01
1.300000000000000000e+01 3.610286161866423371e-01 3.610286161866423371e-01 3.610286161866423371e-01 3.610286161866423371e-01
1.400000000000000000e+01 4.718571896037125901e-01 4.718571896037125901e-01 4.718571896037125901e-01 4.718571896037125901e-01
1.500000000000000000e+01 8.426294329925942961e-01 8.426294329925942961e-01 8.426294329925942961e-01 8.426294329925942961e-01
1.600000000000000000e+01 1.048554548095757655e+00 1.048554548095757655e+00 1.048554548095757655e+00 1.048554548095757655e+00
1.700000000000000000e+01 9.637974086469484059e-01 9.637974086469484059e-01 9.637974086469484059e-01 9.637974086469484059e-01
1.800000000000000000e+01 1.121875052162561781e+00 1.121875052162561781e+00 1.121875052162561781e+00 1.121875052162561781e+00
1.900000000000000000e+01 1.098045221681782424e+00 1.098045221681782424e+00 1.098045221681782424e+00 1.098045221681782424e+00
2.000000000000000000e+01 1.153195333685550938e+00 1.153195333685550938e+00 1.153195333685550938e+00 1.153195333685550938e+00
2.100000000000000000e+01 1.389461079488889306e+00 1.389461079488889306e+00 1.389461079488889306e+00 1.389461079488889306e+00
2.200000000000000000e+01 1.373633042801835735e+00 1.373633042801835735e+00 1.373633042801835735e+00 1.373633042801835735e+00
2.300000000000000000e+01 1.633956817754262492e+00 1.633956817754262492e+00 1.633956817754262492e+00 1.633956817754262492e+00
2.400000000000000000e+01 2.033894075853635908e+00 2.033894075853635908e+00 2.033894075853635908e+00 2.033894075853635908e+00
2.500000000000000000e+01 1.325836478339139202e+00 1.325836478339139202e+00 1.325836478339139202e+00 1.325836478339139202e+00
2.600000000000000000e+01 1.356446454959947090e+00 1.356446454959947090e+00 1.356446454959947090e+00 1.356446454959947090e+00
2.700000000000000000e+01 1.353120194106790075e+00 1.353120194106790075e+00 1.353120194106790075e+00 1.353120194106790075e+00
2.800000000000000000e+01 8.640653464474231660e-01 8.640653464474231660e-01 8.640653464474231660e-01 8.640653464474231660e-01
2.900000000000000000e+01 1.232282873380494914e+00 1.232282873380494914e+00 1.232282873380494914e+00 1.232282873380494914e+00
3.000000000000000000e+01 1.736689486641379343e+00 1.736689486641379343e+00 1.736689486641379343e+00 1.736689486641379343e+00
3.100000000000000000e+01 1.796274291322202954e+00 1.796274291322202954e+00 1.796274291322202954e+00 1.796274291322202954e+00
3.200000000000000000e+01 1.818836686813140258e+00 1.818836686813140258e+00 1.818836686813140258e+00 1.818836686813140258e+00
3.300000000000000000e+01 1.568952366682808020e+00 1.568952366682808020e+00 1.568952366682808020e+00 1.568952366682808020e+00
3.400000000000000000e+01 1.841076096187018063e+00 1.841076096187018063e+00 1.841076096187018063e+00 1.841076096187018063e+00
3.500000000000000000e+01 1.797681341822529477e+00 1.797681341822529477e+00 1.797681341822529477e+00 1.797681341822529477e+00
3.600000000000000000e+01 3.518652000428852400e-01 3.518652000428852400e-01 3.518652000428852400e-01 3.518652000428852400e-01
3.700000000000000000e+01 4.034114711057188440e-01 4.034114711057188440e-01 4.034114711057188440e-01 4.034114711057188440e-01
3.800000000000000000e+01 7.761887964781870597e-01 7.761887964781870597e-01 7.761887964781870597e-01 7.761887964781870597e-01
3.900000000000000000e+01 1.058467815642759602e+00 1.058467815642759602e+00 1.058467815642759602e+00 1.058467815642759602e+00
4.000000000000000000e+01 1.831035587713852442e+00 1.831035587713852442e+00 1.831035587713852442e+00 1.831035587713852442e+00
4.100000000000000000e+01 2.263339901859253267e+00 2.263339901859253267e+00 2.263339901859253267e+00 2.263339901859253267e+00
4.200000000000000000e+01 1.770784662453831260e+00 1.770784662453831260e+00 1.770784662453831260e+00 1.770784662453831260e+00
4.300000000000000000e+01 2.198886378013518161e+00 2.198886378013518161e+00 2.198886378013518161e+00 2.198886378013518161e+00
4.400000000000000000e+01 2.503699088533652972e+00 2.503699088533652972e+00 2.503699088533652972e+00 2.503699088533652972e+00
4.500000000000000000e+01 2.520788852517116041e+00 2.520788852517116041e+00 2.520788852517116041e+00 2.520788852517116041e+00
4.600000000000000000e+01 2.491095327502046430e+00 2.491095327502046430e+00 2.491095327502046430e+00 2.491095327502046430e+00
4.700000000000000000e+01 2.448683757146607576e+00 2.448683757146607576e+00 2.448683757146607576e+00 2.448683757146607576e+00
4.800000000000000000e+01 2.189060370725969040e+00 2.189060370725969040e+00 2.189060370725969040e+00 2.189060370725969040e+00
4.900000000000000000e+01 2.281312628632714556e+00 2.281312628632714556e+00 2.281312628632714556e+00 2.281312628632714556e+00
5.000000000000000000e+01 2.378821806600012412e+00 2.378821806600012412e+00 2.378821806600012412e+00 2.378821806600012412e+00
5.100000000000000000e+01 2.477082735767424548e+00 2.477082735767424548e+00 2.477082735767424548e+00 2.477082735767424548e+00
5.200000000000000000e+01 2.595983388987436857e+00 2.595983388987436857e+00 2.595983388987436857e+00 2.595983388987436857e+00
5.300000000000000000e+01 2.707597361979009243e+00 2.707597361979009243e+00 2.707597361979009243e+00 2.707597361979009243e+00
5.400000000000000000e+01 3.096130513263611661e+00 3.096130513263611661e+00 3.096130513263611661e+00 3.096130513263611661e+00
5.500000000000000000e+01 3.487110499994084734e+00 3.487110499994084734e+00 3.487110499994084734e+00 3.487110499994084734e+00
5.600000000000000000e+01 2.899340686288690350e+00 2.899340686288690350e+00 2.899340686288690350e+00 2.899340686288690350e+00
5.700000000000000000e+01 3.175847010817911986e+00 3.175847010817911986e+00 3.175847010817911986e+00 3.175847010817911986e+00
5.800000000000000000e+01 3.246522848614840306e+00 3.246522848614840306e+00 3.246522848614840306e+00 3.246522848614840306e+00
5.900000000000000000e+01 3.493556968031747090e+00 3.493556968031747090e+00 3.493556968031747090e+00 3.493556968031747090e+00
6.000000000000000000e+01 3.436860280539628221e+00 3.436860280539628221e+00 3.436860280539628221e+00 3.436860280539628221e+00
6.100000000000000000e+01 3.857271516524508392e+00 3.857271516524508392e+00 3.857271516524508392e+00 3.857271516524508392e+00
6.200000000000000000e+01 3.793919621564227018e+00 3.793919621564227018e+00 3.793919621564227018e+00 3.793919621564227018e+00
6.300000000000000000e+01 3.908986990343187085e+00 3.908986990343187085e+00 3.908986990343187085e+00 3.908986990343187085e+00
6.400000000000000000e+01 3.882871259087796734e+00 3.882871259087796734e+00 3.882871259087796734e+00 3.882871259087796734e+00
6.500000000000000000e+01 3.792149713359462382e+00 3.792149713359462382e+00 3.792149713359462382e+00 3.792149713359462382e+00
6.600000000000000000e+01 3.395000191856313076e+00 3.395000191856313076e+00 3.395000191856313076e+00 3.395000191856313076e+00
6.700000000000000000e+01 3.760345432127119469e+00 3.760345432127119469e+00 3.760345432127119469e+00 3.760345432127119469e+00
6.800000000000000000e+01 3.688353150104672462e+00 3.688353150104672462e+00 3.688353150104672462e+00 3.688353150104672462e+00
6.900000000000000000e+01 3.688878474611331004e+00 3.688878474611331004e+00 3.688878474611331004e+00 3.688878474611331004e+00
7.000000000000000000e+01 3.752409931083841244e+00 3.752409931083841244e+00 3.752409931083841244e+00 3.752409931083841244e+00
7.100000000000000000e+01 3.895542412571303625e+00 3.895542412571303625e+00 3.895542412571303625e+00 3.895542412571303625e+00
7.200000000000000000e+01 4.056551798099929051e+00 4.056551798099929051e+00 4.056551798099929051e+00 4.056551798099929051e+00
7.300000000000000000e+01 3.737000858187792041e+00 3.737000858187792041e+00 3.737000858187792041e+00 3.737000858187792041e+00
7.400000000000000000e+01 3.962052028974419660e+00 3.962052028974419660e+00 3.962052028974419660e+00 3.962052028974419660e+00
7.500000000000000000e+01 3.559297818847906747e+00 3.559297818847906747e+00 3.559297818847906747e+00 3.559297818847906747e+00
7.600000000000000000e+01 3.625924077725696915e+00 3.625924077725696915e+00 3.625924077725696915e+00 3.625924077725696915e+00
7.700000000000000000e+01 3.706154540596215519e+00 3.706154540596215519e+00 3.706154540596215519e+00 3.706154540596215519e+00
7.800000000000000000e+01 4.045717610841333745e+00 4.045717610841333745e+00 4.045717610841333745e+00 4.045717610841333745e+00
7.900000000000000000e+01 4.011933703979538635e+00 4.011933703979538635e+00 4.011933703979538635e+00 4.011933703979538635e+00
8.000000000000000000e+01 3.760123531435354050e+00 3.760123531435354050e+00 3.760123531435354050e+00 3.760123531435354050e+00
8.100000000000000000e+01 3.995544533047396207e+00 3.995544533047396207e+00 3.995544533047396207e+00 3.995544533047396207e+00
8.200000000000000000e+01 4.197421869684010431e+00 4.197421869684010431e+00 4.197421869684010431e+00 4.197421869684010431e+00
8.300000000000000000e+01 3.566762716686185275e+00 3.566762716686185275e+00 3.566762716686185275e+00 3.566762716686185275e+00
8.400000000000000000e+01 3.748693895574692458e+00 3.748693895574692458e+00 3.748693895574692458e+00 3.748693895574692458e+00
8.500000000000000000e+01 3.681292587901138447e+00 3.681292587901138447e+00 3.681292587901138447e+00 3.681292587901138447e+00
8.600000000000000000e+01 3.553146385814089925e+00 3.553146385814089925e+00 3.553146385814089925e+00 3.553146385814089925e+00
8.700000000000000000e+01 3.508884108162037219e+00 3.508884108162037219e+00 3.508884108162037219e+00 3.508884108162037219e+00
8.800000000000000000e+01 3.282750291315770674e+00 3.282750291315770674e+00 3.282750291315770674e+00 3.282750291315770674e+00
8.900000000000000000e+01 3.242854764814642632e+00 3.242854764814642632e+00 3.242854764814642632e+00 3.242854764814642632e+00
9.000000000000000000e+01 3.189923629843353758e+00 3.189923629843353758e+00 3.189923629843353758e+00 3.189923629843353758e+00
9.100000000000000000e+01 3.305323325032177184e+00 3.305323325032177184e+00 3.305323325032177184e+00 3.305323325032177184e+00
9.200000000000000000e+01 3.381399821878139367e+00 3.381399821878139367e+00 3.381399821878139367e+00 3.381399821878139367e+00
9.300000000000000000e+01 3.244544315485479391e+00 3.244544315485479391e+00 3.244544315485479391e+00 3.244544315485479391e+00
9.400000000000000000e+01 3.147187310522024273e+00 3.147187310522024273e+00 3.147187310522024273e+00 3.147187310522024273e+00
9.500000000000000000e+01 3.185846630732426021e+00 3.185846630732426021e+00 3.185846630732426021e+00 3.185846630732426021e+00
9.600000000000000000e+01 3.370415294978528209e+00 3.370415294978528209e+00 3.370415294978528209e+00 3.370415294978528209e+00
9.700000000000000000e+01 2.566840289086453897e+00 2.566840289086453897e+00 2.566840289086453897e+00 2.566840289086453897e+00
9.800000000000000000e+01 2.868559220758330142e+00 2.868559220758330142e+00 2.868559220758330142e+00 2.868559220758330142e+00
