0.000000000000000000e+00 -3.440847983980190039e-02 -3.440847983980190039e-02 -3.440847983980190039e-02 -3.440847983980190039e-02
1.000000000000000000e+00 -9.278194373198381251e-02 -9.278194373198381251e-02 -9.278194373198381251e-02 -9.278194373198381251e-02
2.000000000000000000e+00 -8.218048442660740027e-02 -8.218048442660740027e-02 -8.218048442660740027e-02 -8.218048442660740027e-02
3.000000000000000000e+00 -9.382347404527693890e-02 -9.382347404527693890e-02 -9.382347404527693890e-02 -9.382347404527693890e-02
4.000000000000000000e+00 -2.114754236873733761e-02 -2.114754236873733761e-02 -2.114754236873733761e-02 -2.114754236873733761e-02
5.000000000000000000e+00 2.598306973396482533e-01 2.598306973396482533e-01 2.598306973396482533e-01 2.598306973396482533e-01
6.000000000000000000e+00 3.212993787106636079e-01 3.212993787106636079e-01 3.212993787106636079e-01 3.212993787106636079e-01
7.000000000000000000e+00 3.394057712054884823e-01 3.394057712054884823e-01 3.394057712054884823e-01 3.394057712054884823e-01
8.000000000000000000e+00 6.507188354970985245e-01 6.507188354970985245e-01 6.507188354970985245e-01 6.507188354970985245e-01
9.000000000000000000e+00 6.655804337570424556e-01 6.655804337570424556e-01 6.655804337570424556e-01 6.655804337570424556e-01
1.000000000000000000e+01 7.554425852052699675e-01 7.554425852052699675e-01 7.554425852052699675e-01 7.554425852052699675e-01
1.100000000000000000e+01 7.416279198078037371e-01 7.416279198078037371e-01 7.416279198078037371e-01 7.416279198078037371e-01
1.200000000000000000e+01 4.179483611441408009e-01 4.179483611441408009e-01 4.179483611441408009e-01 4.179483611441408009e-01
1.300000000000000000e+01 1.479100964019320896e-01 1.479100964019320896e-01 1.479100964019320896e-01 1.479100964019320896e-01
1.400000000000000000e+01 9.700170935897595159e-02 9.700170935897595159e-02 9.700170935897595159e-02 9.700170935897595159e-02
1.500000000000000000e+01 7.989839367164616735e-03 7.989839367164616735e-03 7.989839367164616735e-03 7.989839367164616735e-03
1.600000000000000000e+01 1.656472072691544672e-01 1.656472072691544672e-01 1.656472072691544672e-01 1.656472072691544672e-01
1.700000000000000000e+01 4.772655574733621342e-01 4.772655574733621342e-01 4.772655574733621342e-01 4.772655574733621342e-01
1.800000000000000000e+01 5.675861738405291179e-01 5.675861738405291179e-01 5.675861738405291179e-01 5.675861738405291179e-01
1.900000000000000000e+01 4.770387141611780457e-01 4.770387141611780457e-01 4.770387141611780457e-01 4.770387141611780457e-01
2.000000000000000000e+01 5.502186151117279822e-01 5.502186151117279822e-01 5.502186151117279822e-01 5.502186151117279822e-01
2.100000000000000000e+01 6.574702764232017715e-01 6.574702764232017715e-01 6.574702764232017715e-01 6.574702764232017715e-01
2.200000000000000000e+01 7.956489031363754849e-01 7.956489031363754849e-01 7.956489031363754849e-01 7.956489031363754849e-01
2.300000000000000000e+01 8.364336573717294776e-01 8.364336573717294776e-01 8.364336573717294776e-01 8.364336573717294776e-01
2.400000000000000000e+01 1.095515659325813962e+00 1.095515659325813962e+00 1.095515659325813962e+00 1.095515659325813962e+00
2.500000000000000000e+01 1.111479546929644568e+00 1.111479546929644568e+00 1.111479546929644568e+00 1.111479546929644568e+00
2.600000000000000000e+01 1.264668359085159510e+00 1.264668359085159510e+00 1.264668359085159510e+00 1.264668359085159510e+00
2.700000000000000000e+01 1.243418406210487159e+00 1.243418406210487159e+00 1.243418406210487159e+00 1.243418406210487159e+00
2.800000000000000000e+01 1.206211464720896576e+00 1.206211464720896576e+00 1.206211464720896576e+00 1.206211464720896576e+00
2.900000000000000000e+01 1.149552785125965260e+00 1.149552785125965260e+00 1.149552785125965260e+00 1.149552785125965260e+00
3.000000000000000000e+01 1.144351525389836866e+00 1.144351525389836866e+00 1.144351525389836866e+00 1.144351525389836866e+00
3.100000000000000000e+01 1.090776940011072282e+00 1.090776940011072282e+00 1.090776940011072282e+00 1.090776940011072282e+00
3.200000000000000000e+01 9.982724065151800108e-01 9.982724065151800108e-01 9.982724065151800108e-01 9.982724065151800108e-01
3.300000000000000000e+01 1.007095362592246746e+00 1.007095362592246746e+00 1.007095362592246746e+00 1.007095362592246746e+00
3.400000000000000000e+01 9.125817100672377613e-01 9.125817100672377613e-01 9.125817100672377613e-01 9.125817100672377613e-01
3.500000000000000000e+01 8.895835111029509745e-01 8.895835111029509745e-01 8.895835111029509745e-01 8.895835111029509745e-01
3.600000000000000000e+01 7.963506960488484498e-01 7.963506960488484498e-01 7.963506960488484498e-01 7.963506960488484498e-01
3.700000000000000000e+01 1.093935071409021020e+00 1.093935071409021020e+00 1.093935071409021020e+00 1.093935071409021020e+00
3.800000000000000000e+01 8.640920014130284432e-01 8.640920014130284432e-01 8.640920014130284432e-01 8.640920014130284432e-01
3.900000000000000000e+01 9.146164601096227198e-01 9.146164601096227198e-01 9.146164601096227198e-01 9.146164601096227198e-01
4.000000000000000000e+01 1.000071754384839418e+00 1.000071754384839418e+00 1.000071754384839418e+00 1.000071754384839418e+00
4.100000000000000000e+01 1.062402039167525736e+00 1.062402039167525736e+00 1.062402039167525736e+00 1.062402039167525736e+00
4.200000000000000000e+01 1.042287136323531538e+00 1.042287136323531538e+00 1.042287136323531538e+00 1.042287136323531538e+00
4.300000000000000000e+01 1.084517349414066967e+00 1.084517349414066967e+00 1.084517349414066967e+00 1.084517349414066967e+00
4.400000000000000000e+01 1.102762558630208778e+00 1.102762558630208778e+00 1.102762558630208778e+00 1.102762558630208778e+00
4.500000000000000000e+01 1.118998686469038217e+00 1.118998686469038217e+00 1.118998686469038217e+00 1.118998686469038217e+00
4.600000000000000000e+01 1.027963127153005640e+00 1.027963127153005640e+00 1.027963127153005640e+00 1.027963127153005640e+00
4.700000000000000000e+01 1.029773048641968058e+00 1.029773048641968058e+00 1.029773048641968058e+00 1.029773048641968058e+00
4.800000000000000000e+01 1.206337139476468145e+00 1.206337139476468145e+00 1.206337139476468145e+00 1.206337139476468145e+00
4.900000000000000000e+01 1.073247362269979188e+00 1.073247362269979188e+00 1.073247362269979188e+00 1.073247362269979188e+00
5.000000000000000000e+01 1.134082100085190170e+00 1.134082100085190170e+00 1.134082100085190170e+00 1.134082100085190170e+00
5.100000000000000000e+01 1.041689858140127045e+00 1.041689858140127045e+00 1.041689858140127045e+00 1.041689858140127045e+00
5.200000000000000000e+01 8.514312225384097488e-01 8.514312225384097488e-01 8.514312225384097488e-01 8.514312225384097488e-01
5.300000000000000000e+01 8.835064258543594562e-01 8.835064258543594562e-01 8.835064258543594562e-01 8.835064258543594562e-01
5.400000000000000000e+01 9.346390037806038276e-01 9.346390037806038276e-01 9.346390037806038276e-01 9.346390037806038276e-01
5.500000000000000000e+01 9.491436685866431189e-01 9.491436685866431189e-01 9.491436685866431189e-01 9.491436685866431189e-01
5.600000000000000000e+01 1.173308681952590415e+00 1.173308681952590415e+00 1.173308681952590415e+00 1.173308681952590415e+00
5.700000000000000000e+01 9.179784722314653367e-01 9.179784722314653367e-01 9.179784722314653367e-01 9.179784722314653367e-01
5.800000000000000000e+01 1.064773439780236197e+00 1.064773439780236197e+00 1.064773439780236197e+00 1.064773439780236197e+00
5.900000000000000000e+01 1.041492752862524407e+00 1.041492752862524407e+00 1.041492752862524407e+00 1.041492752862524407e+00
6.000000000000000000e+01 1.138945462965673228e+00 1.138945462965673228e+00 1.138945462965673228e+00 1.138945462965673228e+00
6.100000000000000000e+01 1.089062287071447033e+00 1.089062287071447033e+00 1.089062287071447033e+00 1.089062287071447033e+00
6.200000000000000000e+01 1.043210125827439549e+00 1.043210125827439549e+00 1.043210125827439549e+00 1.043210125827439549e+00
6.300000000000000000e+01 1.247606287444626760e+00 1.247606287444626760e+00 1.247606287444626760e+00 1.247606287444626760e+00
6.400000000000000000e+01 1.289200832274503883e+00 1.289200832274503883e+00 1.289200832274503883e+00 1.289200832274503883e+00
6.500000000000000000e+01 1.153315925314201795e+00 1.153315925314201795e+00 1.153315925314201795e+00 1.153315925314201795e+00
6.600000000000000000e+01 1.141161007108417502e+00 1.141161007108417502e+00 1.141161007108417502e+00 1.141161007108417502e+00
6.700000000000000000e+01 9.918023103507997984e-01 9.918023103507997984e-01 9.918023103507997984e-01 9.918023103507997984e-01
6.800000000000000000e+01 1.066463994330490994e+00 1.066463994330490994e+00 1.066463994330490994e+00 1.066463994330490994e+00
6.900000000000000000e+01 9.667158365550976296e-01 9.667158365550976296e-01 9.667158365550976296e-01 9.667158365550976296e-01
7.000000000000000000e+01 9.485541259321681462e-01 9.485541259321681462e-01 9.485541259321681462e-01 9.485541259321681462e-01
7.100000000000000000e+01 1.020232281770196314e+00 1.020232281770196314e+00 1.020232281770196314e+00 1.020232281770196314e+00
7.200000000000000000e+01 1.006324625626973557e+00 1.006324625626973557e+00 1.006324625626973557e+00 1.006324625626973557e+00
7.300000000000000000e+01 8.941726917970292954e-01 8.941726917970292954e-01 8.941726917970292954e-01 8.941726917970292954e-01
7.400000000000000000e+01 9.194081397873146155e-01 9.194081397873146155e-01 9.194081397873146155e-01 9.194081397873146155e-01
7.500000000000000000e+01 1.076469538111988644e+00 1.076469538111988644e+00 1.076469538111988644e+00 1.076469538111988644e+00
7.600000000000000000e+01 1.129115678232218034e+00 1.129115678232218034e+00 1.129115678232218034e+00 1.129115678232218034e+00
7.700000000000000000e+01 6.606232280785682143e-01 6.606232280785682143e-01 6.606232280785682143e-01 6.606232280785682143e-01
7.800000000000000000e+01 3.428803946426579596e-01 3.428803946426579596e-01 3.428803946426579596e-01 3.428803946426579596e-01
7.900000000000000000e+01 -6.400177547120437793e-02 -6.400177547120437793e-02 -6.400177547120437793e-02 -6.400177547120437793e-02
8.000000000000000000e+01 -2.247069906257879168e-01 -2.247069906257879168e-01 -2.247069906257879168e-01 -2.247069906257879168e-01
8.100000000000000000e+01 2.697814185369032391e-01 2.697814185369032391e-01 2.697814185369032391e-01 2.697814185369032391e-01
8.200000000000000000e+01 8.312595557839144722e-02 8.312595557839144722e-02 8.312595557839144722e-02 8.312595557839144722e-02
8.300000000000000000e+01 5.910692303053483032e-01 5.910692303053483032e-01 5.910692303053483032e-01 5.910692303053483032e-01
8.400000000000000000e+01 5.264582996411940607e-01 5.264582996411940607e-01 5.264582996411940607e-01 5.264582996411940607e-01
8.500000000000000000e+01 9.475976999233801656e-01 9.475976999233801656e-01 9.475976999233801656e-01 9.475976999233801656e-01
8.600000000000000000e+01 8.536597642073623371e-01 8.536597642073623371e-01 8.536597642073623371e-01 8.536597642073623371e-01
8.700000000000000000e+01 9.862796493004780674e-01 9.862796493004780674e-01 9.862796493004780674e-01 9.862796493004780674e-01
8.800000000000000000e+01 8.160853252060147334e-01 8.160853252060147334e-01 8.160853252060147334e-01 8.160853252060147334e-01
8.900000000000000000e+01 1.048541992071046813e+00 1.048541992071046813e+00 1.048541992071046813e+00 1.048541992071046813e+00
9.000000000000000000e+01 1.286962800433754106e+00 1.286962800433754106e+00 1.286962800433754106e+00 1.286962800433754106e+00
9.100000000000000000e+01 1.157362310474387312e+00 1.157362310474387312e+00 1.157362310474387312e+00 1.157362310474387312e+00
9.200000000000000000e+01 1.185671385439815317e+00 1.185671385439815317e+00 1.185671385439815317e+00 1.185671385439815317e+00
9.300000000000000000e+01 8.610142718325947131e-01 8.610142718325947131e-01 8.610142718325947131e-01 8.610142718325947131e-01
9.400000000000000000e+01 1.107141816173308646e+00 1.107141816173308646e+00 1.107141816173308646e+00 1.107141816173308646e+00
9.500000000000000000e+01 1.051816208230820671e+00 1.051816208230820671e+00 1.051816208230820671e+00 1.051816208230820671e+00
9.600000000000000000e+01 1.019747184486607727e+00 1.019747184486607727e+00 1.019747184486607727e+00 1.019747184486607727e+00
9.700000000000000000e+01 1.053261804123962753e+00 1.053261804123962753e+00 1.053261804123962753e+00 1.053261804123962753e+00
9.800000000000000000e+01 1.194269575861969468e+00 1.194269575861969468e+00 1.194269575861969468e+00 1.194269575861969468e+00
9.900000000000000000e+01 6.870159603771451851e-01 6.870159603771451851e-01 6.870159603771451851e-01 6.870159603771451851e-01
1.000000000000000000e+02 1.300870999281308893e-02 1.300870999281308893e-02 1.300870999281308893e-02 1.300870999281308893e-02
1.010000000000000000e+02 2.721992933440483056e-02 2.721992933440483056e-02 2.721992933440483056e-02 2.721992933440483056e-02
1.020000000000000000e+02 -2.556392660297511221e-01 -2.556392660297511221e-01 -2.556392660297511221e-01 -2.556392660297511221e-01
1.030000000000000000e+02 -1.011567807463349677e-01 -1.011567807463349677e-01 -1.011567807463349677e-01 -1.011567807463349677e-01
1.040000000000000000e+02 2.223456614859467273e-01 2.223456614859467273e-01 2.223456614859467273e-01 2.223456614859467273e-01
1.050000000000000000e+02 2.986838261173033193e-01 2.986838261173033193e-01 2.986838261173033193e-01 2.986838261173033193e-01
1.060000000000000000e+02 3.303899430075158961e-01 3.303899430075158961e-01 3.303899430075158961e-01 3.303899430075158961e-01
1.070000000000000000e+02 6.794877858297003748e-01 6.794877858297003748e-01 6.794877858297003748e-01 6.794877858297003748e-01
1.080000000000000000e+02 4.135905702737637801e-01 4.135905702737637801e-01 4.135905702737637801e-01 4.135905702737637801e-01
1.090000000000000000e+02 1.005911285573874769e+00 1.005911285573874769e+00 1.005911285573874769e+00 1.005911285573874769e+00
1.100000000000000000e+02 1.345022826234232971e+00 1.345022826234232971e+00 1.345022826234232971e+00 1.345022826234232971e+00
1.110000000000000000e+02 8.343821407504287135e-01 8.343821407504287135e-01 8.343821407504287135e-01 8.343821407504287135e-01
1.120000000000000000e+02 6.175710257741764408e-01 6.175710257741764408e-01 6.175710257741764408e-01 6.175710257741764408e-01
1.130000000000000000e+02 1.131828202106988313e+00 1.131828202106988313e+00 1.131828202106988313e+00 1.131828202106988313e+00
1.140000000000000000e+02 8.882828808901389595e-01 8.882828808901389595e-01 8.882828808901389595e-01 8.882828808901389595e-01
1.150000000000000000e+02 1.156817242044754890e+00 1.156817242044754890e+00 1.156817242044754890e+00 1.156817242044754890e+00
1.160000000000000000e+02 1.552606204214559193e+00 1.552606204214559193e+00 1.552606204214559193e+00 1.552606204214559193e+00
1.170000000000000000e+02 1.478773089733659063e+00 1.478773089733659063e+00 1.478773089733659063e+00 1.478773089733659063e+00
1.180000000000000000e+02 1.158713309222882737e+00 1.158713309222882737e+00 1.158713309222882737e+00 1.158713309222882737e+00
1.190000000000000000e+02 1.371229841220062751e+00 1.371229841220062751e+00 1.371229841220062751e+00 1.371229841220062751e+00
