Delays Time-delay1 Time-delay2 Time-delay3 Time-delay4
0.000000000000000000e+00 9.438622112583030521e-01 9.438622112583030521e-01 9.438622112583030521e-01 9.438622112583030521e-01
1.000000000000000000e+00 4.413715016399651359e-01 4.413715016399651359e-01 4.413715016399651359e-01 4.413715016399651359e-01
2.000000000000000000e+00 2.894682576705528629e-02 2.894682576705528629e-02 2.894682576705528629e-02 2.894682576705528629e-02
3.000000000000000000e+00 5.611088140752134912e+00 5.611088140752134912e+00 5.611088140752134912e+00 5.611088140752134912e+00
4.000000000000000000e+00 4.896914736507219645e-01 4.896914736507219645e-01 4.896914736507219645e-01 4.896914736507219645e-01
5.000000000000000000e+00 2.430147314341422948e+00 2.430147314341422948e+00 2.430147314341422948e+00 2.430147314341422948e+00
6.000000000000000000e+00 -2.149990313895166594e+00 -2.149990313895166594e+00 -2.149990313895166594e+00 -2.149990313895166594e+00
7.000000000000000000e+00 -8.204235569270527106e-01 -8.204235569270527106e-01 -8.204235569270527106e-01 -8.204235569270527106e-01
8.000000000000000000e+00 -9.945752906736760046e-01 -9.945752906736760046e-01 -9.945752906736760046e-01 -9.945752906736760046e-01
9.000000000000000000e+00 8.011471106772267703e-01 8.011471106772267703e-01 8.011471106772267703e-01 8.011471106772267703e-01
1.000000000000000000e+01 1.227966599373528034e+00 1.227966599373528034e+00 1.227966599373528034e+00 1.227966599373528034e+00
1.100000000000000000e+01 1.659858441605756463e+00 1.659858441605756463e+00 1.659858441605756463e+00 1.659858441605756463e+00
1.200000000000000000e+01 -8.267167953986351292e-02 -8.267167953986351292e-02 -8.267167953986351292e-02 -8.267167953986351292e-02
1.300000000000000000e+01 -3.720045154788247932e-01 -3.720045154788247932e-01 -3.720045154788247932e-01 -3.720045154788247932e-01
1.400000000000000000e+01 -2.571369029260078265e-01 -2.571369029260078265e-01 -2.571369029260078265e-01 -2.571369029260078265e-01
1.500000000000000000e+01 -5.839108384181727063e-01 -5.839108384181727063e-01 -5.839108384181727063e-01 -5.839108384181727063e-01
1.600000000000000000e+01 -3.802286950378024333e-01 -3.802286950378024333e-01 -3.802286950378024333e-01 -3.802286950378024333e-01
1.700000000000000000e+01 -1.557487264891893319e-01 -1.557487264891893319e-01 -1.557487264891893319e-01 -1.557487264891893319e-01
1.800000000000000000e+01 -5.155441383972722003e-01 -5.155441383972722003e-01 -5.155441383972722003e-01 -5.155441383972722003e-01
1.900000000000000000e+01 -8.257115886155919071e-02 -8.257115886155919071e-02 -8.257115886155919071e-02 -8.257115886155919071e-02
2.000000000000000000e+01 -4.598899549886652505e-01 -4.598899549886652505e-01 -4.598899549886652505e-01 -4.598899549886652505e-01
2.100000000000000000e+01 9.693504556941683059e-02 9.693504556941683059e-02 9.693504556941683059e-02 9.693504556941683059e-02
2.200000000000000000e+01 -1.291139750182798418e-01 -1.291139750182798418e-01 -1.291139750182798418e-01 -1.291139750182798418e-01
2.300000000000000000e+01 8.611938193482990278e-02 8.611938193482990278e-02 8.611938193482990278e-02 8.611938193482990278e-02
2.400000000000000000e+01 -2.561762569825503516e-02 -2.561762569825503516e-02 -2.561762569825503516e-02 -2.561762569825503516e-02
2.500000000000000000e+01 7.210799915957822118e-03 7.210799915957822118e-03 7.210799915957822118e-03 7.210799915957822118e-03
2.600000000000000000e+01 1.459816955055718291e-01 1.459816955055718291e-01 1.459816955055718291e-01 1.459816955055718291e-01
2.700000000000000000e+01 -2.481864269400830408e-02 -2.481864269400830408e-02 -2.481864269400830408e-02 -2.481864269400830408e-02
2.800000000000000000e+01 1.785770472046578350e-01 1.785770472046578350e-01 1.785770472046578350e-01 1.785770472046578350e-01
2.900000000000000000e+01 -2.163337827080341891e-01 -2.163337827080341891e-01 -2.163337827080341891e-01 -2.163337827080341891e-01
3.000000000000000000e+01 1.643232824853992080e-02 1.643232824853992080e-02 1.643232824853992080e-02 1.643232824853992080e-02
3.100000000000000000e+01 7.806257824815758528e-02 7.806257824815758528e-02 7.806257824815758528e-02 7.806257824815758528e-02
3.200000000000000000e+01 -1.208396995070952773e-01 -1.208396995070952773e-01 -1.208396995070952773e-01 -1.208396995070952773e-01
3.300000000000000000e+01 -9.720445890607426476e-02 -9.720445890607426476e-02 -9.720445890607426476e-02 -9.720445890607426476e-02
3.400000000000000000e+01 -1.456683139397139670e-01 -1.456683139397139670e-01 -1.456683139397139670e-01 -1.456683139397139670e-01
3.500000000000000000e+01 6.824777056900596661e-02 6.824777056900596661e-02 6.824777056900596661e-02 6.824777056900596661e-02
3.600000000000000000e+01 5.059945370382400859e-02 5.059945370382400859e-02 5.059945370382400859e-02 5.059945370382400859e-02
3.700000000000000000e+01 -1.435175091362018984e-01 -1.435175091362018984e-01 -1.435175091362018984e-01 -1.435175091362018984e-01
3.800000000000000000e+01 -2.974660339209839882e-02 -2.974660339209839882e-02 -2.974660339209839882e-02 -2.974660339209839882e-02
3.900000000000000000e+01 -4.044510409201639012e-02 -4.044510409201639012e-02 -4.044510409201639012e-02 -4.044510409201639012e-02
4.000000000000000000e+01 -6.033983438359251383e-02 -6.033983438359251383e-02 -6.033983438359251383e-02 -6.033983438359251383e-02
4.100000000000000000e+01 4.525596000123957574e-02 4.525596000123957574e-02 4.525596000123957574e-02 4.525596000123957574e-02
4.200000000000000000e+01 -2.508170929155933634e-02 -2.508170929155933634e-02 -2.508170929155933634e-02 -2.508170929155933634e-02
4.300000000000000000e+01 -2.534394609225911268e-02 -2.534394609225911268e-02 -2.534394609225911268e-02 -2.534394609225911268e-02
4.400000000000000000e+01 1.352206448678659190e-01 1.352206448678659190e-01 1.352206448678659190e-01 1.352206448678659190e-01
4.500000000000000000e+01 4.037085691438742352e-03 4.037085691438742352e-03 4.037085691438742352e-03 4.037085691438742352e-03
4.600000000000000000e+01 3.005736989876031662e-02 3.005736989876031662e-02 3.005736989876031662e-02 3.005736989876031662e-02
4.700000000000000000e+01 8.493197040855586522e-02 8.493197040855586522e-02 8.493197040855586522e-02 8.493197040855586522e-02
4.800000000000000000e+01 -5.984109121585397262e-02 -5.984109121585397262e-02 -5.984109121585397262e-02 -5.984109121585397262e-02
4.900000000000000000e+01 -1.408093563534792980e-01 -1.408093563534792980e-01 -1.408093563534792980e-01 -1.408093563534792980e-01
5.000000000000000000e+01 -4.390582974688830853e-02 -4.390582974688830853e-02 -4.390582974688830853e-02 -4.390582974688830853e-02
5.100000000000000000e+01 -2.524085749004508217e-01 -2.524085749004508217e-01 -2.524085749004508217e-01 -2.524085749004508217e-01
5.200000000000000000e+01 -1.104751860629243909e-01 -1.104751860629243909e-01 -1.104751860629243909e-01 -1.104751860629243909e-01
5.300000000000000000e+01 -2.531541411081866255e-01 -2.531541411081866255e-01 -2.531541411081866255e-01 -2.531541411081866255e-01
5.400000000000000000e+01 -1.109601794556753368e-02 -1.109601794556753368e-02 -1.109601794556753368e-02 -1.109601794556753368e-02
5.500000000000000000e+01 -1.153053684835742138e-01 -1.153053684835742138e-01 -1.153053684835742138e-01 -1.153053684835742138e-01
5.600000000000000000e+01 -3.695227530079328126e-04 -3.695227530079328126e-04 -3.695227530079328126e-04 -3.695227530079328126e-04
5.700000000000000000e+01 -1.432744677063529926e-01 -1.432744677063529926e-01 -1.432744677063529926e-01 -1.432744677063529926e-01
5.800000000000000000e+01 -1.341850838302039994e-01 -1.341850838302039994e-01 -1.341850838302039994e-01 -1.341850838302039994e-01
5.900000000000000000e+01 -2.490512438713763654e-01 -2.490512438713763654e-01 -2.490512438713763654e-01 -2.490512438713763654e-01
6.000000000000000000e+01 1.116061572795856438e-01 1.116061572795856438e-01 1.116061572795856438e-01 1.116061572795856438e-01
6.100000000000000000e+01 -1.835988973222701381e-01 -1.835988973222701381e-01 -1.835988973222701381e-01 -1.835988973222701381e-01
6.200000000000000000e+01 -7.484780958211283142e-02 -7.484780958211283142e-02 -7.484780958211283142e-02 -7.484780958211283142e-02
6.300000000000000000e+01 -2.760203572418537185e-02 -2.760203572418537185e-02 -2.760203572418537185e-02 -2.760203572418537185e-02
6.400000000000000000e+01 -6.259575868092472073e-02 -6.259575868092472073e-02 -6.259575868092472073e-02 -6.259575868092472073e-02
6.500000000000000000e+01 -1.514276910841111934e-01 -1.514276910841111934e-01 -1.514276910841111934e-01 -1.514276910841111934e-01
6.600000000000000000e+01 -3.549869110108318238e-02 -3.549869110108318238e-02 -3.549869110108318238e-02 -3.549869110108318238e-02
6.700000000000000000e+01 -4.117157252402927486e-02 -4.117157252402927486e-02 -4.117157252402927486e-02 -4.117157252402927486e-02
6.800000000000000000e+01 -1.974507717075358049e-01 -1.974507717075358049e-01 -1.974507717075358049e-01 -1.974507717075358049e-01
6.900000000000000000e+01 -1.028409859401438614e-01 -1.028409859401438614e-01 -1.028409859401438614e-01 -1.028409859401438614e-01
7.000000000000000000e+01 -2.421587655425790908e-01 -2.421587655425790908e-01 -2.421587655425790908e-01 -2.421587655425790908e-01
7.100000000000000000e+01 -1.620631086321499548e-01 -1.620631086321499548e-01 -1.620631086321499548e-01 -1.620631086321499548e-01
7.200000000000000000e+01 -1.779386703463940456e-01 -1.779386703463940456e-01 -1.779386703463940456e-01 -1.779386703463940456e-01
7.300000000000000000e+01 -1.645795968693115341e-01 -1.645795968693115341e-01 -1.645795968693115341e-01 -1.645795968693115341e-01
7.400000000000000000e+01 -2.072784091672326134e-01 -2.072784091672326134e-01 -2.072784091672326134e-01 -2.072784091672326134e-01
7.500000000000000000e+01 -6.357075364853367883e-02 -6.357075364853367883e-02 -6.357075364853367883e-02 -6.357075364853367883e-02
7.600000000000000000e+01 8.259176109605043808e-03 8.259176109605043808e-03 8.259176109605043808e-03 8.259176109605043808e-03
7.700000000000000000e+01 -2.632489539700363923e-01 -2.632489539700363923e-01 -2.632489539700363923e-01 -2.632489539700363923e-01
7.800000000000000000e+01 -1.957247673175228561e-02 -1.957247673175228561e-02 -1.957247673175228561e-02 -1.957247673175228561e-02
7.900000000000000000e+01 -3.508500765401285915e-02 -3.508500765401285915e-02 -3.508500765401285915e-02 -3.508500765401285915e-02
8.000000000000000000e+01 -1.938586949315855290e-01 -1.938586949315855290e-01 -1.938586949315855290e-01 -1.938586949315855290e-01
8.100000000000000000e+01 -2.622404224759739694e-02 -2.622404224759739694e-02 -2.622404224759739694e-02 -2.622404224759739694e-02
8.200000000000000000e+01 -7.045680019454900710e-03 -7.045680019454900710e-03 -7.045680019454900710e-03 -7.045680019454900710e-03
8.300000000000000000e+01 2.878685235291150377e-02 2.878685235291150377e-02 2.878685235291150377e-02 2.878685235291150377e-02
8.400000000000000000e+01 -3.112630436417439857e-03 -3.112630436417439857e-03 -3.112630436417439857e-03 -3.112630436417439857e-03
8.500000000000000000e+01 -1.603297814104495400e-01 -1.603297814104495400e-01 -1.603297814104495400e-01 -1.603297814104495400e-01
8.600000000000000000e+01 -1.387580254213492126e-01 -1.387580254213492126e-01 -1.387580254213492126e-01 -1.387580254213492126e-01
8.700000000000000000e+01 -5.531296049779578505e-02 -5.531296049779578505e-02 -5.531296049779578505e-02 -5.531296049779578505e-02
8.800000000000000000e+01 -1.790826334196325420e-01 -1.790826334196325420e-01 -1.790826334196325420e-01 -1.790826334196325420e-01
8.900000000000000000e+01 -2.705566464380243508e-01 -2.705566464380243508e-01 -2.705566464380243508e-01 -2.705566464380243508e-01
9.000000000000000000e+01 -1.168139871599388202e-01 -1.168139871599388202e-01 -1.168139871599388202e-01 -1.168139871599388202e-01
9.100000000000000000e+01 -1.136244021480096039e-01 -1.136244021480096039e-01 -1.136244021480096039e-01 -1.136244021480096039e-01
9.200000000000000000e+01 -1.346242882539058494e-01 -1.346242882539058494e-01 -1.346242882539058494e-01 -1.346242882539058494e-01
9.300000000000000000e+01 -2.767413243420187019e-01 -2.767413243420187019e-01 -2.767413243420187019e-01 -2.767413243420187019e-01
9.400000000000000000e+01 -3.203272825354078202e-02 -3.203272825354078202e-02 -3.203272825354078202e-02 -3.203272825354078202e-02
9.500000000000000000e+01 -1.847617508023288724e-01 -1.847617508023288724e-01 -1.847617508023288724e-01 -1.847617508023288724e-01
9.600000000000000000e+01 -3.068456695000791601e-02 -3.068456695000791601e-02 -3.068456695000791601e-02 -3.068456695000791601e-02
9.700000000000000000e+01 -1.095052555329081162e-02 -1.095052555329081162e-02 -1.095052555329081162e-02 -1.095052555329081162e-02
9.800000000000000000e+01 3.720872756696256417e-02 3.720872756696256417e-02 3.720872756696256417e-02 3.720872756696256417e-02
