0.000000000000000000e+00 -3.309756324257943305e+00 -3.309756324257943305e+00 -3.309756324257943305e+00 -3.309756324257943305e+00
1.000000000000000000e+00 -2.204601595117142487e+00 -2.204601595117142487e+00 -2.204601595117142487e+00 -2.204601595117142487e+00
2.000000000000000000e+00 -1.309166239361013284e+00 -1.309166239361013284e+00 -1.309166239361013284e+00 -1.309166239361013284e+00
3.000000000000000000e+00 -7.733566781213910835e-01 -7.733566781213910835e-01 -7.733566781213910835e-01 -7.733566781213910835e-01
4.000000000000000000e+00 -4.183949015253234927e-01 -4.183949015253234927e-01 -4.183949015253234927e-01 -4.183949015253234927e-01
5.000000000000000000e+00 -2.313909892248568190e-01 -2.313909892248568190e-01 -2.313909892248568190e-01 -2.313909892248568190e-01
6.000000000000000000e+00 3.144296114766679390e-02 3.144296114766679390e-02 3.144296114766679390e-02 3.144296114766679390e-02
7.000000000000000000e+00 1.442314794803124800e-01 1.442314794803124800e-01 1.442314794803124800e-01 1.442314794803124800e-01
8.000000000000000000e+00 2.042188636770460031e-01 2.042188636770460031e-01 2.042188636770460031e-01 2.042188636770460031e-01
9.000000000000000000e+00 1.390963497611388648e-02 1.390963497611388648e-02 1.390963497611388648e-02 1.390963497611388648e-02
1.000000000000000000e+01 4.557567872618806248e-01 4.557567872618806248e-01 4.557567872618806248e-01 4.557567872618806248e-01
1.100000000000000000e+01 3.997692739310907961e-01 3.997692739310907961e-01 3.997692739310907961e-01 3.997692739310907961e-01
1.200000000000000000e+01 3.861305814374569878e-01 3.861305814374569878e-01 3.861305814374569878e-01 3.861305814374569878e-01
1.300000000000000000e+01 3.610285817909089090e-01 3.610285817909089090e-01 3.610285817909089090e-01 3.610285817909089090e-01
1.400000000000000000e+01 4.718571336101531899e-01 4.718571336101531899e-01 4.718571336101531899e-01 4.718571336101531899e-01
1.500000000000000000e+01 8.426294478515827802e-01 8.426294478515827802e-01 8.426294478515827802e-01 8.426294478515827802e-01
1.600000000000000000e+01 1.048554579157590982e+00 1.048554579157590982e+00 1.048554579157590982e+00 1.048554579157590982e+00
1.700000000000000000e+01 9.637973850911939477e-01 9.637973850911939477e-01 9.637973850911939477e-01 9.637973850911939477e-01
1.800000000000000000e+01 1.121875075792347909e+00 1.121875075792347909e+00 1.121875075792347909e+00 1.121875075792347909e+00
1.900000000000000000e+01 1.098045253017231326e+00 1.098045253017231326e+00 1.098045253017231326e+00 1.098045253017231326e+00
2.000000000000000000e+01 1.153195306670338649e+00 1.153195306670338649e+00 1.153195306670338649e+00 1.153195306670338649e+00
2.100000000000000000e+01 1.389461126042698336e+00 1.389461126042698336e+00 1.389461126042698336e+00 1.389461126042698336e+00
2.200000000000000000e+01 1.373633065502063433e+00 1.373633065502063433e+00 1.373633065502063433e+00 1.373633065502063433e+00
2.300000000000000000e+01 1.633956812881055765e+00 1.633956812881055765e+00 1.633956812881055765e+00 1.633956812881055765e+00
2.400000000000000000e+01 2.033894090609305039e+00 2.033894090609305039e+00 2.033894090609305039e+00 2.033894090609305039e+00
2.500000000000000000e+01 1.325836491129925632e+00 1.325836491129925632e+00 1.325836491129925632e+00 1.325836491129925632e+00
2.600000000000000000e+01 1.356446480601858129e+00 1.356446480601858129e+00 1.356446480601858129e+00 1.356446480601858129e+00
2.700000000000000000e+01 1.353120190686328161e+00 1.353120190686328161e+00 1.353120190686328161e+00 1.353120190686328161e+00
2.800000000000000000e+01 8.640653351617324507e-01 8.640653351617324507e-01 8.640653351617324507e-01 8.640653351617324507e-01
2.900000000000000000e+01 1.232282829405216162e+00 1.232282829405216162e+00 1.232282829405216162e+00 1.232282829405216162e+00
3.000000000000000000e+01 1.736689512218332121e+00 1.736689512218332121e+00 1.736689512218332121e+00 1.736689512218332121e+00
3.100000000000000000e+01 1.796274274771913149e+00 1.796274274771913149e+00 1.796274274771913149e+00 1.796274274771913149e+00
3.200000000000000000e+01 1.818836661374085173e+00 1.818836661374085173e+00 1.818836661374085173e+00 1.818836661374085173e+00
3.300000000000000000e+01 1.568952369244531742e+00 1.568952369244531742e+00 1.568952369244531742e+00 1.568952369244531742e+00
3.400000000000000000e+01 1.841076054919611238e+00 1.841076054919611238e+00 1.841076054919611238e+00 1.841076054919611238e+00
3.500000000000000000e+01 1.797681343505032503e+00 1.797681343505032503e+00 1.797681343505032503e+00 1.797681343505032503e+00
3.600000000000000000e+01 3.518651687590043653e-01 3.518651687590043653e-01 3.518651687590043653e-01 3.518651687590043653e-01
3.700000000000000000e+01 4.034114648482441390e-01 4.034114648482441390e-01 4.034114648482441390e-01 4.034114648482441390e-01
3.800000000000000000e+01 7.761888239714010984e-01 7.761888239714010984e-01 7.761888239714010984e-01 7.761888239714010984e-01
3.900000000000000000e+01 1.058467822488166954e+00 1.058467822488166954e+00 1.058467822488166954e+00 1.058467822488166954e+00
4.000000000000000000e+01 1.831035616943038180e+00 1.831035616943038180e+00 1.831035616943038180e+00 1.831035616943038180e+00
4.100000000000000000e+01 2.263339904592660545e+00 2.263339904592660545e+00 2.263339904592660545e+00 2.263339904592660545e+00
4.200000000000000000e+01 1.770784647627063668e+00 1.770784647627063668e+00 1.770784647627063668e+00 1.770784647627063668e+00
4.300000000000000000e+01 2.198886380001088270e+00 2.198886380001088270e+00 2.198886380001088270e+00 2.198886380001088270e+00
4.400000000000000000e+01 2.503699124918502772e+00 2.503699124918502772e+00 2.503699124918502772e+00 2.503699124918502772e+00
4.500000000000000000e+01 2.520788907185460115e+00 2.520788907185460115e+00 2.520788907185460115e+00 2.520788907185460115e+00
4.600000000000000000e+01 2.491095316427156092e+00 2.491095316427156092e+00 2.491095316427156092e+00 2.491095316427156092e+00
4.700000000000000000e+01 2.448683725244132248e+00 2.448683725244132248e+00 2.448683725244132248e+00 2.448683725244132248e+00
4.800000000000000000e+01 2.189060372766467477e+00 2.189060372766467477e+00 2.189060372766467477e+00 2.189060372766467477e+00
4.900000000000000000e+01 2.281312640088525079e+00 2.281312640088525079e+00 2.281312640088525079e+00 2.281312640088525079e+00
5.000000000000000000e+01 2.378821819017727712e+00 2.378821819017727712e+00 2.378821819017727712e+00 2.378821819017727712e+00
5.100000000000000000e+01 2.477082742642156887e+00 2.477082742642156887e+00 2.477082742642156887e+00 2.477082742642156887e+00
5.200000000000000000e+01 2.595983418791372621e+00 2.595983418791372621e+00 2.595983418791372621e+00 2.595983418791372621e+00
5.300000000000000000e+01 2.707597422949019172e+00 2.707597422949019172e+00 2.707597422949019172e+00 2.707597422949019172e+00
5.400000000000000000e+01 3.096130514748292928e+00 3.096130514748292928e+00 3.096130514748292928e+00 3.096130514748292928e+00
5.500000000000000000e+01 3.487110518466804532e+00 3.487110518466804532e+00 3.487110518466804532e+00 3.487110518466804532e+00
5.600000000000000000e+01 2.899340661600853686e+00 2.899340661600853686e+00 2.899340661600853686e+00 2.899340661600853686e+00
5.700000000000000000e+01 3.175847066787797601e+00 3.175847066787797601e+00 3.175847066787797601e+00 3.175847066787797601e+00
5.800000000000000000e+01 3.246522864812216635e+00 3.246522864812216635e+00 3.246522864812216635e+00 3.246522864812216635e+00
5.900000000000000000e+01 3.493556981397993422e+00 3.493556981397993422e+00 3.493556981397993422e+00 3.493556981397993422e+00
6.000000000000000000e+01 3.436860275620322813e+00 3.436860275620322813e+00 3.436860275620322813e+00 3.436860275620322813e+00
6.100000000000000000e+01 3.857271533547746323e+00 3.857271533547746323e+00 3.857271533547746323e+00 3.857271533547746323e+00
6.200000000000000000e+01 3.793919618664269855e+00 3.793919618664269855e+00 3.793919618664269855e+00 3.793919618664269855e+00
6.300000000000000000e+01 3.908986973298734569e+00 3.908986973298734569e+00 3.908986973298734569e+00 3.908986973298734569e+00
6.400000000000000000e+01 3.882871365808591602e+00 3.882871365808591602e+00 3.882871365808591602e+00 3.882871365808591602e+00
6.500000000000000000e+01 3.792149740452503526e+00 3.792149740452503526e+00 3.792149740452503526e+00 3.792149740452503526e+00
6.600000000000000000e+01 3.395000216347246802e+00 3.395000216347246802e+00 3.395000216347246802e+00 3.395000216347246802e+00
6.700000000000000000e+01 3.760345399102055897e+00 3.760345399102055897e+00 3.760345399102055897e+00 3.760345399102055897e+00
6.800000000000000000e+01 3.688353186618932966e+00 3.688353186618932966e+00 3.688353186618932966e+00 3.688353186618932966e+00
6.900000000000000000e+01 3.688878468228780072e+00 3.688878468228780072e+00 3.688878468228780072e+00 3.688878468228780072e+00
7.000000000000000000e+01 3.752409943467330589e+00 3.752409943467330589e+00 3.752409943467330589e+00 3.752409943467330589e+00
7.100000000000000000e+01 3.895542420245425408e+00 3.895542420245425408e+00 3.895542420245425408e+00 3.895542420245425408e+00
7.200000000000000000e+01 4.056551790763512244e+00 4.056551790763512244e+00 4.056551790763512244e+00 4.056551790763512244e+00
7.300000000000000000e+01 3.737000859316734758e+00 3.737000859316734758e+00 3.737000859316734758e+00 3.737000859316734758e+00
7.400000000000000000e+01 3.962052052348054243e+00 3.962052052348054243e+00 3.962052052348054243e+00 3.962052052348054243e+00
7.500000000000000000e+01 3.559297814216266787e+00 3.559297814216266787e+00 3.559297814216266787e+00 3.559297814216266787e+00
7.600000000000000000e+01 3.625924090152611079e+00 3.625924090152611079e+00 3.625924090152611079e+00 3.625924090152611079e+00
7.700000000000000000e+01 3.706154565548454016e+00 3.706154565548454016e+00 3.706154565548454016e+00 3.706154565548454016e+00
7.800000000000000000e+01 4.045717612618765280e+00 4.045717612618765280e+00 4.045717612618765280e+00 4.045717612618765280e+00
7.900000000000000000e+01 4.011933735917636135e+00 4.011933735917636135e+00 4.011933735917636135e+00 4.011933735917636135e+00
8.000000000000000000e+01 3.760123482191687128e+00 3.760123482191687128e+00 3.760123482191687128e+00 3.760123482191687128e+00
8.100000000000000000e+01 3.995544521216137568e+00 3.995544521216137568e+00 3.995544521216137568e+00 3.995544521216137568e+00
8.200000000000000000e+01 4.197421929801831375e+00 4.197421929801831375e+00 4.197421929801831375e+00 4.197421929801831375e+00
8.300000000000000000e+01 3.566762730237104773e+00 3.566762730237104773e+00 3.566762730237104773e+00 3.566762730237104773e+00
8.400000000000000000e+01 3.748693887355276644e+00 3.748693887355276644e+00 3.748693887355276644e+00 3.748693887355276644e+00
8.500000000000000000e+01 3.681292578402159954e+00 3.681292578402159954e+00 3.681292578402159954e+00 3.681292578402159954e+00
8.600000000000000000e+01 3.553146381417805699e+00 3.553146381417805699e+00 3.553146381417805699e+00 3.553146381417805699e+00
8.700000000000000000e+01 3.508884127562605038e+00 3.508884127562605038e+00 3.508884127562605038e+00 3.508884127562605038e+00
8.800000000000000000e+01 3.282750313803089348e+00 3.282750313803089348e+00 3.282750313803089348e+00 3.282750313803089348e+00
8.900000000000000000e+01 3.242854771933510794e+00 3.242854771933510794e+00 3.242854771933510794e+00 3.242854771933510794e+00
9.000000000000000000e+01 3.189923643938638698e+00 3.189923643938638698e+00 3.189923643938638698e+00 3.189923643938638698e+00
9.100000000000000000e+01 3.305323346519626782e+00 3.305323346519626782e+00 3.305323346519626782e+00 3.305323346519626782e+00
9.200000000000000000e+01 3.381399819118547256e+00 3.381399819118547256e+00 3.381399819118547256e+00 3.381399819118547256e+00
9.300000000000000000e+01 3.244544310535789844e+00 3.244544310535789844e+00 3.244544310535789844e+00 3.244544310535789844e+00
9.400000000000000000e+01 3.147187309660254062e+00 3.147187309660254062e+00 3.147187309660254062e+00 3.147187309660254062e+00
9.500000000000000000e+01 3.185846649600404756e+00 3.185846649600404756e+00 3.185846649600404756e+00 3.185846649600404756e+00
9.600000000000000000e+01 3.370415307829502272e+00 3.370415307829502272e+00 3.370415307829502272e+00 3.370415307829502272e+00
9.700000000000000000e+01 2.566840307261861298e+00 2.566840307261861298e+00 2.566840307261861298e+00 2.566840307261861298e+00
9.800000000000000000e+01 2.868559249845223924e+00 2.868559249845223924e+00 2.868559249845223924e+00 2.868559249845223924e+00
9.900000000000000000e+01 2.958584730033413823e+00 2.958584730033413823e+00 2.958584730033413823e+00 2.958584730033413823e+00
