0.000000000000000000e+00 6.663432072973693110e+00 6.663432072973693110e+00 6.663432072973693110e+00 6.663432072973693110e+00
1.000000000000000000e+00 -5.379457587647321071e-02 -5.379457587647321071e-02 -5.379457587647321071e-02 -5.379457587647321071e-02
2.000000000000000000e+00 -1.091463785831624511e+00 -1.091463785831624511e+00 -1.091463785831624511e+00 -1.091463785831624511e+00
3.000000000000000000e+00 4.952937723698369044e-01 4.952937723698369044e-01 4.952937723698369044e-01 4.952937723698369044e-01
4.000000000000000000e+00 -3.589648713502875399e+00 -3.589648713502875399e+00 -3.589648713502875399e+00 -3.589648713502875399e+00
5.000000000000000000e+00 -1.035698426825182139e+01 -1.035698426825182139e+01 -1.035698426825182139e+01 -1.035698426825182139e+01
6.000000000000000000e+00 -7.658769337546624811e+00 -7.658769337546624811e+00 -7.658769337546624811e+00 -7.658769337546624811e+00
7.000000000000000000e+00 -8.601272167738656549e+00 -8.601272167738656549e+00 -8.601272167738656549e+00 -8.601272167738656549e+00
8.000000000000000000e+00 4.929067617761143105e-01 4.929067617761143105e-01 4.929067617761143105e-01 4.929067617761143105e-01
9.000000000000000000e+00 -2.059913643172631148e-01 -2.059913643172631148e-01 -2.059913643172631148e-01 -2.059913643172631148e-01
1.000000000000000000e+01 -2.035828556587108817e+00 -2.035828556587108817e+00 -2.035828556587108817e+00 -2.035828556587108817e+00
1.100000000000000000e+01 -1.335737316472100478e+00 -1.335737316472100478e+00 -1.335737316472100478e+00 -1.335737316472100478e+00
1.200000000000000000e+01 1.117095540065875303e+00 1.117095540065875303e+00 1.117095540065875303e+00 1.117095540065875303e+00
1.300000000000000000e+01 3.370293225522821512e+00 3.370293225522821512e+00 3.370293225522821512e+00 3.370293225522821512e+00
1.400000000000000000e+01 5.326736710319305956e+00 5.326736710319305956e+00 5.326736710319305956e+00 5.326736710319305956e+00
1.500000000000000000e+01 6.376610554867147229e+00 6.376610554867147229e+00 6.376610554867147229e+00 6.376610554867147229e+00
1.600000000000000000e+01 8.010750463440981406e+00 8.010750463440981406e+00 8.010750463440981406e+00 8.010750463440981406e+00
1.700000000000000000e+01 8.079641318155259100e+00 8.079641318155259100e+00 8.079641318155259100e+00 8.079641318155259100e+00
1.800000000000000000e+01 1.075630743846146586e+01 1.075630743846146586e+01 1.075630743846146586e+01 1.075630743846146586e+01
1.900000000000000000e+01 9.790289486368529026e+00 9.790289486368529026e+00 9.790289486368529026e+00 9.790289486368529026e+00
2.000000000000000000e+01 1.026213766672564986e+01 1.026213766672564986e+01 1.026213766672564986e+01 1.026213766672564986e+01
2.100000000000000000e+01 9.360269736414538855e+00 9.360269736414538855e+00 9.360269736414538855e+00 9.360269736414538855e+00
2.200000000000000000e+01 7.038629185810624023e+00 7.038629185810624023e+00 7.038629185810624023e+00 7.038629185810624023e+00
2.300000000000000000e+01 -1.524802870468832783e+00 -1.524802870468832783e+00 -1.524802870468832783e+00 -1.524802870468832783e+00
2.400000000000000000e+01 -3.658978151228199138e+00 -3.658978151228199138e+00 -3.658978151228199138e+00 -3.658978151228199138e+00
2.500000000000000000e+01 -4.049428271333519902e+00 -4.049428271333519902e+00 -4.049428271333519902e+00 -4.049428271333519902e+00
2.600000000000000000e+01 -4.208007261328227777e+00 -4.208007261328227777e+00 -4.208007261328227777e+00 -4.208007261328227777e+00
2.700000000000000000e+01 3.038745219439091372e+00 3.038745219439091372e+00 3.038745219439091372e+00 3.038745219439091372e+00
2.800000000000000000e+01 2.017797563254517090e+00 2.017797563254517090e+00 2.017797563254517090e+00 2.017797563254517090e+00
2.900000000000000000e+01 1.061929270028849404e+00 1.061929270028849404e+00 1.061929270028849404e+00 1.061929270028849404e+00
3.000000000000000000e+01 -1.211409797925095067e+00 -1.211409797925095067e+00 -1.211409797925095067e+00 -1.211409797925095067e+00
3.100000000000000000e+01 5.834167384802139145e-01 5.834167384802139145e-01 5.834167384802139145e-01 5.834167384802139145e-01
3.200000000000000000e+01 3.948514610349128873e+00 3.948514610349128873e+00 3.948514610349128873e+00 3.948514610349128873e+00
3.300000000000000000e+01 7.843389277923862757e+00 7.843389277923862757e+00 7.843389277923862757e+00 7.843389277923862757e+00
3.400000000000000000e+01 9.770180266446123696e+00 9.770180266446123696e+00 9.770180266446123696e+00 9.770180266446123696e+00
3.500000000000000000e+01 1.112912899508341269e+01 1.112912899508341269e+01 1.112912899508341269e+01 1.112912899508341269e+01
3.600000000000000000e+01 1.222736025035714569e+01 1.222736025035714569e+01 1.222736025035714569e+01 1.222736025035714569e+01
3.700000000000000000e+01 1.185387580230946902e+01 1.185387580230946902e+01 1.185387580230946902e+01 1.185387580230946902e+01
3.800000000000000000e+01 1.435391751502833024e+01 1.435391751502833024e+01 1.435391751502833024e+01 1.435391751502833024e+01
3.900000000000000000e+01 1.352477972070781753e+01 1.352477972070781753e+01 1.352477972070781753e+01 1.352477972070781753e+01
4.000000000000000000e+01 1.237776597612101703e+01 1.237776597612101703e+01 1.237776597612101703e+01 1.237776597612101703e+01
4.100000000000000000e+01 6.222153102507830269e+00 6.222153102507830269e+00 6.222153102507830269e+00 6.222153102507830269e+00
4.200000000000000000e+01 2.696551029918100362e+00 2.696551029918100362e+00 2.696551029918100362e+00 2.696551029918100362e+00
4.300000000000000000e+01 2.413595976810392951e+00 2.413595976810392951e+00 2.413595976810392951e+00 2.413595976810392951e+00
4.400000000000000000e+01 1.504293069969450558e+00 1.504293069969450558e+00 1.504293069969450558e+00 1.504293069969450558e+00
4.500000000000000000e+01 9.367226354745948669e+00 9.367226354745948669e+00 9.367226354745948669e+00 9.367226354745948669e+00
4.600000000000000000e+01 6.277329744362185160e+00 6.277329744362185160e+00 6.277329744362185160e+00 6.277329744362185160e+00
4.700000000000000000e+01 2.855875410198235986e+00 2.855875410198235986e+00 2.855875410198235986e+00 2.855875410198235986e+00
4.800000000000000000e+01 8.969033841314698607e-01 8.969033841314698607e-01 8.969033841314698607e-01 8.969033841314698607e-01
4.900000000000000000e+01 5.408125947907536230e-02 5.408125947907536230e-02 5.408125947907536230e-02 5.408125947907536230e-02
5.000000000000000000e+01 2.449899944893376258e+00 2.449899944893376258e+00 2.449899944893376258e+00 2.449899944893376258e+00
5.100000000000000000e+01 4.744701972738713636e+00 4.744701972738713636e+00 4.744701972738713636e+00 4.744701972738713636e+00
5.200000000000000000e+01 6.015752969839204489e+00 6.015752969839204489e+00 6.015752969839204489e+00 6.015752969839204489e+00
5.300000000000000000e+01 9.890624861376107191e+00 9.890624861376107191e+00 9.890624861376107191e+00 9.890624861376107191e+00
5.400000000000000000e+01 1.220794628248482461e+01 1.220794628248482461e+01 1.220794628248482461e+01 1.220794628248482461e+01
5.500000000000000000e+01 1.276875740565028217e+01 1.276875740565028217e+01 1.276875740565028217e+01 1.276875740565028217e+01
5.600000000000000000e+01 1.488860546124335116e+01 1.488860546124335116e+01 1.488860546124335116e+01 1.488860546124335116e+01
5.700000000000000000e+01 1.375819773605319973e+01 1.375819773605319973e+01 1.375819773605319973e+01 1.375819773605319973e+01
5.800000000000000000e+01 1.152925932436835232e+01 1.152925932436835232e+01 1.152925932436835232e+01 1.152925932436835232e+01
5.900000000000000000e+01 9.366175556397335455e+00 9.366175556397335455e+00 9.366175556397335455e+00 9.366175556397335455e+00
6.000000000000000000e+01 6.635380439869015490e+00 6.635380439869015490e+00 6.635380439869015490e+00 6.635380439869015490e+00
6.100000000000000000e+01 9.882933324487966686e+00 9.882933324487966686e+00 9.882933324487966686e+00 9.882933324487966686e+00
6.200000000000000000e+01 1.662651219212477827e+01 1.662651219212477827e+01 1.662651219212477827e+01 1.662651219212477827e+01
6.300000000000000000e+01 1.437888945937554119e+01 1.437888945937554119e+01 1.437888945937554119e+01 1.437888945937554119e+01
6.400000000000000000e+01 1.071159780617467661e+01 1.071159780617467661e+01 1.071159780617467661e+01 1.071159780617467661e+01
6.500000000000000000e+01 8.811187960682016040e+00 8.811187960682016040e+00 8.811187960682016040e+00 8.811187960682016040e+00
6.600000000000000000e+01 5.022456435295653776e+00 5.022456435295653776e+00 5.022456435295653776e+00 5.022456435295653776e+00
6.700000000000000000e+01 3.738954537536648637e+00 3.738954537536648637e+00 3.738954537536648637e+00 3.738954537536648637e+00
6.800000000000000000e+01 2.752366776124996584e+00 2.752366776124996584e+00 2.752366776124996584e+00 2.752366776124996584e+00
6.900000000000000000e+01 3.622778202123139391e+00 3.622778202123139391e+00 3.622778202123139391e+00 3.622778202123139391e+00
7.000000000000000000e+01 4.585751658128422115e+00 4.585751658128422115e+00 4.585751658128422115e+00 4.585751658128422115e+00
7.100000000000000000e+01 4.759157064510358914e+00 4.759157064510358914e+00 4.759157064510358914e+00 4.759157064510358914e+00
7.200000000000000000e+01 6.376260505916599541e+00 6.376260505916599541e+00 6.376260505916599541e+00 6.376260505916599541e+00
7.300000000000000000e+01 9.335730229196794738e+00 9.335730229196794738e+00 9.335730229196794738e+00 9.335730229196794738e+00
7.400000000000000000e+01 9.922387074029192178e+00 9.922387074029192178e+00 9.922387074029192178e+00 9.922387074029192178e+00
7.500000000000000000e+01 6.130523800022196212e+00 6.130523800022196212e+00 6.130523800022196212e+00 6.130523800022196212e+00
7.600000000000000000e+01 8.447884090832866733e+00 8.447884090832866733e+00 8.447884090832866733e+00 8.447884090832866733e+00
7.700000000000000000e+01 1.307329550445428978e+01 1.307329550445428978e+01 1.307329550445428978e+01 1.307329550445428978e+01
7.800000000000000000e+01 1.501438409704698884e+01 1.501438409704698884e+01 1.501438409704698884e+01 1.501438409704698884e+01
7.900000000000000000e+01 1.782674659522427163e+01 1.782674659522427163e+01 1.782674659522427163e+01 1.782674659522427163e+01
8.000000000000000000e+01 1.310110137456259416e+01 1.310110137456259416e+01 1.310110137456259416e+01 1.310110137456259416e+01
8.100000000000000000e+01 1.574522381356716672e+01 1.574522381356716672e+01 1.574522381356716672e+01 1.574522381356716672e+01
8.200000000000000000e+01 1.207510246535285248e+01 1.207510246535285248e+01 1.207510246535285248e+01 1.207510246535285248e+01
8.300000000000000000e+01 9.295390728398530200e+00 9.295390728398530200e+00 9.295390728398530200e+00 9.295390728398530200e+00
8.400000000000000000e+01 9.018340017188853253e+00 9.018340017188853253e+00 9.018340017188853253e+00 9.018340017188853253e+00
8.500000000000000000e+01 9.097069307896822110e+00 9.097069307896822110e+00 9.097069307896822110e+00 9.097069307896822110e+00
8.600000000000000000e+01 9.370690698296067822e+00 9.370690698296067822e+00 9.370690698296067822e+00 9.370690698296067822e+00
8.700000000000000000e+01 1.076731598964450853e+01 1.076731598964450853e+01 1.076731598964450853e+01 1.076731598964450853e+01
8.800000000000000000e+01 1.085665587934947496e+01 1.085665587934947496e+01 1.085665587934947496e+01 1.085665587934947496e+01
8.900000000000000000e+01 4.645352588090392310e+00 4.645352588090392310e+00 4.645352588090392310e+00 4.645352588090392310e+00
9.000000000000000000e+01 2.200425490478943757e+00 2.200425490478943757e+00 2.200425490478943757e+00 2.200425490478943757e+00
9.100000000000000000e+01 1.793347852870726955e+00 1.793347852870726955e+00 1.793347852870726955e+00 1.793347852870726955e+00
9.200000000000000000e+01 1.979487608635064788e+00 1.979487608635064788e+00 1.979487608635064788e+00 1.979487608635064788e+00
9.300000000000000000e+01 6.279094108861333012e+00 6.279094108861333012e+00 6.279094108861333012e+00 6.279094108861333012e+00
9.400000000000000000e+01 1.298323092437274617e+01 1.298323092437274617e+01 1.298323092437274617e+01 1.298323092437274617e+01
9.500000000000000000e+01 1.103739512733630157e+01 1.103739512733630157e+01 1.103739512733630157e+01 1.103739512733630157e+01
9.600000000000000000e+01 8.337928432526483746e+00 8.337928432526483746e+00 8.337928432526483746e+00 8.337928432526483746e+00
9.700000000000000000e+01 8.344324202067548768e+00 8.344324202067548768e+00 8.344324202067548768e+00 8.344324202067548768e+00
9.800000000000000000e+01 9.676874480529289002e+00 9.676874480529289002e+00 9.676874480529289002e+00 9.676874480529289002e+00
9.900000000000000000e+01 1.055268556724404760e+01 1.055268556724404760e+01 1.055268556724404760e+01 1.055268556724404760e+01
