0.000000000000000000e+00 3.542769299722416942e+00 3.542769299722416942e+00 3.542769299722416942e+00 3.542769299722416942e+00
1.000000000000000000e+00 4.654115718482364272e+00 4.654115718482364272e+00 4.654115718482364272e+00 4.654115718482364272e+00
2.000000000000000000e+00 4.933062481811930411e+00 4.933062481811930411e+00 4.933062481811930411e+00 4.933062481811930411e+00
3.000000000000000000e+00 5.428485744104294852e+00 5.428485744104294852e+00 5.428485744104294852e+00 5.428485744104294852e+00
4.000000000000000000e+00 5.973368073685974444e+00 5.973368073685974444e+00 5.973368073685974444e+00 5.973368073685974444e+00
5.000000000000000000e+00 5.427206179381133033e+00 5.427206179381133033e+00 5.427206179381133033e+00 5.427206179381133033e+00
6.000000000000000000e+00 7.761606425842924928e+00 7.761606425842924928e+00 7.761606425842924928e+00 7.761606425842924928e+00
7.000000000000000000e+00 7.185437801864194896e+00 7.185437801864194896e+00 7.185437801864194896e+00 7.185437801864194896e+00
8.000000000000000000e+00 7.853035787001164891e+00 7.853035787001164891e+00 7.853035787001164891e+00 7.853035787001164891e+00
9.000000000000000000e+00 7.963159652160991087e+00 7.963159652160991087e+00 7.963159652160991087e+00 7.963159652160991087e+00
1.000000000000000000e+01 8.123093620637753531e+00 8.123093620637753531e+00 8.123093620637753531e+00 8.123093620637753531e+00
1.100000000000000000e+01 8.903574295714786757e+00 8.903574295714786757e+00 8.903574295714786757e+00 8.903574295714786757e+00
1.200000000000000000e+01 9.270288303586912804e+00 9.270288303586912804e+00 9.270288303586912804e+00 9.270288303586912804e+00
1.300000000000000000e+01 9.281382649023427689e+00 9.281382649023427689e+00 9.281382649023427689e+00 9.281382649023427689e+00
1.400000000000000000e+01 8.754075163715619112e+00 8.754075163715619112e+00 8.754075163715619112e+00 8.754075163715619112e+00
1.500000000000000000e+01 9.624854105459451858e+00 9.624854105459451858e+00 9.624854105459451858e+00 9.624854105459451858e+00
1.600000000000000000e+01 1.020434923826759288e+01 1.020434923826759288e+01 1.020434923826759288e+01 1.020434923826759288e+01
1.700000000000000000e+01 9.975122129836515583e+00 9.975122129836515583e+00 9.975122129836515583e+00 9.975122129836515583e+00
1.800000000000000000e+01 1.105283857319347263e+01 1.105283857319347263e+01 1.105283857319347263e+01 1.105283857319347263e+01
1.900000000000000000e+01 1.249135415184358244e+01 1.249135415184358244e+01 1.249135415184358244e+01 1.249135415184358244e+01
2.000000000000000000e+01 1.219089466645903741e+01 1.219089466645903741e+01 1.219089466645903741e+01 1.219089466645903741e+01
2.100000000000000000e+01 1.255529428839465922e+01 1.255529428839465922e+01 1.255529428839465922e+01 1.255529428839465922e+01
2.200000000000000000e+01 1.279326161871802903e+01 1.279326161871802903e+01 1.279326161871802903e+01 1.279326161871802903e+01
2.300000000000000000e+01 1.282863645828822641e+01 1.282863645828822641e+01 1.282863645828822641e+01 1.282863645828822641e+01
2.400000000000000000e+01 1.359107727898143025e+01 1.359107727898143025e+01 1.359107727898143025e+01 1.359107727898143025e+01
2.500000000000000000e+01 1.427995731714253935e+01 1.427995731714253935e+01 1.427995731714253935e+01 1.427995731714253935e+01
2.600000000000000000e+01 1.373053780044687500e+01 1.373053780044687500e+01 1.373053780044687500e+01 1.373053780044687500e+01
2.700000000000000000e+01 1.519582404054010105e+01 1.519582404054010105e+01 1.519582404054010105e+01 1.519582404054010105e+01
2.800000000000000000e+01 1.569677295112270698e+01 1.569677295112270698e+01 1.569677295112270698e+01 1.569677295112270698e+01
2.900000000000000000e+01 1.569574125065837755e+01 1.569574125065837755e+01 1.569574125065837755e+01 1.569574125065837755e+01
3.000000000000000000e+01 1.541726937725115576e+01 1.541726937725115576e+01 1.541726937725115576e+01 1.541726937725115576e+01
3.100000000000000000e+01 1.669217705452367184e+01 1.669217705452367184e+01 1.669217705452367184e+01 1.669217705452367184e+01
3.200000000000000000e+01 1.811138612251211200e+01 1.811138612251211200e+01 1.811138612251211200e+01 1.811138612251211200e+01
3.300000000000000000e+01 1.717397328500938158e+01 1.717397328500938158e+01 1.717397328500938158e+01 1.717397328500938158e+01
3.400000000000000000e+01 1.796301649332669115e+01 1.796301649332669115e+01 1.796301649332669115e+01 1.796301649332669115e+01
3.500000000000000000e+01 1.799018674697516218e+01 1.799018674697516218e+01 1.799018674697516218e+01 1.799018674697516218e+01
3.600000000000000000e+01 1.804333174048968047e+01 1.804333174048968047e+01 1.804333174048968047e+01 1.804333174048968047e+01
3.700000000000000000e+01 1.696255393249201759e+01 1.696255393249201759e+01 1.696255393249201759e+01 1.696255393249201759e+01
3.800000000000000000e+01 1.576426094640079612e+01 1.576426094640079612e+01 1.576426094640079612e+01 1.576426094640079612e+01
3.900000000000000000e+01 1.587245893452022649e+01 1.587245893452022649e+01 1.587245893452022649e+01 1.587245893452022649e+01
4.000000000000000000e+01 1.511057460599291957e+01 1.511057460599291957e+01 1.511057460599291957e+01 1.511057460599291957e+01
4.100000000000000000e+01 1.664912653338932458e+01 1.664912653338932458e+01 1.664912653338932458e+01 1.664912653338932458e+01
4.200000000000000000e+01 1.830624997082344052e+01 1.830624997082344052e+01 1.830624997082344052e+01 1.830624997082344052e+01
4.300000000000000000e+01 1.924005174724489109e+01 1.924005174724489109e+01 1.924005174724489109e+01 1.924005174724489109e+01
4.400000000000000000e+01 1.894892512706846333e+01 1.894892512706846333e+01 1.894892512706846333e+01 1.894892512706846333e+01
4.500000000000000000e+01 1.850155584189499436e+01 1.850155584189499436e+01 1.850155584189499436e+01 1.850155584189499436e+01
4.600000000000000000e+01 1.891523129352625787e+01 1.891523129352625787e+01 1.891523129352625787e+01 1.891523129352625787e+01
4.700000000000000000e+01 1.816145110125453144e+01 1.816145110125453144e+01 1.816145110125453144e+01 1.816145110125453144e+01
4.800000000000000000e+01 1.871543302340947790e+01 1.871543302340947790e+01 1.871543302340947790e+01 1.871543302340947790e+01
4.900000000000000000e+01 1.841726693535021298e+01 1.841726693535021298e+01 1.841726693535021298e+01 1.841726693535021298e+01
5.000000000000000000e+01 1.781007984641975384e+01 1.781007984641975384e+01 1.781007984641975384e+01 1.781007984641975384e+01
5.100000000000000000e+01 1.815102307454615982e+01 1.815102307454615982e+01 1.815102307454615982e+01 1.815102307454615982e+01
5.200000000000000000e+01 1.902332675727138778e+01 1.902332675727138778e+01 1.902332675727138778e+01 1.902332675727138778e+01
5.300000000000000000e+01 1.880697511440684266e+01 1.880697511440684266e+01 1.880697511440684266e+01 1.880697511440684266e+01
5.400000000000000000e+01 1.896758046960511379e+01 1.896758046960511379e+01 1.896758046960511379e+01 1.896758046960511379e+01
5.500000000000000000e+01 1.801711969810607528e+01 1.801711969810607528e+01 1.801711969810607528e+01 1.801711969810607528e+01
5.600000000000000000e+01 1.893044366447975690e+01 1.893044366447975690e+01 1.893044366447975690e+01 1.893044366447975690e+01
5.700000000000000000e+01 1.940687473754888615e+01 1.940687473754888615e+01 1.940687473754888615e+01 1.940687473754888615e+01
5.800000000000000000e+01 2.031457630320711161e+01 2.031457630320711161e+01 2.031457630320711161e+01 2.031457630320711161e+01
5.900000000000000000e+01 1.767131661353784366e+01 1.767131661353784366e+01 1.767131661353784366e+01 1.767131661353784366e+01
6.000000000000000000e+01 1.785956197031587322e+01 1.785956197031587322e+01 1.785956197031587322e+01 1.785956197031587322e+01
6.100000000000000000e+01 1.844960558288654440e+01 1.844960558288654440e+01 1.844960558288654440e+01 1.844960558288654440e+01
6.200000000000000000e+01 1.920549421193958750e+01 1.920549421193958750e+01 1.920549421193958750e+01 1.920549421193958750e+01
6.300000000000000000e+01 1.912134068999306180e+01 1.912134068999306180e+01 1.912134068999306180e+01 1.912134068999306180e+01
6.400000000000000000e+01 1.898771561722985624e+01 1.898771561722985624e+01 1.898771561722985624e+01 1.898771561722985624e+01
6.500000000000000000e+01 1.897311681140079997e+01 1.897311681140079997e+01 1.897311681140079997e+01 1.897311681140079997e+01
6.600000000000000000e+01 1.978231231151357861e+01 1.978231231151357861e+01 1.978231231151357861e+01 1.978231231151357861e+01
6.700000000000000000e+01 1.920546147152413496e+01 1.920546147152413496e+01 1.920546147152413496e+01 1.920546147152413496e+01
6.800000000000000000e+01 1.950530566751500317e+01 1.950530566751500317e+01 1.950530566751500317e+01 1.950530566751500317e+01
6.900000000000000000e+01 1.852568936752998496e+01 1.852568936752998496e+01 1.852568936752998496e+01 1.852568936752998496e+01
7.000000000000000000e+01 1.856913649318854098e+01 1.856913649318854098e+01 1.856913649318854098e+01 1.856913649318854098e+01
7.100000000000000000e+01 1.909419815636265838e+01 1.909419815636265838e+01 1.909419815636265838e+01 1.909419815636265838e+01
7.200000000000000000e+01 1.975801485058876139e+01 1.975801485058876139e+01 1.975801485058876139e+01 1.975801485058876139e+01
7.300000000000000000e+01 2.042662781260974114e+01 2.042662781260974114e+01 2.042662781260974114e+01 2.042662781260974114e+01
7.400000000000000000e+01 2.071707681459524508e+01 2.071707681459524508e+01 2.071707681459524508e+01 2.071707681459524508e+01
7.500000000000000000e+01 2.058104133727754359e+01 2.058104133727754359e+01 2.058104133727754359e+01 2.058104133727754359e+01
7.600000000000000000e+01 2.056201083497861148e+01 2.056201083497861148e+01 2.056201083497861148e+01 2.056201083497861148e+01
7.700000000000000000e+01 2.069660479360744176e+01 2.069660479360744176e+01 2.069660479360744176e+01 2.069660479360744176e+01
7.800000000000000000e+01 2.032035882799692317e+01 2.032035882799692317e+01 2.032035882799692317e+01 2.032035882799692317e+01
7.900000000000000000e+01 1.966046443089838291e+01 1.966046443089838291e+01 1.966046443089838291e+01 1.966046443089838291e+01
8.000000000000000000e+01 1.873156571384261682e+01 1.873156571384261682e+01 1.873156571384261682e+01 1.873156571384261682e+01
8.100000000000000000e+01 1.872790178837538022e+01 1.872790178837538022e+01 1.872790178837538022e+01 1.872790178837538022e+01
8.200000000000000000e+01 1.837952664928732815e+01 1.837952664928732815e+01 1.837952664928732815e+01 1.837952664928732815e+01
8.300000000000000000e+01 1.647173362235421124e+01 1.647173362235421124e+01 1.647173362235421124e+01 1.647173362235421124e+01
8.400000000000000000e+01 1.922360353994733018e+01 1.922360353994733018e+01 1.922360353994733018e+01 1.922360353994733018e+01
8.500000000000000000e+01 1.968884497870280015e+01 1.968884497870280015e+01 1.968884497870280015e+01 1.968884497870280015e+01
8.600000000000000000e+01 1.838575185090145325e+01 1.838575185090145325e+01 1.838575185090145325e+01 1.838575185090145325e+01
8.700000000000000000e+01 1.872658920180429831e+01 1.872658920180429831e+01 1.872658920180429831e+01 1.872658920180429831e+01
8.800000000000000000e+01 1.922722994862444423e+01 1.922722994862444423e+01 1.922722994862444423e+01 1.922722994862444423e+01
8.900000000000000000e+01 1.688078941221267470e+01 1.688078941221267470e+01 1.688078941221267470e+01 1.688078941221267470e+01
9.000000000000000000e+01 1.764112644942720465e+01 1.764112644942720465e+01 1.764112644942720465e+01 1.764112644942720465e+01
9.100000000000000000e+01 1.785606195813311103e+01 1.785606195813311103e+01 1.785606195813311103e+01 1.785606195813311103e+01
9.200000000000000000e+01 1.801590369429586147e+01 1.801590369429586147e+01 1.801590369429586147e+01 1.801590369429586147e+01
9.300000000000000000e+01 1.921459537653380778e+01 1.921459537653380778e+01 1.921459537653380778e+01 1.921459537653380778e+01
9.400000000000000000e+01 1.860706711645666545e+01 1.860706711645666545e+01 1.860706711645666545e+01 1.860706711645666545e+01
9.500000000000000000e+01 1.814536394612807868e+01 1.814536394612807868e+01 1.814536394612807868e+01 1.814536394612807868e+01
9.600000000000000000e+01 1.867776341980580668e+01 1.867776341980580668e+01 1.867776341980580668e+01 1.867776341980580668e+01
9.700000000000000000e+01 1.747686448448721919e+01 1.747686448448721919e+01 1.747686448448721919e+01 1.747686448448721919e+01
9.800000000000000000e+01 1.632699799322693224e+01 1.632699799322693224e+01 1.632699799322693224e+01 1.632699799322693224e+01
9.900000000000000000e+01 1.623121430117073771e+01 1.623121430117073771e+01 1.623121430117073771e+01 1.623121430117073771e+01
