Delays Time-delay1 Time-delay2 Time-delay3 Time-delay4
0.000000000000000000e+00 1.560043052929789009e-01 1.560043052929789009e-01 1.560043052929789009e-01 1.560043052929789009e-01
1.000000000000000000e+00 1.645319918853959951e-01 1.645319918853959951e-01 1.645319918853959951e-01 1.645319918853959951e-01
2.000000000000000000e+00 2.200276494168789954e-01 2.200276494168789954e-01 2.200276494168789954e-01 2.200276494168789954e-01
3.000000000000000000e+00 2.008892812840712139e-01 2.008892812840712139e-01 2.008892812840712139e-01 2.008892812840712139e-01
4.000000000000000000e+00 2.291187800250730766e-01 2.291187800250730766e-01 2.291187800250730766e-01 2.291187800250730766e-01
5.000000000000000000e+00 3.464815832426585418e-01 3.464815832426585418e-01 3.464815832426585418e-01 3.464815832426585418e-01
6.000000000000000000e+00 3.403291546469451867e-01 3.403291546469451867e-01 3.403291546469451867e-01 3.403291546469451867e-01
7.000000000000000000e+00 4.684507662599303734e-01 4.684507662599303734e-01 4.684507662599303734e-01 4.684507662599303734e-01
8.000000000000000000e+00 5.778883743212935853e-01 5.778883743212935853e-01 5.778883743212935853e-01 5.778883743212935853e-01
9.000000000000000000e+00 7.212466206242960087e-01 7.212466206242960087e-01 7.212466206242960087e-01 7.212466206242960087e-01
1.000000000000000000e+01 6.278672801770599499e-01 6.278672801770599499e-01 6.278672801770599499e-01 6.278672801770599499e-01
1.100000000000000000e+01 6.098330095978805598e-01 6.098330095978805598e-01 6.098330095978805598e-01 6.098330095978805598e-01
1.200000000000000000e+01 7.952146105319688463e-01 7.952146105319688463e-01 7.952146105319688463e-01 7.952146105319688463e-01
1.300000000000000000e+01 7.857798226565669841e-01 7.857798226565669841e-01 7.857798226565669841e-01 7.857798226565669841e-01
1.400000000000000000e+01 7.903001988409372736e-01 7.903001988409372736e-01 7.903001988409372736e-01 7.903001988409372736e-01
1.500000000000000000e+01 7.631442760607710651e-01 7.631442760607710651e-01 7.631442760607710651e-01 7.631442760607710651e-01
1.600000000000000000e+01 9.089640939451650858e-01 9.089640939451650858e-01 9.089640939451650858e-01 9.089640939451650858e-01
1.700000000000000000e+01 9.117374577697489046e-01 9.117374577697489046e-01 9.117374577697489046e-01 9.117374577697489046e-01
1.800000000000000000e+01 8.655278295947931300e-01 8.655278295947931300e-01 8.655278295947931300e-01 8.655278295947931300e-01
1.900000000000000000e+01 8.863505311962985855e-01 8.863505311962985855e-01 8.863505311962985855e-01 8.863505311962985855e-01
2.000000000000000000e+01 7.862155485853080661e-01 7.862155485853080661e-01 7.862155485853080661e-01 7.862155485853080661e-01
2.100000000000000000e+01 9.197012553169936488e-01 9.197012553169936488e-01 9.197012553169936488e-01 9.197012553169936488e-01
2.200000000000000000e+01 7.657433090856720082e-01 7.657433090856720082e-01 7.657433090856720082e-01 7.657433090856720082e-01
2.300000000000000000e+01 7.889073224472442636e-01 7.889073224472442636e-01 7.889073224472442636e-01 7.889073224472442636e-01
2.400000000000000000e+01 8.217621641185199888e-01 8.217621641185199888e-01 8.217621641185199888e-01 8.217621641185199888e-01
2.500000000000000000e+01 8.576502757326829318e-01 8.576502757326829318e-01 8.576502757326829318e-01 8.576502757326829318e-01
2.600000000000000000e+01 8.197654280665882531e-01 8.197654280665882531e-01 8.197654280665882531e-01 8.197654280665882531e-01
2.700000000000000000e+01 1.097581170241013426e+00 1.097581170241013426e+00 1.097581170241013426e+00 1.097581170241013426e+00
2.800000000000000000e+01 7.966286888434713775e-01 7.966286888434713775e-01 7.966286888434713775e-01 7.966286888434713775e-01
2.900000000000000000e+01 1.119567578543857689e+00 1.119567578543857689e+00 1.119567578543857689e+00 1.119567578543857689e+00
3.000000000000000000e+01 1.606895930345580537e+00 1.606895930345580537e+00 1.606895930345580537e+00 1.606895930345580537e+00
3.100000000000000000e+01 1.759048068533170639e+00 1.759048068533170639e+00 1.759048068533170639e+00 1.759048068533170639e+00
3.200000000000000000e+01 1.434212224319222573e+00 1.434212224319222573e+00 1.434212224319222573e+00 1.434212224319222573e+00
3.300000000000000000e+01 1.295104258144518683e+00 1.295104258144518683e+00 1.295104258144518683e+00 1.295104258144518683e+00
3.400000000000000000e+01 1.197823149911522611e+00 1.197823149911522611e+00 1.197823149911522611e+00 1.197823149911522611e+00
3.500000000000000000e+01 1.006792446982983646e+00 1.006792446982983646e+00 1.006792446982983646e+00 1.006792446982983646e+00
3.600000000000000000e+01 7.965937723852798413e-01 7.965937723852798413e-01 7.965937723852798413e-01 7.965937723852798413e-01
3.700000000000000000e+01 7.966792705950047626e-01 7.966792705950047626e-01 7.966792705950047626e-01 7.966792705950047626e-01
3.800000000000000000e+01 8.407149702471994335e-01 8.407149702471994335e-01 8.407149702471994335e-01 8.407149702471994335e-01
3.900000000000000000e+01 7.366108287971083746e-01 7.366108287971083746e-01 7.366108287971083746e-01 7.366108287971083746e-01
4.000000000000000000e+01 8.293728627228240669e-01 8.293728627228240669e-01 8.293728627228240669e-01 8.293728627228240669e-01
4.100000000000000000e+01 7.825544952335687920e-01 7.825544952335687920e-01 7.825544952335687920e-01 7.825544952335687920e-01
4.200000000000000000e+01 8.327610059084183947e-01 8.327610059084183947e-01 8.327610059084183947e-01 8.327610059084183947e-01
4.300000000000000000e+01 7.486379681282138154e-01 7.486379681282138154e-01 7.486379681282138154e-01 7.486379681282138154e-01
4.400000000000000000e+01 8.832900164025113687e-01 8.832900164025113687e-01 8.832900164025113687e-01 8.832900164025113687e-01
4.500000000000000000e+01 1.012262303912816908e+00 1.012262303912816908e+00 1.012262303912816908e+00 1.012262303912816908e+00
4.600000000000000000e+01 1.014868847544414976e+00 1.014868847544414976e+00 1.014868847544414976e+00 1.014868847544414976e+00
4.700000000000000000e+01 1.642121412855662488e+00 1.642121412855662488e+00 1.642121412855662488e+00 1.642121412855662488e+00
4.800000000000000000e+01 1.722807221349339502e+00 1.722807221349339502e+00 1.722807221349339502e+00 1.722807221349339502e+00
4.900000000000000000e+01 1.781202306846737971e+00 1.781202306846737971e+00 1.781202306846737971e+00 1.781202306846737971e+00
5.000000000000000000e+01 1.762028108038659280e+00 1.762028108038659280e+00 1.762028108038659280e+00 1.762028108038659280e+00
5.100000000000000000e+01 1.729358235248691145e+00 1.729358235248691145e+00 1.729358235248691145e+00 1.729358235248691145e+00
5.200000000000000000e+01 1.634735583915664980e+00 1.634735583915664980e+00 1.634735583915664980e+00 1.634735583915664980e+00
5.300000000000000000e+01 1.797637649934012538e+00 1.797637649934012538e+00 1.797637649934012538e+00 1.797637649934012538e+00
5.400000000000000000e+01 1.591742089229629675e+00 1.591742089229629675e+00 1.591742089229629675e+00 1.591742089229629675e+00
5.500000000000000000e+01 1.360577333958563839e+00 1.360577333958563839e+00 1.360577333958563839e+00 1.360577333958563839e+00
5.600000000000000000e+01 1.379451914070477958e+00 1.379451914070477958e+00 1.379451914070477958e+00 1.379451914070477958e+00
5.700000000000000000e+01 1.505275204967135627e+00 1.505275204967135627e+00 1.505275204967135627e+00 1.505275204967135627e+00
5.800000000000000000e+01 1.744935323510458547e+00 1.744935323510458547e+00 1.744935323510458547e+00 1.744935323510458547e+00
5.900000000000000000e+01 1.719058047193727123e+00 1.719058047193727123e+00 1.719058047193727123e+00 1.719058047193727123e+00
6.000000000000000000e+01 1.770436110042461930e+00 1.770436110042461930e+00 1.770436110042461930e+00 1.770436110042461930e+00
6.100000000000000000e+01 1.784004881057340119e+00 1.784004881057340119e+00 1.784004881057340119e+00 1.784004881057340119e+00
6.200000000000000000e+01 1.773116475845224693e+00 1.773116475845224693e+00 1.773116475845224693e+00 1.773116475845224693e+00
6.300000000000000000e+01 1.574341088468160788e+00 1.574341088468160788e+00 1.574341088468160788e+00 1.574341088468160788e+00
6.400000000000000000e+01 1.520372089401764715e+00 1.520372089401764715e+00 1.520372089401764715e+00 1.520372089401764715e+00
6.500000000000000000e+01 1.619868258979813902e+00 1.619868258979813902e+00 1.619868258979813902e+00 1.619868258979813902e+00
6.600000000000000000e+01 1.531455243214240314e+00 1.531455243214240314e+00 1.531455243214240314e+00 1.531455243214240314e+00
6.700000000000000000e+01 1.732979062701315076e+00 1.732979062701315076e+00 1.732979062701315076e+00 1.732979062701315076e+00
6.800000000000000000e+01 1.715501611327694187e+00 1.715501611327694187e+00 1.715501611327694187e+00 1.715501611327694187e+00
6.900000000000000000e+01 1.917037730536413243e+00 1.917037730536413243e+00 1.917037730536413243e+00 1.917037730536413243e+00
7.000000000000000000e+01 1.897289831881277200e+00 1.897289831881277200e+00 1.897289831881277200e+00 1.897289831881277200e+00
7.100000000000000000e+01 1.872563775612156700e+00 1.872563775612156700e+00 1.872563775612156700e+00 1.872563775612156700e+00
7.200000000000000000e+01 1.852896060869895889e+00 1.852896060869895889e+00 1.852896060869895889e+00 1.852896060869895889e+00
7.300000000000000000e+01 1.696722356230306650e+00 1.696722356230306650e+00 1.696722356230306650e+00 1.696722356230306650e+00
7.400000000000000000e+01 1.835042494700542814e+00 1.835042494700542814e+00 1.835042494700542814e+00 1.835042494700542814e+00
7.500000000000000000e+01 1.580612318553932250e+00 1.580612318553932250e+00 1.580612318553932250e+00 1.580612318553932250e+00
7.600000000000000000e+01 1.735238952279772651e+00 1.735238952279772651e+00 1.735238952279772651e+00 1.735238952279772651e+00
7.700000000000000000e+01 1.616355449018049395e+00 1.616355449018049395e+00 1.616355449018049395e+00 1.616355449018049395e+00
7.800000000000000000e+01 1.486121052586297342e+00 1.486121052586297342e+00 1.486121052586297342e+00 1.486121052586297342e+00
7.900000000000000000e+01 1.428943846123378103e+00 1.428943846123378103e+00 1.428943846123378103e+00 1.428943846123378103e+00
8.000000000000000000e+01 7.721519587365087700e-01 7.721519587365087700e-01 7.721519587365087700e-01 7.721519587365087700e-01
8.100000000000000000e+01 7.220328218868278247e-01 7.220328218868278247e-01 7.220328218868278247e-01 7.220328218868278247e-01
8.200000000000000000e+01 7.243671462897135482e-01 7.243671462897135482e-01 7.243671462897135482e-01 7.243671462897135482e-01
8.300000000000000000e+01 9.249491394958726520e-01 9.249491394958726520e-01 9.249491394958726520e-01 9.249491394958726520e-01
8.400000000000000000e+01 9.229936360877789570e-01 9.229936360877789570e-01 9.229936360877789570e-01 9.229936360877789570e-01
8.500000000000000000e+01 1.051768180777524986e+00 1.051768180777524986e+00 1.051768180777524986e+00 1.051768180777524986e+00
8.600000000000000000e+01 9.923257846402334659e-01 9.923257846402334659e-01 9.923257846402334659e-01 9.923257846402334659e-01
8.700000000000000000e+01 1.321880055838212664e+00 1.321880055838212664e+00 1.321880055838212664e+00 1.321880055838212664e+00
8.800000000000000000e+01 1.500158334544883232e+00 1.500158334544883232e+00 1.500158334544883232e+00 1.500158334544883232e+00
8.900000000000000000e+01 1.619379945343516036e+00 1.619379945343516036e+00 1.619379945343516036e+00 1.619379945343516036e+00
9.000000000000000000e+01 1.890700864625241007e+00 1.890700864625241007e+00 1.890700864625241007e+00 1.890700864625241007e+00
9.100000000000000000e+01 1.773954590540362419e+00 1.773954590540362419e+00 1.773954590540362419e+00 1.773954590540362419e+00
9.200000000000000000e+01 1.879125253488548974e+00 1.879125253488548974e+00 1.879125253488548974e+00 1.879125253488548974e+00
9.300000000000000000e+01 1.565169089517410850e+00 1.565169089517410850e+00 1.565169089517410850e+00 1.565169089517410850e+00
9.400000000000000000e+01 1.675359981679460430e+00 1.675359981679460430e+00 1.675359981679460430e+00 1.675359981679460430e+00
9.500000000000000000e+01 1.706321339220646660e+00 1.706321339220646660e+00 1.706321339220646660e+00 1.706321339220646660e+00
9.600000000000000000e+01 1.679730455805573452e+00 1.679730455805573452e+00 1.679730455805573452e+00 1.679730455805573452e+00
9.700000000000000000e+01 1.655783179262442228e+00 1.655783179262442228e+00 1.655783179262442228e+00 1.655783179262442228e+00
9.800000000000000000e+01 1.921518064230163914e+00 1.921518064230163914e+00 1.921518064230163914e+00 1.921518064230163914e+00
9.900000000000000000e+01 1.817826950121772311e+00 1.817826950121772311e+00 1.817826950121772311e+00 1.817826950121772311e+00
1.000000000000000000e+02 1.794772580799457673e+00 1.794772580799457673e+00 1.794772580799457673e+00 1.794772580799457673e+00
1.010000000000000000e+02 1.652852008189590549e+00 1.652852008189590549e+00 1.652852008189590549e+00 1.652852008189590549e+00
1.020000000000000000e+02 1.719258238205351397e+00 1.719258238205351397e+00 1.719258238205351397e+00 1.719258238205351397e+00
1.030000000000000000e+02 1.560427617493964858e+00 1.560427617493964858e+00 1.560427617493964858e+00 1.560427617493964858e+00
1.040000000000000000e+02 1.645818718348673881e+00 1.645818718348673881e+00 1.645818718348673881e+00 1.645818718348673881e+00
1.050000000000000000e+02 1.486025326086255038e+00 1.486025326086255038e+00 1.486025326086255038e+00 1.486025326086255038e+00
1.060000000000000000e+02 1.533410819797641045e+00 1.533410819797641045e+00 1.533410819797641045e+00 1.533410819797641045e+00
1.070000000000000000e+02 1.523989473328042576e+00 1.523989473328042576e+00 1.523989473328042576e+00 1.523989473328042576e+00
1.080000000000000000e+02 1.318689281142073177e+00 1.318689281142073177e+00 1.318689281142073177e+00 1.318689281142073177e+00
1.090000000000000000e+02 1.403725051327211260e+00 1.403725051327211260e+00 1.403725051327211260e+00 1.403725051327211260e+00
1.100000000000000000e+02 1.370753993867474207e+00 1.370753993867474207e+00 1.370753993867474207e+00 1.370753993867474207e+00
1.110000000000000000e+02 1.343615807471727930e+00 1.343615807471727930e+00 1.343615807471727930e+00 1.343615807471727930e+00
1.120000000000000000e+02 1.369789193629537882e+00 1.369789193629537882e+00 1.369789193629537882e+00 1.369789193629537882e+00
1.130000000000000000e+02 9.051931184034858191e-01 9.051931184034858191e-01 9.051931184034858191e-01 9.051931184034858191e-01
1.140000000000000000e+02 6.870084727271964509e-01 6.870084727271964509e-01 6.870084727271964509e-01 6.870084727271964509e-01
1.150000000000000000e+02 5.248916303601048883e-01 5.248916303601048883e-01 5.248916303601048883e-01 5.248916303601048883e-01
1.160000000000000000e+02 2.216899586182139170e-01 2.216899586182139170e-01 2.216899586182139170e-01 2.216899586182139170e-01
1.170000000000000000e+02 2.905987738661262032e-01 2.905987738661262032e-01 2.905987738661262032e-01 2.905987738661262032e-01
1.180000000000000000e+02 6.688208720704680310e-01 6.688208720704680310e-01 6.688208720704680310e-01 6.688208720704680310e-01
1.190000000000000000e+02 5.606082846965572131e-01 5.606082846965572131e-01 5.606082846965572131e-01 5.606082846965572131e-01
