0.000000000000000000e+00 1.227728798617549133e+00 1.227728798617549133e+00 1.227728798617549133e+00 1.227728798617549133e+00
1.000000000000000000e+00 5.486617151778711010e-01 5.486617151778711010e-01 5.486617151778711010e-01 5.486617151778711010e-01
2.000000000000000000e+00 3.069654973134833265e-01 3.069654973134833265e-01 3.069654973134833265e-01 3.069654973134833265e-01
3.000000000000000000e+00 9.072185271707097209e-01 9.072185271707097209e-01 9.072185271707097209e-01 9.072185271707097209e-01
4.000000000000000000e+00 3.203725062925508182e-01 3.203725062925508182e-01 3.203725062925508182e-01 3.203725062925508182e-01
5.000000000000000000e+00 1.346332654667946327e-01 1.346332654667946327e-01 1.346332654667946327e-01 1.346332654667946327e-01
6.000000000000000000e+00 1.918408275822847675e-01 1.918408275822847675e-01 1.918408275822847675e-01 1.918408275822847675e-01
7.000000000000000000e+00 4.295923229463299298e-01 4.295923229463299298e-01 4.295923229463299298e-01 4.295923229463299298e-01
8.000000000000000000e+00 -4.457389089676385557e-02 -4.457389089676385557e-02 -4.457389089676385557e-02 -4.457389089676385557e-02
9.000000000000000000e+00 -1.847418369759722470e-02 -1.847418369759722470e-02 -1.847418369759722470e-02 -1.847418369759722470e-02
1.000000000000000000e+01 4.946710280227877704e-02 4.946710280227877704e-02 4.946710280227877704e-02 4.946710280227877704e-02
1.100000000000000000e+01 -7.705369494252400919e-02 -7.705369494252400919e-02 -7.705369494252400919e-02 -7.705369494252400919e-02
1.200000000000000000e+01 -1.970823561902377771e-02 -1.970823561902377771e-02 -1.970823561902377771e-02 -1.970823561902377771e-02
1.300000000000000000e+01 -2.978334173517925287e-01 -2.978334173517925287e-01 -2.978334173517925287e-01 -2.978334173517925287e-01
1.400000000000000000e+01 -2.358194496027453124e-01 -2.358194496027453124e-01 -2.358194496027453124e-01 -2.358194496027453124e-01
1.500000000000000000e+01 -2.057224232711070966e-01 -2.057224232711070966e-01 -2.057224232711070966e-01 -2.057224232711070966e-01
1.600000000000000000e+01 -2.356647998751240369e-01 -2.356647998751240369e-01 -2.356647998751240369e-01 -2.356647998751240369e-01
1.700000000000000000e+01 -1.968174502996198616e-01 -1.968174502996198616e-01 -1.968174502996198616e-01 -1.968174502996198616e-01
1.800000000000000000e+01 -7.278467226326235107e-01 -7.278467226326235107e-01 -7.278467226326235107e-01 -7.278467226326235107e-01
1.900000000000000000e+01 -1.290509858422184353e+00 -1.290509858422184353e+00 -1.290509858422184353e+00 -1.290509858422184353e+00
2.000000000000000000e+01 -1.461497657601319444e+00 -1.461497657601319444e+00 -1.461497657601319444e+00 -1.461497657601319444e+00
2.100000000000000000e+01 -1.708856204752320140e+00 -1.708856204752320140e+00 -1.708856204752320140e+00 -1.708856204752320140e+00
2.200000000000000000e+01 -1.116939279926834727e+00 -1.116939279926834727e+00 -1.116939279926834727e+00 -1.116939279926834727e+00
2.300000000000000000e+01 -1.077804360915578519e+00 -1.077804360915578519e+00 -1.077804360915578519e+00 -1.077804360915578519e+00
2.400000000000000000e+01 -8.632496028089508000e-01 -8.632496028089508000e-01 -8.632496028089508000e-01 -8.632496028089508000e-01
2.500000000000000000e+01 -6.583220123603373830e-01 -6.583220123603373830e-01 -6.583220123603373830e-01 -6.583220123603373830e-01
2.600000000000000000e+01 -4.903713995416419946e-01 -4.903713995416419946e-01 -4.903713995416419946e-01 -4.903713995416419946e-01
2.700000000000000000e+01 -4.752528044812796559e-01 -4.752528044812796559e-01 -4.752528044812796559e-01 -4.752528044812796559e-01
2.800000000000000000e+01 -3.133345532845249193e-01 -3.133345532845249193e-01 -3.133345532845249193e-01 -3.133345532845249193e-01
2.900000000000000000e+01 -1.975885030373344120e-01 -1.975885030373344120e-01 -1.975885030373344120e-01 -1.975885030373344120e-01
3.000000000000000000e+01 -3.513763567917688180e-01 -3.513763567917688180e-01 -3.513763567917688180e-01 -3.513763567917688180e-01
3.100000000000000000e+01 -1.991295178302692759e-01 -1.991295178302692759e-01 -1.991295178302692759e-01 -1.991295178302692759e-01
3.200000000000000000e+01 -3.595529882059217419e-01 -3.595529882059217419e-01 -3.595529882059217419e-01 -3.595529882059217419e-01
3.300000000000000000e+01 -2.819566689716139773e-01 -2.819566689716139773e-01 -2.819566689716139773e-01 -2.819566689716139773e-01
3.400000000000000000e+01 -1.698522119679594655e-01 -1.698522119679594655e-01 -1.698522119679594655e-01 -1.698522119679594655e-01
3.500000000000000000e+01 -7.032226982824208994e-01 -7.032226982824208994e-01 -7.032226982824208994e-01 -7.032226982824208994e-01
3.600000000000000000e+01 -1.260374447186380253e+00 -1.260374447186380253e+00 -1.260374447186380253e+00 -1.260374447186380253e+00
3.700000000000000000e+01 -1.701464631388519999e+00 -1.701464631388519999e+00 -1.701464631388519999e+00 -1.701464631388519999e+00
3.800000000000000000e+01 -1.272779123454517380e+00 -1.272779123454517380e+00 -1.272779123454517380e+00 -1.272779123454517380e+00
3.900000000000000000e+01 -1.196600847770904474e+00 -1.196600847770904474e+00 -1.196600847770904474e+00 -1.196600847770904474e+00
4.000000000000000000e+01 -7.969829073721870216e-01 -7.969829073721870216e-01 -7.969829073721870216e-01 -7.969829073721870216e-01
4.100000000000000000e+01 -5.378198810670121732e-01 -5.378198810670121732e-01 -5.378198810670121732e-01 -5.378198810670121732e-01
4.200000000000000000e+01 -6.587439755472392910e-01 -6.587439755472392910e-01 -6.587439755472392910e-01 -6.587439755472392910e-01
4.300000000000000000e+01 -3.243422446252667291e-01 -3.243422446252667291e-01 -3.243422446252667291e-01 -3.243422446252667291e-01
4.400000000000000000e+01 -4.553272424190644707e-01 -4.553272424190644707e-01 -4.553272424190644707e-01 -4.553272424190644707e-01
4.500000000000000000e+01 -2.953417055356530874e-01 -2.953417055356530874e-01 -2.953417055356530874e-01 -2.953417055356530874e-01
4.600000000000000000e+01 -4.512296491721532604e-02 -4.512296491721532604e-02 -4.512296491721532604e-02 -4.512296491721532604e-02
4.700000000000000000e+01 -3.622701911266906216e-01 -3.622701911266906216e-01 -3.622701911266906216e-01 -3.622701911266906216e-01
4.800000000000000000e+01 -1.579013959797571642e-01 -1.579013959797571642e-01 -1.579013959797571642e-01 -1.579013959797571642e-01
4.900000000000000000e+01 1.599609161981259686e-01 1.599609161981259686e-01 1.599609161981259686e-01 1.599609161981259686e-01
5.000000000000000000e+01 7.769776498388845931e-02 7.769776498388845931e-02 7.769776498388845931e-02 7.769776498388845931e-02
5.100000000000000000e+01 -2.939505434712227569e-02 -2.939505434712227569e-02 -2.939505434712227569e-02 -2.939505434712227569e-02
5.200000000000000000e+01 -1.201557771198814573e-01 -1.201557771198814573e-01 -1.201557771198814573e-01 -1.201557771198814573e-01
5.300000000000000000e+01 -8.753772935175931080e-02 -8.753772935175931080e-02 -8.753772935175931080e-02 -8.753772935175931080e-02
5.400000000000000000e+01 -2.300479574021344065e-01 -2.300479574021344065e-01 -2.300479574021344065e-01 -2.300479574021344065e-01
5.500000000000000000e+01 -1.732818971861496415e-01 -1.732818971861496415e-01 -1.732818971861496415e-01 -1.732818971861496415e-01
5.600000000000000000e+01 -8.033508260350237518e-02 -8.033508260350237518e-02 -8.033508260350237518e-02 -8.033508260350237518e-02
5.700000000000000000e+01 -5.548791980997004950e-03 -5.548791980997004950e-03 -5.548791980997004950e-03 -5.548791980997004950e-03
5.800000000000000000e+01 -1.283171093587776312e-01 -1.283171093587776312e-01 -1.283171093587776312e-01 -1.283171093587776312e-01
5.900000000000000000e+01 -6.661675566720595687e-02 -6.661675566720595687e-02 -6.661675566720595687e-02 -6.661675566720595687e-02
6.000000000000000000e+01 -3.468228043021350238e-01 -3.468228043021350238e-01 -3.468228043021350238e-01 -3.468228043021350238e-01
6.100000000000000000e+01 8.412674581798118556e-02 8.412674581798118556e-02 8.412674581798118556e-02 8.412674581798118556e-02
6.200000000000000000e+01 -9.438847628731424078e-02 -9.438847628731424078e-02 -9.438847628731424078e-02 -9.438847628731424078e-02
6.300000000000000000e+01 -2.281332046488886989e-01 -2.281332046488886989e-01 -2.281332046488886989e-01 -2.281332046488886989e-01
6.400000000000000000e+01 -3.668139525919185129e-01 -3.668139525919185129e-01 -3.668139525919185129e-01 -3.668139525919185129e-01
6.500000000000000000e+01 -3.978222553590713972e-01 -3.978222553590713972e-01 -3.978222553590713972e-01 -3.978222553590713972e-01
6.600000000000000000e+01 -4.701499459194616315e-01 -4.701499459194616315e-01 -4.701499459194616315e-01 -4.701499459194616315e-01
6.700000000000000000e+01 -2.203716715038683827e-01 -2.203716715038683827e-01 -2.203716715038683827e-01 -2.203716715038683827e-01
6.800000000000000000e+01 -1.367804103551865935e-01 -1.367804103551865935e-01 -1.367804103551865935e-01 -1.367804103551865935e-01
6.900000000000000000e+01 -1.426185283375798474e-01 -1.426185283375798474e-01 -1.426185283375798474e-01 -1.426185283375798474e-01
7.000000000000000000e+01 -6.134278574723990574e-02 -6.134278574723990574e-02 -6.134278574723990574e-02 -6.134278574723990574e-02
7.100000000000000000e+01 -6.574271067581126393e-02 -6.574271067581126393e-02 -6.574271067581126393e-02 -6.574271067581126393e-02
7.200000000000000000e+01 -1.032808408525770077e-01 -1.032808408525770077e-01 -1.032808408525770077e-01 -1.032808408525770077e-01
7.300000000000000000e+01 -5.910411384351440534e-01 -5.910411384351440534e-01 -5.910411384351440534e-01 -5.910411384351440534e-01
7.400000000000000000e+01 -4.538447161790187812e-01 -4.538447161790187812e-01 -4.538447161790187812e-01 -4.538447161790187812e-01
7.500000000000000000e+01 -1.107945434377308747e+00 -1.107945434377308747e+00 -1.107945434377308747e+00 -1.107945434377308747e+00
7.600000000000000000e+01 -1.341263303413552599e+00 -1.341263303413552599e+00 -1.341263303413552599e+00 -1.341263303413552599e+00
7.700000000000000000e+01 -9.940983207999021243e-01 -9.940983207999021243e-01 -9.940983207999021243e-01 -9.940983207999021243e-01
7.800000000000000000e+01 -9.344526969977490216e-01 -9.344526969977490216e-01 -9.344526969977490216e-01 -9.344526969977490216e-01
7.900000000000000000e+01 -6.091015607674753474e-01 -6.091015607674753474e-01 -6.091015607674753474e-01 -6.091015607674753474e-01
8.000000000000000000e+01 -4.535132906280919252e-01 -4.535132906280919252e-01 -4.535132906280919252e-01 -4.535132906280919252e-01
8.100000000000000000e+01 -3.919896835078816033e-01 -3.919896835078816033e-01 -3.919896835078816033e-01 -3.919896835078816033e-01
8.200000000000000000e+01 -2.368825109483984892e-01 -2.368825109483984892e-01 -2.368825109483984892e-01 -2.368825109483984892e-01
8.300000000000000000e+01 -3.206550535934710178e-01 -3.206550535934710178e-01 -3.206550535934710178e-01 -3.206550535934710178e-01
8.400000000000000000e+01 -2.805907712171525348e-01 -2.805907712171525348e-01 -2.805907712171525348e-01 -2.805907712171525348e-01
8.500000000000000000e+01 -1.130564415501621317e-01 -1.130564415501621317e-01 -1.130564415501621317e-01 -1.130564415501621317e-01
8.600000000000000000e+01 -1.712918238737735077e-01 -1.712918238737735077e-01 -1.712918238737735077e-01 -1.712918238737735077e-01
8.700000000000000000e+01 -9.782941815483313375e-02 -9.782941815483313375e-02 -9.782941815483313375e-02 -9.782941815483313375e-02
8.800000000000000000e+01 -2.412744334389090028e-01 -2.412744334389090028e-01 -2.412744334389090028e-01 -2.412744334389090028e-01
8.900000000000000000e+01 -8.788692097355316202e-02 -8.788692097355316202e-02 -8.788692097355316202e-02 -8.788692097355316202e-02
9.000000000000000000e+01 -1.189111767937511555e-01 -1.189111767937511555e-01 -1.189111767937511555e-01 -1.189111767937511555e-01
9.100000000000000000e+01 -2.656801467407835515e-01 -2.656801467407835515e-01 -2.656801467407835515e-01 -2.656801467407835515e-01
9.200000000000000000e+01 2.948689992738211946e-02 2.948689992738211946e-02 2.948689992738211946e-02 2.948689992738211946e-02
9.300000000000000000e+01 -3.998578207627401793e-01 -3.998578207627401793e-01 -3.998578207627401793e-01 -3.998578207627401793e-01
9.400000000000000000e+01 -2.222815246089644703e-01 -2.222815246089644703e-01 -2.222815246089644703e-01 -2.222815246089644703e-01
9.500000000000000000e+01 -2.915149379100646643e-01 -2.915149379100646643e-01 -2.915149379100646643e-01 -2.915149379100646643e-01
9.600000000000000000e+01 -3.100516253263229105e-01 -3.100516253263229105e-01 -3.100516253263229105e-01 -3.100516253263229105e-01
9.700000000000000000e+01 -5.860645666196584447e-01 -5.860645666196584447e-01 -5.860645666196584447e-01 -5.860645666196584447e-01
9.800000000000000000e+01 -2.891225592368436015e-01 -2.891225592368436015e-01 -2.891225592368436015e-01 -2.891225592368436015e-01
