0.000000000000000000e+00 -1.509424290124887547e+00 -1.509424290124887547e+00 -1.509424290124887547e+00 -1.509424290124887547e+00
1.000000000000000000e+00 -9.747065506071410645e-01 -9.747065506071410645e-01 -9.747065506071410645e-01 -9.747065506071410645e-01
2.000000000000000000e+00 -4.916329573622205129e-01 -4.916329573622205129e-01 -4.916329573622205129e-01 -4.916329573622205129e-01
3.000000000000000000e+00 -4.896313733295689641e-01 -4.896313733295689641e-01 -4.896313733295689641e-01 -4.896313733295689641e-01
4.000000000000000000e+00 -3.231268754124970721e-01 -3.231268754124970721e-01 -3.231268754124970721e-01 -3.231268754124970721e-01
5.000000000000000000e+00 1.128427651755282979e-01 1.128427651755282979e-01 1.128427651755282979e-01 1.128427651755282979e-01
6.000000000000000000e+00 -2.734384047169716170e-01 -2.734384047169716170e-01 -2.734384047169716170e-01 -2.734384047169716170e-01
7.000000000000000000e+00 2.155328858413611659e+00 2.155328858413611659e+00 2.155328858413611659e+00 2.155328858413611659e+00
8.000000000000000000e+00 1.887467725873488655e+00 1.887467725873488655e+00 1.887467725873488655e+00 1.887467725873488655e+00
9.000000000000000000e+00 2.102071002428414825e+00 2.102071002428414825e+00 2.102071002428414825e+00 2.102071002428414825e+00
1.000000000000000000e+01 2.326618693670931215e+00 2.326618693670931215e+00 2.326618693670931215e+00 2.326618693670931215e+00
1.100000000000000000e+01 2.455058674373291616e+00 2.455058674373291616e+00 2.455058674373291616e+00 2.455058674373291616e+00
1.200000000000000000e+01 2.335516887814249820e+00 2.335516887814249820e+00 2.335516887814249820e+00 2.335516887814249820e+00
1.300000000000000000e+01 2.038431450024702940e+00 2.038431450024702940e+00 2.038431450024702940e+00 2.038431450024702940e+00
1.400000000000000000e+01 1.443134885844183257e+00 1.443134885844183257e+00 1.443134885844183257e+00 1.443134885844183257e+00
1.500000000000000000e+01 1.582297661019185675e+00 1.582297661019185675e+00 1.582297661019185675e+00 1.582297661019185675e+00
1.600000000000000000e+01 1.642435537254228750e+00 1.642435537254228750e+00 1.642435537254228750e+00 1.642435537254228750e+00
1.700000000000000000e+01 1.694643581207592176e+00 1.694643581207592176e+00 1.694643581207592176e+00 1.694643581207592176e+00
1.800000000000000000e+01 1.585919403467369815e+00 1.585919403467369815e+00 1.585919403467369815e+00 1.585919403467369815e+00
1.900000000000000000e+01 1.483314479845365463e+00 1.483314479845365463e+00 1.483314479845365463e+00 1.483314479845365463e+00
2.000000000000000000e+01 1.058092067129903002e+00 1.058092067129903002e+00 1.058092067129903002e+00 1.058092067129903002e+00
2.100000000000000000e+01 1.169912960601160012e+00 1.169912960601160012e+00 1.169912960601160012e+00 1.169912960601160012e+00
2.200000000000000000e+01 9.124347867603451734e-01 9.124347867603451734e-01 9.124347867603451734e-01 9.124347867603451734e-01
2.300000000000000000e+01 6.080347818365036128e-01 6.080347818365036128e-01 6.080347818365036128e-01 6.080347818365036128e-01
2.400000000000000000e+01 1.460927718174219958e+00 1.460927718174219958e+00 1.460927718174219958e+00 1.460927718174219958e+00
2.500000000000000000e+01 1.634692690884092858e+00 1.634692690884092858e+00 1.634692690884092858e+00 1.634692690884092858e+00
2.600000000000000000e+01 2.867130898090765712e+00 2.867130898090765712e+00 2.867130898090765712e+00 2.867130898090765712e+00
2.700000000000000000e+01 1.827033331402424077e+00 1.827033331402424077e+00 1.827033331402424077e+00 1.827033331402424077e+00
2.800000000000000000e+01 2.006499517309436875e+00 2.006499517309436875e+00 2.006499517309436875e+00 2.006499517309436875e+00
2.900000000000000000e+01 1.924812691953117660e+00 1.924812691953117660e+00 1.924812691953117660e+00 1.924812691953117660e+00
3.000000000000000000e+01 1.024511468509044843e+00 1.024511468509044843e+00 1.024511468509044843e+00 1.024511468509044843e+00
3.100000000000000000e+01 1.528550756214565931e+00 1.528550756214565931e+00 1.528550756214565931e+00 1.528550756214565931e+00
3.200000000000000000e+01 1.620937693968436122e+00 1.620937693968436122e+00 1.620937693968436122e+00 1.620937693968436122e+00
3.300000000000000000e+01 1.524312429676491609e+00 1.524312429676491609e+00 1.524312429676491609e+00 1.524312429676491609e+00
3.400000000000000000e+01 1.536247485291954762e+00 1.536247485291954762e+00 1.536247485291954762e+00 1.536247485291954762e+00
3.500000000000000000e+01 1.431024855779427840e+00 1.431024855779427840e+00 1.431024855779427840e+00 1.431024855779427840e+00
3.600000000000000000e+01 2.089822356091252331e+00 2.089822356091252331e+00 2.089822356091252331e+00 2.089822356091252331e+00
3.700000000000000000e+01 2.484799270143417615e+00 2.484799270143417615e+00 2.484799270143417615e+00 2.484799270143417615e+00
3.800000000000000000e+01 2.561844850440889054e+00 2.561844850440889054e+00 2.561844850440889054e+00 2.561844850440889054e+00
3.900000000000000000e+01 2.493275492706121810e+00 2.493275492706121810e+00 2.493275492706121810e+00 2.493275492706121810e+00
4.000000000000000000e+01 2.275743364374090305e+00 2.275743364374090305e+00 2.275743364374090305e+00 2.275743364374090305e+00
4.100000000000000000e+01 2.415685013016752869e+00 2.415685013016752869e+00 2.415685013016752869e+00 2.415685013016752869e+00
4.200000000000000000e+01 2.214457430885325540e+00 2.214457430885325540e+00 2.214457430885325540e+00 2.214457430885325540e+00
4.300000000000000000e+01 2.023221984776964355e+00 2.023221984776964355e+00 2.023221984776964355e+00 2.023221984776964355e+00
4.400000000000000000e+01 2.913905844535765510e+00 2.913905844535765510e+00 2.913905844535765510e+00 2.913905844535765510e+00
4.500000000000000000e+01 3.596372034456221556e+00 3.596372034456221556e+00 3.596372034456221556e+00 3.596372034456221556e+00
4.600000000000000000e+01 5.181249360606831722e+00 5.181249360606831722e+00 5.181249360606831722e+00 5.181249360606831722e+00
4.700000000000000000e+01 2.694715600643184494e+00 2.694715600643184494e+00 2.694715600643184494e+00 2.694715600643184494e+00
4.800000000000000000e+01 2.578620408749481285e+00 2.578620408749481285e+00 2.578620408749481285e+00 2.578620408749481285e+00
4.900000000000000000e+01 2.495078227835842544e+00 2.495078227835842544e+00 2.495078227835842544e+00 2.495078227835842544e+00
5.000000000000000000e+01 2.492092260271907556e+00 2.492092260271907556e+00 2.492092260271907556e+00 2.492092260271907556e+00
5.100000000000000000e+01 2.645736244646942126e+00 2.645736244646942126e+00 2.645736244646942126e+00 2.645736244646942126e+00
5.200000000000000000e+01 1.076078433736038509e+00 1.076078433736038509e+00 1.076078433736038509e+00 1.076078433736038509e+00
5.300000000000000000e+01 2.263371816516913881e+00 2.263371816516913881e+00 2.263371816516913881e+00 2.263371816516913881e+00
5.400000000000000000e+01 2.706445856317181153e+00 2.706445856317181153e+00 2.706445856317181153e+00 2.706445856317181153e+00
5.500000000000000000e+01 2.995007949814638692e+00 2.995007949814638692e+00 2.995007949814638692e+00 2.995007949814638692e+00
5.600000000000000000e+01 3.155557457143445710e+00 3.155557457143445710e+00 3.155557457143445710e+00 3.155557457143445710e+00
5.700000000000000000e+01 3.486030160284319113e+00 3.486030160284319113e+00 3.486030160284319113e+00 3.486030160284319113e+00
5.800000000000000000e+01 3.239522784862261418e+00 3.239522784862261418e+00 3.239522784862261418e+00 3.239522784862261418e+00
5.900000000000000000e+01 3.449631809269639415e+00 3.449631809269639415e+00 3.449631809269639415e+00 3.449631809269639415e+00
6.000000000000000000e+01 3.652835001714720864e+00 3.652835001714720864e+00 3.652835001714720864e+00 3.652835001714720864e+00
6.100000000000000000e+01 3.655398260287128664e+00 3.655398260287128664e+00 3.655398260287128664e+00 3.655398260287128664e+00
6.200000000000000000e+01 3.853664125823851538e+00 3.853664125823851538e+00 3.853664125823851538e+00 3.853664125823851538e+00
6.300000000000000000e+01 4.096417046588949340e+00 4.096417046588949340e+00 4.096417046588949340e+00 4.096417046588949340e+00
6.400000000000000000e+01 3.590834652854683284e+00 3.590834652854683284e+00 3.590834652854683284e+00 3.590834652854683284e+00
6.500000000000000000e+01 2.888421639039207012e+00 2.888421639039207012e+00 2.888421639039207012e+00 2.888421639039207012e+00
6.600000000000000000e+01 2.667362302661501872e+00 2.667362302661501872e+00 2.667362302661501872e+00 2.667362302661501872e+00
6.700000000000000000e+01 2.684582027939846682e+00 2.684582027939846682e+00 2.684582027939846682e+00 2.684582027939846682e+00
6.800000000000000000e+01 3.198105129245248701e+00 3.198105129245248701e+00 3.198105129245248701e+00 3.198105129245248701e+00
6.900000000000000000e+01 2.815842045220039669e+00 2.815842045220039669e+00 2.815842045220039669e+00 2.815842045220039669e+00
7.000000000000000000e+01 3.120386720251214552e+00 3.120386720251214552e+00 3.120386720251214552e+00 3.120386720251214552e+00
7.100000000000000000e+01 3.733563943392617546e+00 3.733563943392617546e+00 3.733563943392617546e+00 3.733563943392617546e+00
7.200000000000000000e+01 3.028337607199079518e+00 3.028337607199079518e+00 3.028337607199079518e+00 3.028337607199079518e+00
7.300000000000000000e+01 4.135634912196969992e+00 4.135634912196969992e+00 4.135634912196969992e+00 4.135634912196969992e+00
7.400000000000000000e+01 4.522214235660208637e+00 4.522214235660208637e+00 4.522214235660208637e+00 4.522214235660208637e+00
7.500000000000000000e+01 9.030948682542227601e+00 9.030948682542227601e+00 9.030948682542227601e+00 9.030948682542227601e+00
7.600000000000000000e+01 2.748819261287561044e+00 2.748819261287561044e+00 2.748819261287561044e+00 2.748819261287561044e+00
7.700000000000000000e+01 -2.015212746530279375e-01 -2.015212746530279375e-01 -2.015212746530279375e-01 -2.015212746530279375e-01
7.800000000000000000e+01 3.845250210124575130e+00 3.845250210124575130e+00 3.845250210124575130e+00 3.845250210124575130e+00
7.900000000000000000e+01 8.139013825526854262e+00 8.139013825526854262e+00 8.139013825526854262e+00 8.139013825526854262e+00
8.000000000000000000e+01 -2.889276806667901987e-01 -2.889276806667901987e-01 -2.889276806667901987e-01 -2.889276806667901987e-01
8.100000000000000000e+01 2.307716697483670600e+02 2.307716697483670600e+02 2.307716697483670600e+02 2.307716697483670600e+02
8.200000000000000000e+01 7.618298824584865958e-01 7.618298824584865958e-01 7.618298824584865958e-01 7.618298824584865958e-01
8.300000000000000000e+01 -1.775185706366107468e+02 -1.775185706366107468e+02 -1.775185706366107468e+02 -1.775185706366107468e+02
8.400000000000000000e+01 1.718082843122530790e+00 1.718082843122530790e+00 1.718082843122530790e+00 1.718082843122530790e+00
8.500000000000000000e+01 2.768923939315884208e+00 2.768923939315884208e+00 2.768923939315884208e+00 2.768923939315884208e+00
8.600000000000000000e+01 2.321109619455335338e+00 2.321109619455335338e+00 2.321109619455335338e+00 2.321109619455335338e+00
8.700000000000000000e+01 2.053277217716329428e+00 2.053277217716329428e+00 2.053277217716329428e+00 2.053277217716329428e+00
8.800000000000000000e+01 2.529894597488204777e+00 2.529894597488204777e+00 2.529894597488204777e+00 2.529894597488204777e+00
8.900000000000000000e+01 2.673644144992138205e+00 2.673644144992138205e+00 2.673644144992138205e+00 2.673644144992138205e+00
9.000000000000000000e+01 2.963281632800327969e+00 2.963281632800327969e+00 2.963281632800327969e+00 2.963281632800327969e+00
9.100000000000000000e+01 3.994449903973423588e+00 3.994449903973423588e+00 3.994449903973423588e+00 3.994449903973423588e+00
9.200000000000000000e+01 4.096222229830063455e+00 4.096222229830063455e+00 4.096222229830063455e+00 4.096222229830063455e+00
9.300000000000000000e+01 4.173009058294399942e+00 4.173009058294399942e+00 4.173009058294399942e+00 4.173009058294399942e+00
9.400000000000000000e+01 4.093721203057744340e+00 4.093721203057744340e+00 4.093721203057744340e+00 4.093721203057744340e+00
9.500000000000000000e+01 3.307784050939924558e+00 3.307784050939924558e+00 3.307784050939924558e+00 3.307784050939924558e+00
9.600000000000000000e+01 3.745078337509687660e+00 3.745078337509687660e+00 3.745078337509687660e+00 3.745078337509687660e+00
9.700000000000000000e+01 3.358809442754048025e+00 3.358809442754048025e+00 3.358809442754048025e+00 3.358809442754048025e+00
9.800000000000000000e+01 2.393245729614068118e+00 2.393245729614068118e+00 2.393245729614068118e+00 2.393245729614068118e+00
9.900000000000000000e+01 2.616314115343008950e+00 2.616314115343008950e+00 2.616314115343008950e+00 2.616314115343008950e+00
