0.000000000000000000e+00 1.237994044170199759e+00 1.237994044170199759e+00 1.237994044170199759e+00 1.237994044170199759e+00
1.000000000000000000e+00 1.129857418244025302e+00 1.129857418244025302e+00 1.129857418244025302e+00 1.129857418244025302e+00
2.000000000000000000e+00 1.076778750639471705e+00 1.076778750639471705e+00 1.076778750639471705e+00 1.076778750639471705e+00
3.000000000000000000e+00 1.400625669803825524e+00 1.400625669803825524e+00 1.400625669803825524e+00 1.400625669803825524e+00
4.000000000000000000e+00 1.499817409369972321e+00 1.499817409369972321e+00 1.499817409369972321e+00 1.499817409369972321e+00
5.000000000000000000e+00 1.421927514845543472e+00 1.421927514845543472e+00 1.421927514845543472e+00 1.421927514845543472e+00
6.000000000000000000e+00 1.561121188161640472e+00 1.561121188161640472e+00 1.561121188161640472e+00 1.561121188161640472e+00
7.000000000000000000e+00 1.334424976197433166e+00 1.334424976197433166e+00 1.334424976197433166e+00 1.334424976197433166e+00
8.000000000000000000e+00 1.441990950216939904e+00 1.441990950216939904e+00 1.441990950216939904e+00 1.441990950216939904e+00
9.000000000000000000e+00 1.518732141216753151e+00 1.518732141216753151e+00 1.518732141216753151e+00 1.518732141216753151e+00
1.000000000000000000e+01 1.206393660699494275e+00 1.206393660699494275e+00 1.206393660699494275e+00 1.206393660699494275e+00
1.100000000000000000e+01 1.188665721099477768e+00 1.188665721099477768e+00 1.188665721099477768e+00 1.188665721099477768e+00
1.200000000000000000e+01 1.308042445680882571e+00 1.308042445680882571e+00 1.308042445680882571e+00 1.308042445680882571e+00
1.300000000000000000e+01 1.282959052288335178e+00 1.282959052288335178e+00 1.282959052288335178e+00 1.282959052288335178e+00
1.400000000000000000e+01 1.173074052452880434e+00 1.173074052452880434e+00 1.173074052452880434e+00 1.173074052452880434e+00
1.500000000000000000e+01 1.236448075806461988e+00 1.236448075806461988e+00 1.236448075806461988e+00 1.236448075806461988e+00
1.600000000000000000e+01 1.205908322475329530e+00 1.205908322475329530e+00 1.205908322475329530e+00 1.205908322475329530e+00
1.700000000000000000e+01 1.159345106688118410e+00 1.159345106688118410e+00 1.159345106688118410e+00 1.159345106688118410e+00
1.800000000000000000e+01 1.300608785743677442e+00 1.300608785743677442e+00 1.300608785743677442e+00 1.300608785743677442e+00
1.900000000000000000e+01 1.327040491304272374e+00 1.327040491304272374e+00 1.327040491304272374e+00 1.327040491304272374e+00
2.000000000000000000e+01 1.321313624836627731e+00 1.321313624836627731e+00 1.321313624836627731e+00 1.321313624836627731e+00
2.100000000000000000e+01 1.726730926570419600e+00 1.726730926570419600e+00 1.726730926570419600e+00 1.726730926570419600e+00
2.200000000000000000e+01 1.515441177397483630e+00 1.515441177397483630e+00 1.515441177397483630e+00 1.515441177397483630e+00
2.300000000000000000e+01 1.716012802203056076e+00 1.716012802203056076e+00 1.716012802203056076e+00 1.716012802203056076e+00
2.400000000000000000e+01 1.653045026445147281e+00 1.653045026445147281e+00 1.653045026445147281e+00 1.653045026445147281e+00
2.500000000000000000e+01 1.431135169720934464e+00 1.431135169720934464e+00 1.431135169720934464e+00 1.431135169720934464e+00
2.600000000000000000e+01 1.565418049020591118e+00 1.565418049020591118e+00 1.565418049020591118e+00 1.565418049020591118e+00
2.700000000000000000e+01 1.184717710306008476e+00 1.184717710306008476e+00 1.184717710306008476e+00 1.184717710306008476e+00
2.800000000000000000e+01 1.528171779380894213e+00 1.528171779380894213e+00 1.528171779380894213e+00 1.528171779380894213e+00
2.900000000000000000e+01 9.543807058998950987e-01 9.543807058998950987e-01 9.543807058998950987e-01 9.543807058998950987e-01
3.000000000000000000e+01 1.337561487190822351e+00 1.337561487190822351e+00 1.337561487190822351e+00 1.337561487190822351e+00
3.100000000000000000e+01 9.036671843801209469e-01 9.036671843801209469e-01 9.036671843801209469e-01 9.036671843801209469e-01
3.200000000000000000e+01 1.792616977402579970e+00 1.792616977402579970e+00 1.792616977402579970e+00 1.792616977402579970e+00
3.300000000000000000e+01 1.668253462320643310e+00 1.668253462320643310e+00 1.668253462320643310e+00 1.668253462320643310e+00
3.400000000000000000e+01 1.692574494244904137e+00 1.692574494244904137e+00 1.692574494244904137e+00 1.692574494244904137e+00
3.500000000000000000e+01 1.729856360988398567e+00 1.729856360988398567e+00 1.729856360988398567e+00 1.729856360988398567e+00
3.600000000000000000e+01 1.672436758672076307e+00 1.672436758672076307e+00 1.672436758672076307e+00 1.672436758672076307e+00
3.700000000000000000e+01 1.693407554353395073e+00 1.693407554353395073e+00 1.693407554353395073e+00 1.693407554353395073e+00
3.800000000000000000e+01 1.603865999446487889e+00 1.603865999446487889e+00 1.603865999446487889e+00 1.603865999446487889e+00
3.900000000000000000e+01 1.706605617357086935e+00 1.706605617357086935e+00 1.706605617357086935e+00 1.706605617357086935e+00
4.000000000000000000e+01 1.761555738827835116e+00 1.761555738827835116e+00 1.761555738827835116e+00 1.761555738827835116e+00
4.100000000000000000e+01 1.795248953521542568e+00 1.795248953521542568e+00 1.795248953521542568e+00 1.795248953521542568e+00
4.200000000000000000e+01 1.859295059934722216e+00 1.859295059934722216e+00 1.859295059934722216e+00 1.859295059934722216e+00
4.300000000000000000e+01 1.968023699350607281e+00 1.968023699350607281e+00 1.968023699350607281e+00 1.968023699350607281e+00
4.400000000000000000e+01 2.060763039170851130e+00 2.060763039170851130e+00 2.060763039170851130e+00 2.060763039170851130e+00
4.500000000000000000e+01 1.908314367504417408e+00 1.908314367504417408e+00 1.908314367504417408e+00 1.908314367504417408e+00
4.600000000000000000e+01 1.842834533602816016e+00 1.842834533602816016e+00 1.842834533602816016e+00 1.842834533602816016e+00
4.700000000000000000e+01 1.701651107790870698e+00 1.701651107790870698e+00 1.701651107790870698e+00 1.701651107790870698e+00
4.800000000000000000e+01 1.603377011884955294e+00 1.603377011884955294e+00 1.603377011884955294e+00 1.603377011884955294e+00
4.900000000000000000e+01 1.634216052197611235e+00 1.634216052197611235e+00 1.634216052197611235e+00 1.634216052197611235e+00
5.000000000000000000e+01 1.583842357761897190e+00 1.583842357761897190e+00 1.583842357761897190e+00 1.583842357761897190e+00
5.100000000000000000e+01 1.718411796626960752e+00 1.718411796626960752e+00 1.718411796626960752e+00 1.718411796626960752e+00
5.200000000000000000e+01 2.097394508922305612e+00 2.097394508922305612e+00 2.097394508922305612e+00 2.097394508922305612e+00
5.300000000000000000e+01 2.016161847553224806e+00 2.016161847553224806e+00 2.016161847553224806e+00 2.016161847553224806e+00
5.400000000000000000e+01 2.330029281759222304e+00 2.330029281759222304e+00 2.330029281759222304e+00 2.330029281759222304e+00
5.500000000000000000e+01 2.435887115206130549e+00 2.435887115206130549e+00 2.435887115206130549e+00 2.435887115206130549e+00
5.600000000000000000e+01 2.481693546163176389e+00 2.481693546163176389e+00 2.481693546163176389e+00 2.481693546163176389e+00
5.700000000000000000e+01 2.397959586357821138e+00 2.397959586357821138e+00 2.397959586357821138e+00 2.397959586357821138e+00
5.800000000000000000e+01 2.203836136232537157e+00 2.203836136232537157e+00 2.203836136232537157e+00 2.203836136232537157e+00
5.900000000000000000e+01 2.603470562293935586e+00 2.603470562293935586e+00 2.603470562293935586e+00 2.603470562293935586e+00
6.000000000000000000e+01 2.225642506751707828e+00 2.225642506751707828e+00 2.225642506751707828e+00 2.225642506751707828e+00
6.100000000000000000e+01 2.096945335395944188e+00 2.096945335395944188e+00 2.096945335395944188e+00 2.096945335395944188e+00
6.200000000000000000e+01 2.292585688198207183e+00 2.292585688198207183e+00 2.292585688198207183e+00 2.292585688198207183e+00
6.300000000000000000e+01 2.347961427023261383e+00 2.347961427023261383e+00 2.347961427023261383e+00 2.347961427023261383e+00
6.400000000000000000e+01 2.301521111233547856e+00 2.301521111233547856e+00 2.301521111233547856e+00 2.301521111233547856e+00
6.500000000000000000e+01 2.066920270845576280e+00 2.066920270845576280e+00 2.066920270845576280e+00 2.066920270845576280e+00
6.600000000000000000e+01 2.244025492710473024e+00 2.244025492710473024e+00 2.244025492710473024e+00 2.244025492710473024e+00
6.700000000000000000e+01 2.206725622515696372e+00 2.206725622515696372e+00 2.206725622515696372e+00 2.206725622515696372e+00
6.800000000000000000e+01 2.242879442128908885e+00 2.242879442128908885e+00 2.242879442128908885e+00 2.242879442128908885e+00
6.900000000000000000e+01 2.164705462633240707e+00 2.164705462633240707e+00 2.164705462633240707e+00 2.164705462633240707e+00
7.000000000000000000e+01 2.325905513749191300e+00 2.325905513749191300e+00 2.325905513749191300e+00 2.325905513749191300e+00
7.100000000000000000e+01 1.847382924082686451e+00 1.847382924082686451e+00 1.847382924082686451e+00 1.847382924082686451e+00
7.200000000000000000e+01 2.606317174019810334e+00 2.606317174019810334e+00 2.606317174019810334e+00 2.606317174019810334e+00
7.300000000000000000e+01 2.248361159568082801e+00 2.248361159568082801e+00 2.248361159568082801e+00 2.248361159568082801e+00
7.400000000000000000e+01 2.462266223019480726e+00 2.462266223019480726e+00 2.462266223019480726e+00 2.462266223019480726e+00
7.500000000000000000e+01 2.354718573034694895e+00 2.354718573034694895e+00 2.354718573034694895e+00 2.354718573034694895e+00
7.600000000000000000e+01 2.467303667000014133e+00 2.467303667000014133e+00 2.467303667000014133e+00 2.467303667000014133e+00
7.700000000000000000e+01 2.293594094811065354e+00 2.293594094811065354e+00 2.293594094811065354e+00 2.293594094811065354e+00
7.800000000000000000e+01 2.213422845378184789e+00 2.213422845378184789e+00 2.213422845378184789e+00 2.213422845378184789e+00
7.900000000000000000e+01 2.146256198340604548e+00 2.146256198340604548e+00 2.146256198340604548e+00 2.146256198340604548e+00
8.000000000000000000e+01 2.652724489439170608e+00 2.652724489439170608e+00 2.652724489439170608e+00 2.652724489439170608e+00
8.100000000000000000e+01 2.102406271643133095e+00 2.102406271643133095e+00 2.102406271643133095e+00 2.102406271643133095e+00
8.200000000000000000e+01 2.788498245197136072e+00 2.788498245197136072e+00 2.788498245197136072e+00 2.788498245197136072e+00
8.300000000000000000e+01 2.288283943615089022e+00 2.288283943615089022e+00 2.288283943615089022e+00 2.288283943615089022e+00
8.400000000000000000e+01 2.697653506987899519e+00 2.697653506987899519e+00 2.697653506987899519e+00 2.697653506987899519e+00
8.500000000000000000e+01 2.529069251220344761e+00 2.529069251220344761e+00 2.529069251220344761e+00 2.529069251220344761e+00
8.600000000000000000e+01 2.606721158006694239e+00 2.606721158006694239e+00 2.606721158006694239e+00 2.606721158006694239e+00
8.700000000000000000e+01 2.414911842602904812e+00 2.414911842602904812e+00 2.414911842602904812e+00 2.414911842602904812e+00
8.800000000000000000e+01 2.391069887715930431e+00 2.391069887715930431e+00 2.391069887715930431e+00 2.391069887715930431e+00
8.900000000000000000e+01 2.366741661117691464e+00 2.366741661117691464e+00 2.366741661117691464e+00 2.366741661117691464e+00
9.000000000000000000e+01 2.401492796521392137e+00 2.401492796521392137e+00 2.401492796521392137e+00 2.401492796521392137e+00
9.100000000000000000e+01 2.709325491996371849e+00 2.709325491996371849e+00 2.709325491996371849e+00 2.709325491996371849e+00
9.200000000000000000e+01 2.382092574755982906e+00 2.382092574755982906e+00 2.382092574755982906e+00 2.382092574755982906e+00
9.300000000000000000e+01 2.599401176509486433e+00 2.599401176509486433e+00 2.599401176509486433e+00 2.599401176509486433e+00
9.400000000000000000e+01 2.260359443111640942e+00 2.260359443111640942e+00 2.260359443111640942e+00 2.260359443111640942e+00
9.500000000000000000e+01 2.346151926225030770e+00 2.346151926225030770e+00 2.346151926225030770e+00 2.346151926225030770e+00
9.600000000000000000e+01 1.886164734146251742e+00 1.886164734146251742e+00 1.886164734146251742e+00 1.886164734146251742e+00
9.700000000000000000e+01 2.011394087453047597e+00 2.011394087453047597e+00 2.011394087453047597e+00 2.011394087453047597e+00
9.800000000000000000e+01 1.853642162788311509e+00 1.853642162788311509e+00 1.853642162788311509e+00 1.853642162788311509e+00
