0.000000000000000000e+00 -1.171768140606187503e+00 -1.171768140606187503e+00 -1.171768140606187503e+00 -1.171768140606187503e+00
1.000000000000000000e+00 -1.258508731026493299e+00 -1.258508731026493299e+00 -1.258508731026493299e+00 -1.258508731026493299e+00
2.000000000000000000e+00 -8.363867793611278190e-01 -8.363867793611278190e-01 -8.363867793611278190e-01 -8.363867793611278190e-01
3.000000000000000000e+00 -3.013666260825383914e-01 -3.013666260825383914e-01 -3.013666260825383914e-01 -3.013666260825383914e-01
4.000000000000000000e+00 3.920597330235036510e-02 3.920597330235036510e-02 3.920597330235036510e-02 3.920597330235036510e-02
5.000000000000000000e+00 3.674034799798652773e-01 3.674034799798652773e-01 3.674034799798652773e-01 3.674034799798652773e-01
6.000000000000000000e+00 4.683174571828462307e-01 4.683174571828462307e-01 4.683174571828462307e-01 4.683174571828462307e-01
7.000000000000000000e+00 7.583825648175055445e-01 7.583825648175055445e-01 7.583825648175055445e-01 7.583825648175055445e-01
8.000000000000000000e+00 7.825721681803254892e-01 7.825721681803254892e-01 7.825721681803254892e-01 7.825721681803254892e-01
9.000000000000000000e+00 2.114276977202827201e-01 2.114276977202827201e-01 2.114276977202827201e-01 2.114276977202827201e-01
1.000000000000000000e+01 -2.760018188292825969e-01 -2.760018188292825969e-01 -2.760018188292825969e-01 -2.760018188292825969e-01
1.100000000000000000e+01 -6.329439675545575072e-01 -6.329439675545575072e-01 -6.329439675545575072e-01 -6.329439675545575072e-01
1.200000000000000000e+01 -6.984448744272560017e-01 -6.984448744272560017e-01 -6.984448744272560017e-01 -6.984448744272560017e-01
1.300000000000000000e+01 -8.637722489872108333e-01 -8.637722489872108333e-01 -8.637722489872108333e-01 -8.637722489872108333e-01
1.400000000000000000e+01 -6.250654721603927655e-01 -6.250654721603927655e-01 -6.250654721603927655e-01 -6.250654721603927655e-01
1.500000000000000000e+01 -1.030144518221835087e-01 -1.030144518221835087e-01 -1.030144518221835087e-01 -1.030144518221835087e-01
1.600000000000000000e+01 2.796099871139925419e-01 2.796099871139925419e-01 2.796099871139925419e-01 2.796099871139925419e-01
1.700000000000000000e+01 5.326661130671557220e-01 5.326661130671557220e-01 5.326661130671557220e-01 5.326661130671557220e-01
1.800000000000000000e+01 7.760888282453975995e-01 7.760888282453975995e-01 7.760888282453975995e-01 7.760888282453975995e-01
1.900000000000000000e+01 8.406469954405533240e-01 8.406469954405533240e-01 8.406469954405533240e-01 8.406469954405533240e-01
2.000000000000000000e+01 1.028207489828498078e+00 1.028207489828498078e+00 1.028207489828498078e+00 1.028207489828498078e+00
2.100000000000000000e+01 5.257733227244574259e-01 5.257733227244574259e-01 5.257733227244574259e-01 5.257733227244574259e-01
2.200000000000000000e+01 3.769806855443352811e-02 3.769806855443352811e-02 3.769806855443352811e-02 3.769806855443352811e-02
2.300000000000000000e+01 -3.460499323840000030e-01 -3.460499323840000030e-01 -3.460499323840000030e-01 -3.460499323840000030e-01
2.400000000000000000e+01 -5.358182428229282257e-01 -5.358182428229282257e-01 -5.358182428229282257e-01 -5.358182428229282257e-01
2.500000000000000000e+01 -8.779545995370945377e-01 -8.779545995370945377e-01 -8.779545995370945377e-01 -8.779545995370945377e-01
2.600000000000000000e+01 -7.541450207579126763e-01 -7.541450207579126763e-01 -7.541450207579126763e-01 -7.541450207579126763e-01
2.700000000000000000e+01 -2.840049807194262588e-01 -2.840049807194262588e-01 -2.840049807194262588e-01 -2.840049807194262588e-01
2.800000000000000000e+01 3.612517746233184085e-02 3.612517746233184085e-02 3.612517746233184085e-02 3.612517746233184085e-02
2.900000000000000000e+01 4.440910346145373611e-01 4.440910346145373611e-01 4.440910346145373611e-01 4.440910346145373611e-01
3.000000000000000000e+01 6.357037788520212285e-01 6.357037788520212285e-01 6.357037788520212285e-01 6.357037788520212285e-01
3.100000000000000000e+01 8.842081497980973648e-01 8.842081497980973648e-01 8.842081497980973648e-01 8.842081497980973648e-01
3.200000000000000000e+01 1.054846444292289354e+00 1.054846444292289354e+00 1.054846444292289354e+00 1.054846444292289354e+00
3.300000000000000000e+01 5.819332258960231430e-01 5.819332258960231430e-01 5.819332258960231430e-01 5.819332258960231430e-01
3.400000000000000000e+01 1.944514184409741331e-01 1.944514184409741331e-01 1.944514184409741331e-01 1.944514184409741331e-01
3.500000000000000000e+01 -2.349053777458242342e-01 -2.349053777458242342e-01 -2.349053777458242342e-01 -2.349053777458242342e-01
3.600000000000000000e+01 -4.399629378756506060e-01 -4.399629378756506060e-01 -4.399629378756506060e-01 -4.399629378756506060e-01
3.700000000000000000e+01 -6.360062336322139798e-01 -6.360062336322139798e-01 -6.360062336322139798e-01 -6.360062336322139798e-01
3.800000000000000000e+01 -5.243936529671355817e-01 -5.243936529671355817e-01 -5.243936529671355817e-01 -5.243936529671355817e-01
3.900000000000000000e+01 -1.391325565769132959e-02 -1.391325565769132959e-02 -1.391325565769132959e-02 -1.391325565769132959e-02
4.000000000000000000e+01 2.944981263361530210e-01 2.944981263361530210e-01 2.944981263361530210e-01 2.944981263361530210e-01
4.100000000000000000e+01 5.204547658511425867e-01 5.204547658511425867e-01 5.204547658511425867e-01 5.204547658511425867e-01
4.200000000000000000e+01 7.056459399536814114e-01 7.056459399536814114e-01 7.056459399536814114e-01 7.056459399536814114e-01
4.300000000000000000e+01 7.729345990613244455e-01 7.729345990613244455e-01 7.729345990613244455e-01 7.729345990613244455e-01
4.400000000000000000e+01 2.838415430722801558e-01 2.838415430722801558e-01 2.838415430722801558e-01 2.838415430722801558e-01
4.500000000000000000e+01 -2.199332865711958462e-01 -2.199332865711958462e-01 -2.199332865711958462e-01 -2.199332865711958462e-01
4.600000000000000000e+01 -4.480792834332700814e-01 -4.480792834332700814e-01 -4.480792834332700814e-01 -4.480792834332700814e-01
4.700000000000000000e+01 -6.574018015726922348e-01 -6.574018015726922348e-01 -6.574018015726922348e-01 -6.574018015726922348e-01
4.800000000000000000e+01 -6.774042106113588035e-01 -6.774042106113588035e-01 -6.774042106113588035e-01 -6.774042106113588035e-01
4.900000000000000000e+01 -3.030041095628148717e-01 -3.030041095628148717e-01 -3.030041095628148717e-01 -3.030041095628148717e-01
5.000000000000000000e+01 1.737588566139773583e-01 1.737588566139773583e-01 1.737588566139773583e-01 1.737588566139773583e-01
5.100000000000000000e+01 5.347661509840815341e-01 5.347661509840815341e-01 5.347661509840815341e-01 5.347661509840815341e-01
5.200000000000000000e+01 8.194981533809739815e-01 8.194981533809739815e-01 8.194981533809739815e-01 8.194981533809739815e-01
5.300000000000000000e+01 1.048006069090445358e+00 1.048006069090445358e+00 1.048006069090445358e+00 1.048006069090445358e+00
5.400000000000000000e+01 1.238653949771698626e+00 1.238653949771698626e+00 1.238653949771698626e+00 1.238653949771698626e+00
5.500000000000000000e+01 1.371704667369822994e+00 1.371704667369822994e+00 1.371704667369822994e+00 1.371704667369822994e+00
5.600000000000000000e+01 7.658833299484846258e-01 7.658833299484846258e-01 7.658833299484846258e-01 7.658833299484846258e-01
5.700000000000000000e+01 2.790745486069931003e-01 2.790745486069931003e-01 2.790745486069931003e-01 2.790745486069931003e-01
5.800000000000000000e+01 -1.257814733803607199e-01 -1.257814733803607199e-01 -1.257814733803607199e-01 -1.257814733803607199e-01
5.900000000000000000e+01 -3.818742242676148035e-01 -3.818742242676148035e-01 -3.818742242676148035e-01 -3.818742242676148035e-01
6.000000000000000000e+01 -6.373383758626096629e-01 -6.373383758626096629e-01 -6.373383758626096629e-01 -6.373383758626096629e-01
6.100000000000000000e+01 -6.707951161763393566e-01 -6.707951161763393566e-01 -6.707951161763393566e-01 -6.707951161763393566e-01
6.200000000000000000e+01 -8.431356249052606167e-01 -8.431356249052606167e-01 -8.431356249052606167e-01 -8.431356249052606167e-01
6.300000000000000000e+01 -8.661954511128552303e-01 -8.661954511128552303e-01 -8.661954511128552303e-01 -8.661954511128552303e-01
6.400000000000000000e+01 -8.247345781142201293e-01 -8.247345781142201293e-01 -8.247345781142201293e-01 -8.247345781142201293e-01
6.500000000000000000e+01 -4.275768900367869496e-01 -4.275768900367869496e-01 -4.275768900367869496e-01 -4.275768900367869496e-01
6.600000000000000000e+01 -7.955461842931188521e-02 -7.955461842931188521e-02 -7.955461842931188521e-02 -7.955461842931188521e-02
6.700000000000000000e+01 7.819876228656481854e-02 7.819876228656481854e-02 7.819876228656481854e-02 7.819876228656481854e-02
6.800000000000000000e+01 2.885940337370181963e-01 2.885940337370181963e-01 2.885940337370181963e-01 2.885940337370181963e-01
6.900000000000000000e+01 3.962801441183967377e-01 3.962801441183967377e-01 3.962801441183967377e-01 3.962801441183967377e-01
7.000000000000000000e+01 4.288964057648104733e-01 4.288964057648104733e-01 4.288964057648104733e-01 4.288964057648104733e-01
7.100000000000000000e+01 1.621304652793683909e-01 1.621304652793683909e-01 1.621304652793683909e-01 1.621304652793683909e-01
7.200000000000000000e+01 1.098585721934413999e-02 1.098585721934413999e-02 1.098585721934413999e-02 1.098585721934413999e-02
7.300000000000000000e+01 -3.810954324662670784e-02 -3.810954324662670784e-02 -3.810954324662670784e-02 -3.810954324662670784e-02
7.400000000000000000e+01 -1.331176418263721462e-01 -1.331176418263721462e-01 -1.331176418263721462e-01 -1.331176418263721462e-01
7.500000000000000000e+01 -1.479465598878024479e-01 -1.479465598878024479e-01 -1.479465598878024479e-01 -1.479465598878024479e-01
7.600000000000000000e+01 -3.503259303821796844e-01 -3.503259303821796844e-01 -3.503259303821796844e-01 -3.503259303821796844e-01
7.700000000000000000e+01 -3.179443165096370039e-01 -3.179443165096370039e-01 -3.179443165096370039e-01 -3.179443165096370039e-01
7.800000000000000000e+01 -3.349033747826807295e-01 -3.349033747826807295e-01 -3.349033747826807295e-01 -3.349033747826807295e-01
7.900000000000000000e+01 -4.785719578967508880e-01 -4.785719578967508880e-01 -4.785719578967508880e-01 -4.785719578967508880e-01
8.000000000000000000e+01 -3.690262087277990655e-01 -3.690262087277990655e-01 -3.690262087277990655e-01 -3.690262087277990655e-01
8.100000000000000000e+01 -4.198459090902920132e-01 -4.198459090902920132e-01 -4.198459090902920132e-01 -4.198459090902920132e-01
8.200000000000000000e+01 -4.203707393970196882e-01 -4.203707393970196882e-01 -4.203707393970196882e-01 -4.203707393970196882e-01
8.300000000000000000e+01 -4.873449628338356598e-01 -4.873449628338356598e-01 -4.873449628338356598e-01 -4.873449628338356598e-01
8.400000000000000000e+01 -3.856223211300711662e-01 -3.856223211300711662e-01 -3.856223211300711662e-01 -3.856223211300711662e-01
8.500000000000000000e+01 -3.613769998142621342e-01 -3.613769998142621342e-01 -3.613769998142621342e-01 -3.613769998142621342e-01
8.600000000000000000e+01 -2.901882664489306984e-01 -2.901882664489306984e-01 -2.901882664489306984e-01 -2.901882664489306984e-01
8.700000000000000000e+01 -2.460022608319056836e-01 -2.460022608319056836e-01 -2.460022608319056836e-01 -2.460022608319056836e-01
8.800000000000000000e+01 -1.070359298462221359e-01 -1.070359298462221359e-01 -1.070359298462221359e-01 -1.070359298462221359e-01
8.900000000000000000e+01 -1.739323947805375692e-01 -1.739323947805375692e-01 -1.739323947805375692e-01 -1.739323947805375692e-01
9.000000000000000000e+01 2.005578769461108801e-01 2.005578769461108801e-01 2.005578769461108801e-01 2.005578769461108801e-01
9.100000000000000000e+01 1.720916250896800115e-01 1.720916250896800115e-01 1.720916250896800115e-01 1.720916250896800115e-01
9.200000000000000000e+01 2.844325568387797709e-01 2.844325568387797709e-01 2.844325568387797709e-01 2.844325568387797709e-01
9.300000000000000000e+01 2.351272442812756547e-01 2.351272442812756547e-01 2.351272442812756547e-01 2.351272442812756547e-01
9.400000000000000000e+01 3.937633782313473829e-01 3.937633782313473829e-01 3.937633782313473829e-01 3.937633782313473829e-01
9.500000000000000000e+01 3.377479978230576996e-01 3.377479978230576996e-01 3.377479978230576996e-01 3.377479978230576996e-01
9.600000000000000000e+01 3.470544055156906116e-01 3.470544055156906116e-01 3.470544055156906116e-01 3.470544055156906116e-01
9.700000000000000000e+01 3.586302841736517810e-01 3.586302841736517810e-01 3.586302841736517810e-01 3.586302841736517810e-01
9.800000000000000000e+01 2.402364652700073877e-01 2.402364652700073877e-01 2.402364652700073877e-01 2.402364652700073877e-01
