Delays Time-delay1 Time-delay2 Time-delay3 Time-delay4
0.000000000000000000e+00 -6.133862761316388301e+00 -6.133862761316388301e+00 -6.133862761316388301e+00 -6.133862761316388301e+00
1.000000000000000000e+00 -5.095673851720261993e+00 -5.095673851720261993e+00 -5.095673851720261993e+00 -5.095673851720261993e+00
2.000000000000000000e+00 -6.518919778286169198e+00 -6.518919778286169198e+00 -6.518919778286169198e+00 -6.518919778286169198e+00
3.000000000000000000e+00 -6.065016755026615414e+00 -6.065016755026615414e+00 -6.065016755026615414e+00 -6.065016755026615414e+00
4.000000000000000000e+00 -5.068373269518820834e+00 -5.068373269518820834e+00 -5.068373269518820834e+00 -5.068373269518820834e+00
5.000000000000000000e+00 -4.981381877752830256e+00 -4.981381877752830256e+00 -4.981381877752830256e+00 -4.981381877752830256e+00
6.000000000000000000e+00 -1.189770419292369708e+00 -1.189770419292369708e+00 -1.189770419292369708e+00 -1.189770419292369708e+00
7.000000000000000000e+00 -1.607113153582105713e+00 -1.607113153582105713e+00 -1.607113153582105713e+00 -1.607113153582105713e+00
8.000000000000000000e+00 -3.489912684909465046e+00 -3.489912684909465046e+00 -3.489912684909465046e+00 -3.489912684909465046e+00
9.000000000000000000e+00 -2.941827731382335553e+00 -2.941827731382335553e+00 -2.941827731382335553e+00 -2.941827731382335553e+00
1.000000000000000000e+01 -2.100432103181275156e+00 -2.100432103181275156e+00 -2.100432103181275156e+00 -2.100432103181275156e+00
1.100000000000000000e+01 -3.644369085865232782e-01 -3.644369085865232782e-01 -3.644369085865232782e-01 -3.644369085865232782e-01
1.200000000000000000e+01 -2.056984639377751112e+00 -2.056984639377751112e+00 -2.056984639377751112e+00 -2.056984639377751112e+00
1.300000000000000000e+01 -4.161377346627754825e+00 -4.161377346627754825e+00 -4.161377346627754825e+00 -4.161377346627754825e+00
1.400000000000000000e+01 -5.075244922990118646e+00 -5.075244922990118646e+00 -5.075244922990118646e+00 -5.075244922990118646e+00
1.500000000000000000e+01 -3.411824358533835255e+00 -3.411824358533835255e+00 -3.411824358533835255e+00 -3.411824358533835255e+00
1.600000000000000000e+01 -4.243534640761977e+00 -4.243534640761977e+00 -4.243534640761977e+00 -4.243534640761977e+00
1.700000000000000000e+01 -2.038283716070366580e+01 -2.038283716070366580e+01 -2.038283716070366580e+01 -2.038283716070366580e+01
1.800000000000000000e+01 1.226616534054977503e+00 1.226616534054977503e+00 1.226616534054977503e+00 1.226616534054977503e+00
1.900000000000000000e+01 -7.015067252187550118e+00 -7.015067252187550118e+00 -7.015067252187550118e+00 -7.015067252187550118e+00
2.000000000000000000e+01 -1.856864652880559907e+00 -1.856864652880559907e+00 -1.856864652880559907e+00 -1.856864652880559907e+00
2.100000000000000000e+01 -1.965379148147098798e+00 -1.965379148147098798e+00 -1.965379148147098798e+00 -1.965379148147098798e+00
2.200000000000000000e+01 -2.617613726669615559e+00 -2.617613726669615559e+00 -2.617613726669615559e+00 -2.617613726669615559e+00
2.300000000000000000e+01 -1.479145226429209314e+00 -1.479145226429209314e+00 -1.479145226429209314e+00 -1.479145226429209314e+00
2.400000000000000000e+01 -1.988609540051984315e+00 -1.988609540051984315e+00 -1.988609540051984315e+00 -1.988609540051984315e+00
2.500000000000000000e+01 -1.690542671020873078e+00 -1.690542671020873078e+00 -1.690542671020873078e+00 -1.690542671020873078e+00
2.600000000000000000e+01 -1.480900159609694677e+00 -1.480900159609694677e+00 -1.480900159609694677e+00 -1.480900159609694677e+00
2.700000000000000000e+01 -1.528449612615222053e+00 -1.528449612615222053e+00 -1.528449612615222053e+00 -1.528449612615222053e+00
2.800000000000000000e+01 -1.193586653445334544e+00 -1.193586653445334544e+00 -1.193586653445334544e+00 -1.193586653445334544e+00
2.900000000000000000e+01 -1.661093736762966566e+00 -1.661093736762966566e+00 -1.661093736762966566e+00 -1.661093736762966566e+00
3.000000000000000000e+01 -1.965576734075885623e+00 -1.965576734075885623e+00 -1.965576734075885623e+00 -1.965576734075885623e+00
3.100000000000000000e+01 -1.948793737803533599e+00 -1.948793737803533599e+00 -1.948793737803533599e+00 -1.948793737803533599e+00
3.200000000000000000e+01 -1.625957184738594519e+00 -1.625957184738594519e+00 -1.625957184738594519e+00 -1.625957184738594519e+00
3.300000000000000000e+01 -3.745278774089777496e+00 -3.745278774089777496e+00 -3.745278774089777496e+00 -3.745278774089777496e+00
3.400000000000000000e+01 -9.916010015277059164e-01 -9.916010015277059164e-01 -9.916010015277059164e-01 -9.916010015277059164e-01
3.500000000000000000e+01 -5.039591241967973367e-01 -5.039591241967973367e-01 -5.039591241967973367e-01 -5.039591241967973367e-01
3.600000000000000000e+01 -4.321602447043810358e+00 -4.321602447043810358e+00 -4.321602447043810358e+00 -4.321602447043810358e+00
3.700000000000000000e+01 1.039800086158795933e+00 1.039800086158795933e+00 1.039800086158795933e+00 1.039800086158795933e+00
3.800000000000000000e+01 3.187461463374491988e+00 3.187461463374491988e+00 3.187461463374491988e+00 3.187461463374491988e+00
3.900000000000000000e+01 2.513933991104798871e+00 2.513933991104798871e+00 2.513933991104798871e+00 2.513933991104798871e+00
4.000000000000000000e+01 6.897847595543505683e+00 6.897847595543505683e+00 6.897847595543505683e+00 6.897847595543505683e+00
4.100000000000000000e+01 -5.577272880934190935e-01 -5.577272880934190935e-01 -5.577272880934190935e-01 -5.577272880934190935e-01
4.200000000000000000e+01 -3.763869162974302629e-01 -3.763869162974302629e-01 -3.763869162974302629e-01 -3.763869162974302629e-01
4.300000000000000000e+01 -6.896288880430800905e-01 -6.896288880430800905e-01 -6.896288880430800905e-01 -6.896288880430800905e-01
4.400000000000000000e+01 -6.748390227440654865e-01 -6.748390227440654865e-01 -6.748390227440654865e-01 -6.748390227440654865e-01
4.500000000000000000e+01 -6.000181735382495996e-01 -6.000181735382495996e-01 -6.000181735382495996e-01 -6.000181735382495996e-01
4.600000000000000000e+01 -2.168358854869540053e+00 -2.168358854869540053e+00 -2.168358854869540053e+00 -2.168358854869540053e+00
4.700000000000000000e+01 4.520212256079512644e-03 4.520212256079512644e-03 4.520212256079512644e-03 4.520212256079512644e-03
4.800000000000000000e+01 -1.201748527978709236e+00 -1.201748527978709236e+00 -1.201748527978709236e+00 -1.201748527978709236e+00
4.900000000000000000e+01 -7.618563270253554398e-01 -7.618563270253554398e-01 -7.618563270253554398e-01 -7.618563270253554398e-01
5.000000000000000000e+01 -3.573498038222878148e-01 -3.573498038222878148e-01 -3.573498038222878148e-01 -3.573498038222878148e-01
5.100000000000000000e+01 8.657178855549815810e-02 8.657178855549815810e-02 8.657178855549815810e-02 8.657178855549815810e-02
5.200000000000000000e+01 -5.739154872463954060e-01 -5.739154872463954060e-01 -5.739154872463954060e-01 -5.739154872463954060e-01
5.300000000000000000e+01 -1.080509398778537022e+00 -1.080509398778537022e+00 -1.080509398778537022e+00 -1.080509398778537022e+00
5.400000000000000000e+01 -9.119858245836052202e-01 -9.119858245836052202e-01 -9.119858245836052202e-01 -9.119858245836052202e-01
5.500000000000000000e+01 1.688174325454109281e-01 1.688174325454109281e-01 1.688174325454109281e-01 1.688174325454109281e-01
5.600000000000000000e+01 -2.498554518175502004e-01 -2.498554518175502004e-01 -2.498554518175502004e-01 -2.498554518175502004e-01
5.700000000000000000e+01 1.722986178568708115e-01 1.722986178568708115e-01 1.722986178568708115e-01 1.722986178568708115e-01
5.800000000000000000e+01 -5.744302099757691016e-01 -5.744302099757691016e-01 -5.744302099757691016e-01 -5.744302099757691016e-01
5.900000000000000000e+01 -7.035439743387839062e-01 -7.035439743387839062e-01 -7.035439743387839062e-01 -7.035439743387839062e-01
6.000000000000000000e+01 -8.210079974104848022e-01 -8.210079974104848022e-01 -8.210079974104848022e-01 -8.210079974104848022e-01
6.100000000000000000e+01 -3.103733841626212242e-01 -3.103733841626212242e-01 -3.103733841626212242e-01 -3.103733841626212242e-01
6.200000000000000000e+01 3.880505231533344646e-02 3.880505231533344646e-02 3.880505231533344646e-02 3.880505231533344646e-02
6.300000000000000000e+01 -7.131770860073098905e-01 -7.131770860073098905e-01 -7.131770860073098905e-01 -7.131770860073098905e-01
6.400000000000000000e+01 2.282882431459312689e-02 2.282882431459312689e-02 2.282882431459312689e-02 2.282882431459312689e-02
6.500000000000000000e+01 -1.340128507800072422e-01 -1.340128507800072422e-01 -1.340128507800072422e-01 -1.340128507800072422e-01
6.600000000000000000e+01 5.914574921801835083e-01 5.914574921801835083e-01 5.914574921801835083e-01 5.914574921801835083e-01
6.700000000000000000e+01 1.450222689135920173e-01 1.450222689135920173e-01 1.450222689135920173e-01 1.450222689135920173e-01
6.800000000000000000e+01 -3.235572161036305572e-02 -3.235572161036305572e-02 -3.235572161036305572e-02 -3.235572161036305572e-02
6.900000000000000000e+01 -2.913495235423518293e-01 -2.913495235423518293e-01 -2.913495235423518293e-01 -2.913495235423518293e-01
7.000000000000000000e+01 -1.214043760650863335e-01 -1.214043760650863335e-01 -1.214043760650863335e-01 -1.214043760650863335e-01
7.100000000000000000e+01 9.640550649457847732e-02 9.640550649457847732e-02 9.640550649457847732e-02 9.640550649457847732e-02
7.200000000000000000e+01 2.123989127116431563e-01 2.123989127116431563e-01 2.123989127116431563e-01 2.123989127116431563e-01
7.300000000000000000e+01 -1.958136428914160343e-02 -1.958136428914160343e-02 -1.958136428914160343e-02 -1.958136428914160343e-02
7.400000000000000000e+01 -4.160568202126364024e-01 -4.160568202126364024e-01 -4.160568202126364024e-01 -4.160568202126364024e-01
7.500000000000000000e+01 -7.572563797143787578e-01 -7.572563797143787578e-01 -7.572563797143787578e-01 -7.572563797143787578e-01
7.600000000000000000e+01 -2.176953335577606619e-01 -2.176953335577606619e-01 -2.176953335577606619e-01 -2.176953335577606619e-01
7.700000000000000000e+01 4.178537478438213437e-01 4.178537478438213437e-01 4.178537478438213437e-01 4.178537478438213437e-01
7.800000000000000000e+01 -3.645997200456509435e-01 -3.645997200456509435e-01 -3.645997200456509435e-01 -3.645997200456509435e-01
7.900000000000000000e+01 -1.198366764812276858e-01 -1.198366764812276858e-01 -1.198366764812276858e-01 -1.198366764812276858e-01
8.000000000000000000e+01 -5.540393174329572012e-01 -5.540393174329572012e-01 -5.540393174329572012e-01 -5.540393174329572012e-01
8.100000000000000000e+01 -5.081136476355728737e-01 -5.081136476355728737e-01 -5.081136476355728737e-01 -5.081136476355728737e-01
8.200000000000000000e+01 5.553946866719694508e-01 5.553946866719694508e-01 5.553946866719694508e-01 5.553946866719694508e-01
8.300000000000000000e+01 3.602927866714290134e-02 3.602927866714290134e-02 3.602927866714290134e-02 3.602927866714290134e-02
8.400000000000000000e+01 -5.470706983659082701e-01 -5.470706983659082701e-01 -5.470706983659082701e-01 -5.470706983659082701e-01
8.500000000000000000e+01 -7.082745801442718037e-01 -7.082745801442718037e-01 -7.082745801442718037e-01 -7.082745801442718037e-01
8.600000000000000000e+01 -3.677342721734791486e-01 -3.677342721734791486e-01 -3.677342721734791486e-01 -3.677342721734791486e-01
8.700000000000000000e+01 -3.067715572054119932e-01 -3.067715572054119932e-01 -3.067715572054119932e-01 -3.067715572054119932e-01
8.800000000000000000e+01 6.111050804822032445e-01 6.111050804822032445e-01 6.111050804822032445e-01 6.111050804822032445e-01
8.900000000000000000e+01 6.459766378821271138e-01 6.459766378821271138e-01 6.459766378821271138e-01 6.459766378821271138e-01
9.000000000000000000e+01 5.842898118024292264e-02 5.842898118024292264e-02 5.842898118024292264e-02 5.842898118024292264e-02
9.100000000000000000e+01 1.771013877126597358e-01 1.771013877126597358e-01 1.771013877126597358e-01 1.771013877126597358e-01
9.200000000000000000e+01 -4.795863712918509436e-01 -4.795863712918509436e-01 -4.795863712918509436e-01 -4.795863712918509436e-01
9.300000000000000000e+01 -9.603404324480656618e-01 -9.603404324480656618e-01 -9.603404324480656618e-01 -9.603404324480656618e-01
9.400000000000000000e+01 1.443490452200521523e-01 1.443490452200521523e-01 1.443490452200521523e-01 1.443490452200521523e-01
9.500000000000000000e+01 3.235256361781231327e-01 3.235256361781231327e-01 3.235256361781231327e-01 3.235256361781231327e-01
9.600000000000000000e+01 8.800209437936037382e-01 8.800209437936037382e-01 8.800209437936037382e-01 8.800209437936037382e-01
9.700000000000000000e+01 7.401443973342489713e-01 7.401443973342489713e-01 7.401443973342489713e-01 7.401443973342489713e-01
9.800000000000000000e+01 2.698870012802619400e-01 2.698870012802619400e-01 2.698870012802619400e-01 2.698870012802619400e-01
9.900000000000000000e+01 -2.793019876540921986e-01 -2.793019876540921986e-01 -2.793019876540921986e-01 -2.793019876540921986e-01
