0.000000000000000000e+00 2.495316308165027308e-01 2.495316308165027308e-01 2.495316308165027308e-01 2.495316308165027308e-01
1.000000000000000000e+00 7.375530861071516453e-01 7.375530861071516453e-01 7.375530861071516453e-01 7.375530861071516453e-01
2.000000000000000000e+00 1.560676222710983163e+00 1.560676222710983163e+00 1.560676222710983163e+00 1.560676222710983163e+00
3.000000000000000000e+00 1.600291550017204800e+00 1.600291550017204800e+00 1.600291550017204800e+00 1.600291550017204800e+00
4.000000000000000000e+00 2.015176097339943517e+00 2.015176097339943517e+00 2.015176097339943517e+00 2.015176097339943517e+00
5.000000000000000000e+00 2.200289327817089635e+00 2.200289327817089635e+00 2.200289327817089635e+00 2.200289327817089635e+00
6.000000000000000000e+00 3.294646629805143334e+00 3.294646629805143334e+00 3.294646629805143334e+00 3.294646629805143334e+00
7.000000000000000000e+00 2.265792756538943742e+00 2.265792756538943742e+00 2.265792756538943742e+00 2.265792756538943742e+00
8.000000000000000000e+00 2.333633907077221625e+00 2.333633907077221625e+00 2.333633907077221625e+00 2.333633907077221625e+00
9.000000000000000000e+00 2.480831243207181291e+00 2.480831243207181291e+00 2.480831243207181291e+00 2.480831243207181291e+00
1.000000000000000000e+01 3.296381483666183332e+00 3.296381483666183332e+00 3.296381483666183332e+00 3.296381483666183332e+00
1.100000000000000000e+01 3.028059458941435800e+00 3.028059458941435800e+00 3.028059458941435800e+00 3.028059458941435800e+00
1.200000000000000000e+01 3.337530339914737798e+00 3.337530339914737798e+00 3.337530339914737798e+00 3.337530339914737798e+00
1.300000000000000000e+01 3.267377446491276594e+00 3.267377446491276594e+00 3.267377446491276594e+00 3.267377446491276594e+00
1.400000000000000000e+01 3.823607847556959261e+00 3.823607847556959261e+00 3.823607847556959261e+00 3.823607847556959261e+00
1.500000000000000000e+01 3.663470625174795714e+00 3.663470625174795714e+00 3.663470625174795714e+00 3.663470625174795714e+00
1.600000000000000000e+01 4.219202373434542075e+00 4.219202373434542075e+00 4.219202373434542075e+00 4.219202373434542075e+00
1.700000000000000000e+01 4.213911599577128797e+00 4.213911599577128797e+00 4.213911599577128797e+00 4.213911599577128797e+00
1.800000000000000000e+01 4.548266189898851231e+00 4.548266189898851231e+00 4.548266189898851231e+00 4.548266189898851231e+00
1.900000000000000000e+01 4.576411648339997917e+00 4.576411648339997917e+00 4.576411648339997917e+00 4.576411648339997917e+00
2.000000000000000000e+01 5.390760358868899260e+00 5.390760358868899260e+00 5.390760358868899260e+00 5.390760358868899260e+00
2.100000000000000000e+01 5.693276492244951470e+00 5.693276492244951470e+00 5.693276492244951470e+00 5.693276492244951470e+00
2.200000000000000000e+01 5.404564375799812304e+00 5.404564375799812304e+00 5.404564375799812304e+00 5.404564375799812304e+00
2.300000000000000000e+01 6.295910935742275782e+00 6.295910935742275782e+00 6.295910935742275782e+00 6.295910935742275782e+00
2.400000000000000000e+01 6.083707386913209447e+00 6.083707386913209447e+00 6.083707386913209447e+00 6.083707386913209447e+00
2.500000000000000000e+01 6.507929986994486882e+00 6.507929986994486882e+00 6.507929986994486882e+00 6.507929986994486882e+00
2.600000000000000000e+01 6.840296942373189637e+00 6.840296942373189637e+00 6.840296942373189637e+00 6.840296942373189637e+00
2.700000000000000000e+01 5.773520745483001093e+00 5.773520745483001093e+00 5.773520745483001093e+00 5.773520745483001093e+00
2.800000000000000000e+01 5.984188937969471489e+00 5.984188937969471489e+00 5.984188937969471489e+00 5.984188937969471489e+00
2.900000000000000000e+01 6.133811449819853934e+00 6.133811449819853934e+00 6.133811449819853934e+00 6.133811449819853934e+00
3.000000000000000000e+01 5.837486895286478905e+00 5.837486895286478905e+00 5.837486895286478905e+00 5.837486895286478905e+00
3.100000000000000000e+01 6.301488390857072019e+00 6.301488390857072019e+00 6.301488390857072019e+00 6.301488390857072019e+00
3.200000000000000000e+01 7.030525646603042134e+00 7.030525646603042134e+00 7.030525646603042134e+00 7.030525646603042134e+00
3.300000000000000000e+01 7.121439826191661382e+00 7.121439826191661382e+00 7.121439826191661382e+00 7.121439826191661382e+00
3.400000000000000000e+01 6.862726868701476413e+00 6.862726868701476413e+00 6.862726868701476413e+00 6.862726868701476413e+00
3.500000000000000000e+01 6.539749739858351063e+00 6.539749739858351063e+00 6.539749739858351063e+00 6.539749739858351063e+00
3.600000000000000000e+01 6.827041344696519687e+00 6.827041344696519687e+00 6.827041344696519687e+00 6.827041344696519687e+00
3.700000000000000000e+01 7.235691670497003791e+00 7.235691670497003791e+00 7.235691670497003791e+00 7.235691670497003791e+00
3.800000000000000000e+01 7.348114571467581513e+00 7.348114571467581513e+00 7.348114571467581513e+00 7.348114571467581513e+00
3.900000000000000000e+01 7.999915422104962204e+00 7.999915422104962204e+00 7.999915422104962204e+00 7.999915422104962204e+00
4.000000000000000000e+01 8.564846496010483534e+00 8.564846496010483534e+00 8.564846496010483534e+00 8.564846496010483534e+00
4.100000000000000000e+01 8.634789115053058239e+00 8.634789115053058239e+00 8.634789115053058239e+00 8.634789115053058239e+00
4.200000000000000000e+01 9.333395800993976366e+00 9.333395800993976366e+00 9.333395800993976366e+00 9.333395800993976366e+00
4.300000000000000000e+01 9.841943542735064554e+00 9.841943542735064554e+00 9.841943542735064554e+00 9.841943542735064554e+00
4.400000000000000000e+01 1.045964506509464265e+01 1.045964506509464265e+01 1.045964506509464265e+01 1.045964506509464265e+01
4.500000000000000000e+01 9.880980633697905802e+00 9.880980633697905802e+00 9.880980633697905802e+00 9.880980633697905802e+00
4.600000000000000000e+01 9.601329296818192915e+00 9.601329296818192915e+00 9.601329296818192915e+00 9.601329296818192915e+00
4.700000000000000000e+01 9.116117705633683954e+00 9.116117705633683954e+00 9.116117705633683954e+00 9.116117705633683954e+00
4.800000000000000000e+01 8.235437205865526522e+00 8.235437205865526522e+00 8.235437205865526522e+00 8.235437205865526522e+00
4.900000000000000000e+01 8.486775940343857627e+00 8.486775940343857627e+00 8.486775940343857627e+00 8.486775940343857627e+00
5.000000000000000000e+01 9.305234700702314399e+00 9.305234700702314399e+00 9.305234700702314399e+00 9.305234700702314399e+00
5.100000000000000000e+01 9.637259247593831901e+00 9.637259247593831901e+00 9.637259247593831901e+00 9.637259247593831901e+00
5.200000000000000000e+01 1.042478959005344485e+01 1.042478959005344485e+01 1.042478959005344485e+01 1.042478959005344485e+01
5.300000000000000000e+01 1.059264683745825231e+01 1.059264683745825231e+01 1.059264683745825231e+01 1.059264683745825231e+01
5.400000000000000000e+01 1.119721764260114760e+01 1.119721764260114760e+01 1.119721764260114760e+01 1.119721764260114760e+01
5.500000000000000000e+01 1.143516080688991998e+01 1.143516080688991998e+01 1.143516080688991998e+01 1.143516080688991998e+01
5.600000000000000000e+01 1.091689124275344724e+01 1.091689124275344724e+01 1.091689124275344724e+01 1.091689124275344724e+01
5.700000000000000000e+01 1.097059639258788266e+01 1.097059639258788266e+01 1.097059639258788266e+01 1.097059639258788266e+01
5.800000000000000000e+01 1.058897794035429918e+01 1.058897794035429918e+01 1.058897794035429918e+01 1.058897794035429918e+01
5.900000000000000000e+01 1.090104613600058947e+01 1.090104613600058947e+01 1.090104613600058947e+01 1.090104613600058947e+01
6.000000000000000000e+01 1.121992612179957405e+01 1.121992612179957405e+01 1.121992612179957405e+01 1.121992612179957405e+01
6.100000000000000000e+01 1.174536407299913776e+01 1.174536407299913776e+01 1.174536407299913776e+01 1.174536407299913776e+01
6.200000000000000000e+01 1.180546667429998564e+01 1.180546667429998564e+01 1.180546667429998564e+01 1.180546667429998564e+01
6.300000000000000000e+01 1.304194716182613689e+01 1.304194716182613689e+01 1.304194716182613689e+01 1.304194716182613689e+01
6.400000000000000000e+01 1.406092792331185137e+01 1.406092792331185137e+01 1.406092792331185137e+01 1.406092792331185137e+01
6.500000000000000000e+01 1.306771706803797528e+01 1.306771706803797528e+01 1.306771706803797528e+01 1.306771706803797528e+01
6.600000000000000000e+01 1.308396704297942925e+01 1.308396704297942925e+01 1.308396704297942925e+01 1.308396704297942925e+01
6.700000000000000000e+01 1.199305413537356202e+01 1.199305413537356202e+01 1.199305413537356202e+01 1.199305413537356202e+01
6.800000000000000000e+01 1.064578924233588531e+01 1.064578924233588531e+01 1.064578924233588531e+01 1.064578924233588531e+01
6.900000000000000000e+01 1.012939432069670431e+01 1.012939432069670431e+01 1.012939432069670431e+01 1.012939432069670431e+01
7.000000000000000000e+01 9.738199271180050687e+00 9.738199271180050687e+00 9.738199271180050687e+00 9.738199271180050687e+00
7.100000000000000000e+01 1.062682802297786644e+01 1.062682802297786644e+01 1.062682802297786644e+01 1.062682802297786644e+01
7.200000000000000000e+01 1.180251903747349651e+01 1.180251903747349651e+01 1.180251903747349651e+01 1.180251903747349651e+01
7.300000000000000000e+01 1.204583418824645946e+01 1.204583418824645946e+01 1.204583418824645946e+01 1.204583418824645946e+01
7.400000000000000000e+01 1.184850887870893565e+01 1.184850887870893565e+01 1.184850887870893565e+01 1.184850887870893565e+01
7.500000000000000000e+01 1.158983802463703228e+01 1.158983802463703228e+01 1.158983802463703228e+01 1.158983802463703228e+01
7.600000000000000000e+01 1.205792668084685282e+01 1.205792668084685282e+01 1.205792668084685282e+01 1.205792668084685282e+01
7.700000000000000000e+01 1.066310492369703589e+01 1.066310492369703589e+01 1.066310492369703589e+01 1.066310492369703589e+01
7.800000000000000000e+01 9.926778465580651911e+00 9.926778465580651911e+00 9.926778465580651911e+00 9.926778465580651911e+00
7.900000000000000000e+01 9.366216867482169306e+00 9.366216867482169306e+00 9.366216867482169306e+00 9.366216867482169306e+00
8.000000000000000000e+01 9.791447345759827670e+00 9.791447345759827670e+00 9.791447345759827670e+00 9.791447345759827670e+00
8.100000000000000000e+01 9.650305783648910563e+00 9.650305783648910563e+00 9.650305783648910563e+00 9.650305783648910563e+00
8.200000000000000000e+01 1.007617220504714162e+01 1.007617220504714162e+01 1.007617220504714162e+01 1.007617220504714162e+01
8.300000000000000000e+01 1.111150176843562498e+01 1.111150176843562498e+01 1.111150176843562498e+01 1.111150176843562498e+01
8.400000000000000000e+01 1.073150244933552422e+01 1.073150244933552422e+01 1.073150244933552422e+01 1.073150244933552422e+01
8.500000000000000000e+01 1.227027542448615094e+01 1.227027542448615094e+01 1.227027542448615094e+01 1.227027542448615094e+01
8.600000000000000000e+01 1.067511615352503895e+01 1.067511615352503895e+01 1.067511615352503895e+01 1.067511615352503895e+01
8.700000000000000000e+01 9.634982130366019248e+00 9.634982130366019248e+00 9.634982130366019248e+00 9.634982130366019248e+00
8.800000000000000000e+01 9.059221270465270592e+00 9.059221270465270592e+00 9.059221270465270592e+00 9.059221270465270592e+00
8.900000000000000000e+01 7.749616301915154715e+00 7.749616301915154715e+00 7.749616301915154715e+00 7.749616301915154715e+00
9.000000000000000000e+01 7.939789950997611534e+00 7.939789950997611534e+00 7.939789950997611534e+00 7.939789950997611534e+00
9.100000000000000000e+01 7.731706481224409622e+00 7.731706481224409622e+00 7.731706481224409622e+00 7.731706481224409622e+00
9.200000000000000000e+01 9.500907019883046090e+00 9.500907019883046090e+00 9.500907019883046090e+00 9.500907019883046090e+00
9.300000000000000000e+01 9.657049453894602564e+00 9.657049453894602564e+00 9.657049453894602564e+00 9.657049453894602564e+00
9.400000000000000000e+01 8.709254292549571730e+00 8.709254292549571730e+00 8.709254292549571730e+00 8.709254292549571730e+00
9.500000000000000000e+01 8.355649078196494273e+00 8.355649078196494273e+00 8.355649078196494273e+00 8.355649078196494273e+00
9.600000000000000000e+01 8.732996536953775646e+00 8.732996536953775646e+00 8.732996536953775646e+00 8.732996536953775646e+00
9.700000000000000000e+01 7.548897256036356751e+00 7.548897256036356751e+00 7.548897256036356751e+00 7.548897256036356751e+00
9.800000000000000000e+01 6.689002276011694725e+00 6.689002276011694725e+00 6.689002276011694725e+00 6.689002276011694725e+00
9.900000000000000000e+01 6.534696560400644394e+00 6.534696560400644394e+00 6.534696560400644394e+00 6.534696560400644394e+00
