0.000000000000000000e+00 -1.426164066012841403e+00 -1.426164066012841403e+00 -1.426164066012841403e+00 -1.426164066012841403e+00
1.000000000000000000e+00 -1.169385996974228403e+00 -1.169385996974228403e+00 -1.169385996974228403e+00 -1.169385996974228403e+00
2.000000000000000000e+00 -8.221260941318918603e-01 -8.221260941318918603e-01 -8.221260941318918603e-01 -8.221260941318918603e-01
3.000000000000000000e+00 -2.949877747533024563e-01 -2.949877747533024563e-01 -2.949877747533024563e-01 -2.949877747533024563e-01
4.000000000000000000e+00 -4.239397218556031355e-01 -4.239397218556031355e-01 -4.239397218556031355e-01 -4.239397218556031355e-01
5.000000000000000000e+00 -2.691494054257209320e-02 -2.691494054257209320e-02 -2.691494054257209320e-02 -2.691494054257209320e-02
6.000000000000000000e+00 -2.413427323242771372e-01 -2.413427323242771372e-01 -2.413427323242771372e-01 -2.413427323242771372e-01
7.000000000000000000e+00 4.188185339411348157e-02 4.188185339411348157e-02 4.188185339411348157e-02 4.188185339411348157e-02
8.000000000000000000e+00 2.360712259724545847e-01 2.360712259724545847e-01 2.360712259724545847e-01 2.360712259724545847e-01
9.000000000000000000e+00 2.807627187644148314e-01 2.807627187644148314e-01 2.807627187644148314e-01 2.807627187644148314e-01
1.000000000000000000e+01 1.852888247129167720e-01 1.852888247129167720e-01 1.852888247129167720e-01 1.852888247129167720e-01
1.100000000000000000e+01 4.763300985313339564e-01 4.763300985313339564e-01 4.763300985313339564e-01 4.763300985313339564e-01
1.200000000000000000e+01 5.312485847111848569e-01 5.312485847111848569e-01 5.312485847111848569e-01 5.312485847111848569e-01
1.300000000000000000e+01 7.855880301121203058e-01 7.855880301121203058e-01 7.855880301121203058e-01 7.855880301121203058e-01
1.400000000000000000e+01 8.134422775496996660e-01 8.134422775496996660e-01 8.134422775496996660e-01 8.134422775496996660e-01
1.500000000000000000e+01 8.039341572131033509e-01 8.039341572131033509e-01 8.039341572131033509e-01 8.039341572131033509e-01
1.600000000000000000e+01 1.032134409531606289e+00 1.032134409531606289e+00 1.032134409531606289e+00 1.032134409531606289e+00
1.700000000000000000e+01 8.614848171305365954e-01 8.614848171305365954e-01 8.614848171305365954e-01 8.614848171305365954e-01
1.800000000000000000e+01 9.002631002707158769e-01 9.002631002707158769e-01 9.002631002707158769e-01 9.002631002707158769e-01
1.900000000000000000e+01 9.660943382046753847e-01 9.660943382046753847e-01 9.660943382046753847e-01 9.660943382046753847e-01
2.000000000000000000e+01 1.070566669546186400e+00 1.070566669546186400e+00 1.070566669546186400e+00 1.070566669546186400e+00
2.100000000000000000e+01 1.021393304337366859e+00 1.021393304337366859e+00 1.021393304337366859e+00 1.021393304337366859e+00
2.200000000000000000e+01 1.313003782025617516e+00 1.313003782025617516e+00 1.313003782025617516e+00 1.313003782025617516e+00
2.300000000000000000e+01 1.282073361934037870e+00 1.282073361934037870e+00 1.282073361934037870e+00 1.282073361934037870e+00
2.400000000000000000e+01 1.237391918274614699e+00 1.237391918274614699e+00 1.237391918274614699e+00 1.237391918274614699e+00
2.500000000000000000e+01 1.156632168673868755e+00 1.156632168673868755e+00 1.156632168673868755e+00 1.156632168673868755e+00
2.600000000000000000e+01 1.073690097261442711e+00 1.073690097261442711e+00 1.073690097261442711e+00 1.073690097261442711e+00
2.700000000000000000e+01 1.042120714721931130e+00 1.042120714721931130e+00 1.042120714721931130e+00 1.042120714721931130e+00
2.800000000000000000e+01 1.329324497707868646e+00 1.329324497707868646e+00 1.329324497707868646e+00 1.329324497707868646e+00
2.900000000000000000e+01 1.129071992868087015e+00 1.129071992868087015e+00 1.129071992868087015e+00 1.129071992868087015e+00
3.000000000000000000e+01 1.595279326652112362e+00 1.595279326652112362e+00 1.595279326652112362e+00 1.595279326652112362e+00
3.100000000000000000e+01 1.575559860738295015e+00 1.575559860738295015e+00 1.575559860738295015e+00 1.575559860738295015e+00
3.200000000000000000e+01 1.894024394768399233e+00 1.894024394768399233e+00 1.894024394768399233e+00 1.894024394768399233e+00
3.300000000000000000e+01 2.035137141138310124e+00 2.035137141138310124e+00 2.035137141138310124e+00 2.035137141138310124e+00
3.400000000000000000e+01 2.113659056342156450e+00 2.113659056342156450e+00 2.113659056342156450e+00 2.113659056342156450e+00
3.500000000000000000e+01 2.233046242544395099e+00 2.233046242544395099e+00 2.233046242544395099e+00 2.233046242544395099e+00
3.600000000000000000e+01 2.275295742251103093e+00 2.275295742251103093e+00 2.275295742251103093e+00 2.275295742251103093e+00
3.700000000000000000e+01 2.147458960453509036e+00 2.147458960453509036e+00 2.147458960453509036e+00 2.147458960453509036e+00
3.800000000000000000e+01 2.398999054864826785e+00 2.398999054864826785e+00 2.398999054864826785e+00 2.398999054864826785e+00
3.900000000000000000e+01 2.286519353398648313e+00 2.286519353398648313e+00 2.286519353398648313e+00 2.286519353398648313e+00
4.000000000000000000e+01 2.576473290300370866e+00 2.576473290300370866e+00 2.576473290300370866e+00 2.576473290300370866e+00
4.100000000000000000e+01 2.905296166243593881e+00 2.905296166243593881e+00 2.905296166243593881e+00 2.905296166243593881e+00
4.200000000000000000e+01 2.877662796666430101e+00 2.877662796666430101e+00 2.877662796666430101e+00 2.877662796666430101e+00
4.300000000000000000e+01 2.869142628463842382e+00 2.869142628463842382e+00 2.869142628463842382e+00 2.869142628463842382e+00
4.400000000000000000e+01 2.893548082968159463e+00 2.893548082968159463e+00 2.893548082968159463e+00 2.893548082968159463e+00
4.500000000000000000e+01 2.714348537924545113e+00 2.714348537924545113e+00 2.714348537924545113e+00 2.714348537924545113e+00
4.600000000000000000e+01 4.128945088555592946e+00 4.128945088555592946e+00 4.128945088555592946e+00 4.128945088555592946e+00
4.700000000000000000e+01 3.993903028912489273e+00 3.993903028912489273e+00 3.993903028912489273e+00 3.993903028912489273e+00
4.800000000000000000e+01 3.993362372399321902e+00 3.993362372399321902e+00 3.993362372399321902e+00 3.993362372399321902e+00
4.900000000000000000e+01 4.148561341795326207e+00 4.148561341795326207e+00 4.148561341795326207e+00 4.148561341795326207e+00
5.000000000000000000e+01 4.022396311134391667e+00 4.022396311134391667e+00 4.022396311134391667e+00 4.022396311134391667e+00
5.100000000000000000e+01 4.511777034196424729e+00 4.511777034196424729e+00 4.511777034196424729e+00 4.511777034196424729e+00
5.200000000000000000e+01 4.538793090327897239e+00 4.538793090327897239e+00 4.538793090327897239e+00 4.538793090327897239e+00
5.300000000000000000e+01 4.671938021337319391e+00 4.671938021337319391e+00 4.671938021337319391e+00 4.671938021337319391e+00
5.400000000000000000e+01 5.015042041027458986e+00 5.015042041027458986e+00 5.015042041027458986e+00 5.015042041027458986e+00
5.500000000000000000e+01 5.453130140332031139e+00 5.453130140332031139e+00 5.453130140332031139e+00 5.453130140332031139e+00
5.600000000000000000e+01 5.003461442739085996e+00 5.003461442739085996e+00 5.003461442739085996e+00 5.003461442739085996e+00
5.700000000000000000e+01 5.941867344729694800e+00 5.941867344729694800e+00 5.941867344729694800e+00 5.941867344729694800e+00
5.800000000000000000e+01 7.096341487806930637e+00 7.096341487806930637e+00 7.096341487806930637e+00 7.096341487806930637e+00
5.900000000000000000e+01 6.687852426754046675e+00 6.687852426754046675e+00 6.687852426754046675e+00 6.687852426754046675e+00
6.000000000000000000e+01 5.269496533811429906e+00 5.269496533811429906e+00 5.269496533811429906e+00 5.269496533811429906e+00
6.100000000000000000e+01 7.754631179286001874e+00 7.754631179286001874e+00 7.754631179286001874e+00 7.754631179286001874e+00
6.200000000000000000e+01 9.487833567687728120e+00 9.487833567687728120e+00 9.487833567687728120e+00 9.487833567687728120e+00
6.300000000000000000e+01 8.630314554565254426e+00 8.630314554565254426e+00 8.630314554565254426e+00 8.630314554565254426e+00
6.400000000000000000e+01 1.732352411088260169e+01 1.732352411088260169e+01 1.732352411088260169e+01 1.732352411088260169e+01
6.500000000000000000e+01 4.544517738326385725e+00 4.544517738326385725e+00 4.544517738326385725e+00 4.544517738326385725e+00
6.600000000000000000e+01 1.951858811754618284e+00 1.951858811754618284e+00 1.951858811754618284e+00 1.951858811754618284e+00
6.700000000000000000e+01 6.786033229824887769e+00 6.786033229824887769e+00 6.786033229824887769e+00 6.786033229824887769e+00
6.800000000000000000e+01 1.451236799931528099e+00 1.451236799931528099e+00 1.451236799931528099e+00 1.451236799931528099e+00
6.900000000000000000e+01 3.328714797996067953e-01 3.328714797996067953e-01 3.328714797996067953e-01 3.328714797996067953e-01
7.000000000000000000e+01 5.834293292759186400e+00 5.834293292759186400e+00 5.834293292759186400e+00 5.834293292759186400e+00
7.100000000000000000e+01 6.215381600156398179e+00 6.215381600156398179e+00 6.215381600156398179e+00 6.215381600156398179e+00
7.200000000000000000e+01 6.703170427658846187e+00 6.703170427658846187e+00 6.703170427658846187e+00 6.703170427658846187e+00
7.300000000000000000e+01 6.240922608322430065e+00 6.240922608322430065e+00 6.240922608322430065e+00 6.240922608322430065e+00
7.400000000000000000e+01 5.407968687986456580e+00 5.407968687986456580e+00 5.407968687986456580e+00 5.407968687986456580e+00
7.500000000000000000e+01 5.907578684869838170e+00 5.907578684869838170e+00 5.907578684869838170e+00 5.907578684869838170e+00
7.600000000000000000e+01 5.505958299644803766e+00 5.505958299644803766e+00 5.505958299644803766e+00 5.505958299644803766e+00
7.700000000000000000e+01 5.624819975021090990e+00 5.624819975021090990e+00 5.624819975021090990e+00 5.624819975021090990e+00
7.800000000000000000e+01 5.965496063494123646e+00 5.965496063494123646e+00 5.965496063494123646e+00 5.965496063494123646e+00
7.900000000000000000e+01 5.616758192529250238e+00 5.616758192529250238e+00 5.616758192529250238e+00 5.616758192529250238e+00
8.000000000000000000e+01 6.420511813080058694e+00 6.420511813080058694e+00 6.420511813080058694e+00 6.420511813080058694e+00
8.100000000000000000e+01 6.532943293481299207e+00 6.532943293481299207e+00 6.532943293481299207e+00 6.532943293481299207e+00
8.200000000000000000e+01 5.866933719566312710e+00 5.866933719566312710e+00 5.866933719566312710e+00 5.866933719566312710e+00
8.300000000000000000e+01 6.901374812503504153e+00 6.901374812503504153e+00 6.901374812503504153e+00 6.901374812503504153e+00
8.400000000000000000e+01 6.577435655458607755e+00 6.577435655458607755e+00 6.577435655458607755e+00 6.577435655458607755e+00
8.500000000000000000e+01 6.332396203201563267e+00 6.332396203201563267e+00 6.332396203201563267e+00 6.332396203201563267e+00
8.600000000000000000e+01 6.387560018911430326e+00 6.387560018911430326e+00 6.387560018911430326e+00 6.387560018911430326e+00
8.700000000000000000e+01 5.628227717341332870e+00 5.628227717341332870e+00 5.628227717341332870e+00 5.628227717341332870e+00
8.800000000000000000e+01 5.481702724802040017e+00 5.481702724802040017e+00 5.481702724802040017e+00 5.481702724802040017e+00
8.900000000000000000e+01 5.353662547855822851e+00 5.353662547855822851e+00 5.353662547855822851e+00 5.353662547855822851e+00
9.000000000000000000e+01 5.161614289021041913e+00 5.161614289021041913e+00 5.161614289021041913e+00 5.161614289021041913e+00
9.100000000000000000e+01 5.255716186494811204e+00 5.255716186494811204e+00 5.255716186494811204e+00 5.255716186494811204e+00
9.200000000000000000e+01 5.251167617601838700e+00 5.251167617601838700e+00 5.251167617601838700e+00 5.251167617601838700e+00
9.300000000000000000e+01 4.915541963554040272e+00 4.915541963554040272e+00 4.915541963554040272e+00 4.915541963554040272e+00
9.400000000000000000e+01 4.681614406827353747e+00 4.681614406827353747e+00 4.681614406827353747e+00 4.681614406827353747e+00
9.500000000000000000e+01 4.593367451788191502e+00 4.593367451788191502e+00 4.593367451788191502e+00 4.593367451788191502e+00
9.600000000000000000e+01 4.523103973377740950e+00 4.523103973377740950e+00 4.523103973377740950e+00 4.523103973377740950e+00
9.700000000000000000e+01 4.335583776195183425e+00 4.335583776195183425e+00 4.335583776195183425e+00 4.335583776195183425e+00
9.800000000000000000e+01 4.332066577989944989e+00 4.332066577989944989e+00 4.332066577989944989e+00 4.332066577989944989e+00
