0.000000000000000000e+00 8.790909970827662789e-01 8.790909970827662789e-01 8.790909970827662789e-01 8.790909970827662789e-01
1.000000000000000000e+00 9.858531527869230926e-01 9.858531527869230926e-01 9.858531527869230926e-01 9.858531527869230926e-01
2.000000000000000000e+00 1.041679611606032063e+00 1.041679611606032063e+00 1.041679611606032063e+00 1.041679611606032063e+00
3.000000000000000000e+00 1.160950313279164980e+00 1.160950313279164980e+00 1.160950313279164980e+00 1.160950313279164980e+00
4.000000000000000000e+00 1.523431885816011633e+00 1.523431885816011633e+00 1.523431885816011633e+00 1.523431885816011633e+00
5.000000000000000000e+00 1.636113262172742999e+00 1.636113262172742999e+00 1.636113262172742999e+00 1.636113262172742999e+00
6.000000000000000000e+00 1.504941503364542799e+00 1.504941503364542799e+00 1.504941503364542799e+00 1.504941503364542799e+00
7.000000000000000000e+00 1.282364635195699432e+00 1.282364635195699432e+00 1.282364635195699432e+00 1.282364635195699432e+00
8.000000000000000000e+00 1.530565988308591807e+00 1.530565988308591807e+00 1.530565988308591807e+00 1.530565988308591807e+00
9.000000000000000000e+00 1.152888014560901064e+00 1.152888014560901064e+00 1.152888014560901064e+00 1.152888014560901064e+00
1.000000000000000000e+01 1.047690319247768675e+00 1.047690319247768675e+00 1.047690319247768675e+00 1.047690319247768675e+00
1.100000000000000000e+01 1.432700359156797720e+00 1.432700359156797720e+00 1.432700359156797720e+00 1.432700359156797720e+00
1.200000000000000000e+01 2.268078054676905708e+00 2.268078054676905708e+00 2.268078054676905708e+00 2.268078054676905708e+00
1.300000000000000000e+01 1.223559906082031912e+00 1.223559906082031912e+00 1.223559906082031912e+00 1.223559906082031912e+00
1.400000000000000000e+01 1.731557830425973998e+00 1.731557830425973998e+00 1.731557830425973998e+00 1.731557830425973998e+00
1.500000000000000000e+01 2.191529113925500649e+00 2.191529113925500649e+00 2.191529113925500649e+00 2.191529113925500649e+00
1.600000000000000000e+01 1.889964829584975137e+00 1.889964829584975137e+00 1.889964829584975137e+00 1.889964829584975137e+00
1.700000000000000000e+01 2.555178355822885994e+00 2.555178355822885994e+00 2.555178355822885994e+00 2.555178355822885994e+00
1.800000000000000000e+01 2.882370731922272444e+00 2.882370731922272444e+00 2.882370731922272444e+00 2.882370731922272444e+00
1.900000000000000000e+01 2.439724822239943247e+00 2.439724822239943247e+00 2.439724822239943247e+00 2.439724822239943247e+00
2.000000000000000000e+01 2.181342690857033251e+00 2.181342690857033251e+00 2.181342690857033251e+00 2.181342690857033251e+00
2.100000000000000000e+01 1.687092777731089566e+00 1.687092777731089566e+00 1.687092777731089566e+00 1.687092777731089566e+00
2.200000000000000000e+01 2.472922122701898040e+00 2.472922122701898040e+00 2.472922122701898040e+00 2.472922122701898040e+00
2.300000000000000000e+01 2.826827167997073786e+00 2.826827167997073786e+00 2.826827167997073786e+00 2.826827167997073786e+00
2.400000000000000000e+01 2.361263653506370463e+00 2.361263653506370463e+00 2.361263653506370463e+00 2.361263653506370463e+00
2.500000000000000000e+01 3.118187212394705199e+00 3.118187212394705199e+00 3.118187212394705199e+00 3.118187212394705199e+00
2.600000000000000000e+01 3.925588668593216202e+00 3.925588668593216202e+00 3.925588668593216202e+00 3.925588668593216202e+00
2.700000000000000000e+01 3.455160759125034620e+00 3.455160759125034620e+00 3.455160759125034620e+00 3.455160759125034620e+00
2.800000000000000000e+01 3.944686107019973242e+00 3.944686107019973242e+00 3.944686107019973242e+00 3.944686107019973242e+00
2.900000000000000000e+01 2.934719990704507619e+00 2.934719990704507619e+00 2.934719990704507619e+00 2.934719990704507619e+00
3.000000000000000000e+01 2.736610974364160676e+00 2.736610974364160676e+00 2.736610974364160676e+00 2.736610974364160676e+00
3.100000000000000000e+01 2.685163123440354571e+00 2.685163123440354571e+00 2.685163123440354571e+00 2.685163123440354571e+00
3.200000000000000000e+01 2.959579404327054242e+00 2.959579404327054242e+00 2.959579404327054242e+00 2.959579404327054242e+00
3.300000000000000000e+01 2.658334469663070632e+00 2.658334469663070632e+00 2.658334469663070632e+00 2.658334469663070632e+00
3.400000000000000000e+01 2.980127536471419258e+00 2.980127536471419258e+00 2.980127536471419258e+00 2.980127536471419258e+00
3.500000000000000000e+01 3.439832630850479411e+00 3.439832630850479411e+00 3.439832630850479411e+00 3.439832630850479411e+00
3.600000000000000000e+01 3.260633692085745938e+00 3.260633692085745938e+00 3.260633692085745938e+00 3.260633692085745938e+00
3.700000000000000000e+01 3.167172999245136289e+00 3.167172999245136289e+00 3.167172999245136289e+00 3.167172999245136289e+00
3.800000000000000000e+01 2.279916405183476158e+00 2.279916405183476158e+00 2.279916405183476158e+00 2.279916405183476158e+00
3.900000000000000000e+01 2.212977805730723446e+00 2.212977805730723446e+00 2.212977805730723446e+00 2.212977805730723446e+00
4.000000000000000000e+01 2.107387983621062943e+00 2.107387983621062943e+00 2.107387983621062943e+00 2.107387983621062943e+00
4.100000000000000000e+01 2.620471915309343647e+00 2.620471915309343647e+00 2.620471915309343647e+00 2.620471915309343647e+00
4.200000000000000000e+01 2.780502342693656814e+00 2.780502342693656814e+00 2.780502342693656814e+00 2.780502342693656814e+00
4.300000000000000000e+01 3.252388648741189048e+00 3.252388648741189048e+00 3.252388648741189048e+00 3.252388648741189048e+00
4.400000000000000000e+01 3.525792845807393938e+00 3.525792845807393938e+00 3.525792845807393938e+00 3.525792845807393938e+00
4.500000000000000000e+01 3.706961465727576233e+00 3.706961465727576233e+00 3.706961465727576233e+00 3.706961465727576233e+00
4.600000000000000000e+01 4.484362725253220106e+00 4.484362725253220106e+00 4.484362725253220106e+00 4.484362725253220106e+00
4.700000000000000000e+01 3.035470494097355143e+00 3.035470494097355143e+00 3.035470494097355143e+00 3.035470494097355143e+00
4.800000000000000000e+01 3.266758920927691712e+00 3.266758920927691712e+00 3.266758920927691712e+00 3.266758920927691712e+00
4.900000000000000000e+01 2.625865911758096694e+00 2.625865911758096694e+00 2.625865911758096694e+00 2.625865911758096694e+00
5.000000000000000000e+01 1.772874229236965693e+00 1.772874229236965693e+00 1.772874229236965693e+00 1.772874229236965693e+00
5.100000000000000000e+01 3.511695514721521416e+00 3.511695514721521416e+00 3.511695514721521416e+00 3.511695514721521416e+00
5.200000000000000000e+01 3.624714596557026880e+00 3.624714596557026880e+00 3.624714596557026880e+00 3.624714596557026880e+00
5.300000000000000000e+01 4.291723688475490128e+00 4.291723688475490128e+00 4.291723688475490128e+00 4.291723688475490128e+00
5.400000000000000000e+01 4.282143798002995716e+00 4.282143798002995716e+00 4.282143798002995716e+00 4.282143798002995716e+00
5.500000000000000000e+01 4.054387486624610126e+00 4.054387486624610126e+00 4.054387486624610126e+00 4.054387486624610126e+00
5.600000000000000000e+01 4.166554537258984503e+00 4.166554537258984503e+00 4.166554537258984503e+00 4.166554537258984503e+00
5.700000000000000000e+01 3.626604980813266987e+00 3.626604980813266987e+00 3.626604980813266987e+00 3.626604980813266987e+00
5.800000000000000000e+01 3.831301307314228577e+00 3.831301307314228577e+00 3.831301307314228577e+00 3.831301307314228577e+00
5.900000000000000000e+01 3.348964726678408166e+00 3.348964726678408166e+00 3.348964726678408166e+00 3.348964726678408166e+00
6.000000000000000000e+01 4.069224711329480826e+00 4.069224711329480826e+00 4.069224711329480826e+00 4.069224711329480826e+00
6.100000000000000000e+01 4.362566202397179183e+00 4.362566202397179183e+00 4.362566202397179183e+00 4.362566202397179183e+00
6.200000000000000000e+01 4.285336062032853555e+00 4.285336062032853555e+00 4.285336062032853555e+00 4.285336062032853555e+00
6.300000000000000000e+01 4.850026509057530966e+00 4.850026509057530966e+00 4.850026509057530966e+00 4.850026509057530966e+00
6.400000000000000000e+01 4.820295959232885785e+00 4.820295959232885785e+00 4.820295959232885785e+00 4.820295959232885785e+00
6.500000000000000000e+01 5.342049413473581865e+00 5.342049413473581865e+00 5.342049413473581865e+00 5.342049413473581865e+00
6.600000000000000000e+01 4.371724087763394273e+00 4.371724087763394273e+00 4.371724087763394273e+00 4.371724087763394273e+00
6.700000000000000000e+01 5.010790096090651957e+00 5.010790096090651957e+00 5.010790096090651957e+00 5.010790096090651957e+00
6.800000000000000000e+01 4.466468362954157278e+00 4.466468362954157278e+00 4.466468362954157278e+00 4.466468362954157278e+00
6.900000000000000000e+01 5.092954163584211713e+00 5.092954163584211713e+00 5.092954163584211713e+00 5.092954163584211713e+00
7.000000000000000000e+01 5.184023209807684829e+00 5.184023209807684829e+00 5.184023209807684829e+00 5.184023209807684829e+00
7.100000000000000000e+01 5.375786283531184040e+00 5.375786283531184040e+00 5.375786283531184040e+00 5.375786283531184040e+00
7.200000000000000000e+01 5.576244186355443055e+00 5.576244186355443055e+00 5.576244186355443055e+00 5.576244186355443055e+00
7.300000000000000000e+01 6.160143133283934702e+00 6.160143133283934702e+00 6.160143133283934702e+00 6.160143133283934702e+00
7.400000000000000000e+01 5.516474586380117451e+00 5.516474586380117451e+00 5.516474586380117451e+00 5.516474586380117451e+00
7.500000000000000000e+01 5.578501027074688423e+00 5.578501027074688423e+00 5.578501027074688423e+00 5.578501027074688423e+00
7.600000000000000000e+01 4.767156540755481231e+00 4.767156540755481231e+00 4.767156540755481231e+00 4.767156540755481231e+00
7.700000000000000000e+01 4.088906634092117187e+00 4.088906634092117187e+00 4.088906634092117187e+00 4.088906634092117187e+00
7.800000000000000000e+01 3.807076981194545517e+00 3.807076981194545517e+00 3.807076981194545517e+00 3.807076981194545517e+00
7.900000000000000000e+01 4.107137688345476434e+00 4.107137688345476434e+00 4.107137688345476434e+00 4.107137688345476434e+00
8.000000000000000000e+01 3.997666376504594776e+00 3.997666376504594776e+00 3.997666376504594776e+00 3.997666376504594776e+00
8.100000000000000000e+01 3.780318608756656928e+00 3.780318608756656928e+00 3.780318608756656928e+00 3.780318608756656928e+00
8.200000000000000000e+01 4.496069500785221607e+00 4.496069500785221607e+00 4.496069500785221607e+00 4.496069500785221607e+00
8.300000000000000000e+01 4.446199783120246884e+00 4.446199783120246884e+00 4.446199783120246884e+00 4.446199783120246884e+00
8.400000000000000000e+01 4.779180590282057217e+00 4.779180590282057217e+00 4.779180590282057217e+00 4.779180590282057217e+00
8.500000000000000000e+01 4.515464745887113551e+00 4.515464745887113551e+00 4.515464745887113551e+00 4.515464745887113551e+00
8.600000000000000000e+01 4.215184638065304412e+00 4.215184638065304412e+00 4.215184638065304412e+00 4.215184638065304412e+00
8.700000000000000000e+01 4.154078892643396692e+00 4.154078892643396692e+00 4.154078892643396692e+00 4.154078892643396692e+00
8.800000000000000000e+01 3.823852281004566755e+00 3.823852281004566755e+00 3.823852281004566755e+00 3.823852281004566755e+00
8.900000000000000000e+01 4.232157761476392999e+00 4.232157761476392999e+00 4.232157761476392999e+00 4.232157761476392999e+00
9.000000000000000000e+01 4.468534615192819359e+00 4.468534615192819359e+00 4.468534615192819359e+00 4.468534615192819359e+00
9.100000000000000000e+01 4.428730378020085290e+00 4.428730378020085290e+00 4.428730378020085290e+00 4.428730378020085290e+00
9.200000000000000000e+01 4.319026031958943967e+00 4.319026031958943967e+00 4.319026031958943967e+00 4.319026031958943967e+00
9.300000000000000000e+01 4.627725502782492839e+00 4.627725502782492839e+00 4.627725502782492839e+00 4.627725502782492839e+00
9.400000000000000000e+01 4.362293594535138652e+00 4.362293594535138652e+00 4.362293594535138652e+00 4.362293594535138652e+00
9.500000000000000000e+01 3.620571529782997455e+00 3.620571529782997455e+00 3.620571529782997455e+00 3.620571529782997455e+00
9.600000000000000000e+01 3.191549457554305746e+00 3.191549457554305746e+00 3.191549457554305746e+00 3.191549457554305746e+00
9.700000000000000000e+01 3.461559809923619557e+00 3.461559809923619557e+00 3.461559809923619557e+00 3.461559809923619557e+00
9.800000000000000000e+01 2.961596384734221044e+00 2.961596384734221044e+00 2.961596384734221044e+00 2.961596384734221044e+00
9.900000000000000000e+01 3.475616544361316951e+00 3.475616544361316951e+00 3.475616544361316951e+00 3.475616544361316951e+00
