0.000000000000000000e+00 -4.180226942411790492e-01 -4.180226942411790492e-01 -4.180226942411790492e-01 -4.180226942411790492e-01
1.000000000000000000e+00 3.132244763651558794e-01 3.132244763651558794e-01 3.132244763651558794e-01 3.132244763651558794e-01
2.000000000000000000e+00 1.030360418001438766e-01 1.030360418001438766e-01 1.030360418001438766e-01 1.030360418001438766e-01
3.000000000000000000e+00 2.367196152286290267e-01 2.367196152286290267e-01 2.367196152286290267e-01 2.367196152286290267e-01
4.000000000000000000e+00 3.464684308218126674e-01 3.464684308218126674e-01 3.464684308218126674e-01 3.464684308218126674e-01
5.000000000000000000e+00 4.967008741046114451e-01 4.967008741046114451e-01 4.967008741046114451e-01 4.967008741046114451e-01
6.000000000000000000e+00 5.522984512689492753e-01 5.522984512689492753e-01 5.522984512689492753e-01 5.522984512689492753e-01
7.000000000000000000e+00 7.201334878864961153e-01 7.201334878864961153e-01 7.201334878864961153e-01 7.201334878864961153e-01
8.000000000000000000e+00 8.786652251368524125e-01 8.786652251368524125e-01 8.786652251368524125e-01 8.786652251368524125e-01
9.000000000000000000e+00 8.621511820761897926e-01 8.621511820761897926e-01 8.621511820761897926e-01 8.621511820761897926e-01
1.000000000000000000e+01 9.518842255295408838e-01 9.518842255295408838e-01 9.518842255295408838e-01 9.518842255295408838e-01
1.100000000000000000e+01 1.028746870708604488e+00 1.028746870708604488e+00 1.028746870708604488e+00 1.028746870708604488e+00
1.200000000000000000e+01 1.131370448199785717e+00 1.131370448199785717e+00 1.131370448199785717e+00 1.131370448199785717e+00
1.300000000000000000e+01 1.248732208398194654e+00 1.248732208398194654e+00 1.248732208398194654e+00 1.248732208398194654e+00
1.400000000000000000e+01 1.338404627495616506e+00 1.338404627495616506e+00 1.338404627495616506e+00 1.338404627495616506e+00
1.500000000000000000e+01 1.318200172583928964e+00 1.318200172583928964e+00 1.318200172583928964e+00 1.318200172583928964e+00
1.600000000000000000e+01 1.367814825843105098e+00 1.367814825843105098e+00 1.367814825843105098e+00 1.367814825843105098e+00
1.700000000000000000e+01 1.401183321611073174e+00 1.401183321611073174e+00 1.401183321611073174e+00 1.401183321611073174e+00
1.800000000000000000e+01 1.425496588791116181e+00 1.425496588791116181e+00 1.425496588791116181e+00 1.425496588791116181e+00
1.900000000000000000e+01 1.439564008648111182e+00 1.439564008648111182e+00 1.439564008648111182e+00 1.439564008648111182e+00
2.000000000000000000e+01 1.522076219752372950e+00 1.522076219752372950e+00 1.522076219752372950e+00 1.522076219752372950e+00
2.100000000000000000e+01 1.580270389322464775e+00 1.580270389322464775e+00 1.580270389322464775e+00 1.580270389322464775e+00
2.200000000000000000e+01 1.631754629396166445e+00 1.631754629396166445e+00 1.631754629396166445e+00 1.631754629396166445e+00
2.300000000000000000e+01 1.754298712119932047e+00 1.754298712119932047e+00 1.754298712119932047e+00 1.754298712119932047e+00
2.400000000000000000e+01 1.744957120482137691e+00 1.744957120482137691e+00 1.744957120482137691e+00 1.744957120482137691e+00
2.500000000000000000e+01 1.951046874858815672e+00 1.951046874858815672e+00 1.951046874858815672e+00 1.951046874858815672e+00
2.600000000000000000e+01 2.025518984897865415e+00 2.025518984897865415e+00 2.025518984897865415e+00 2.025518984897865415e+00
2.700000000000000000e+01 2.211379772807380295e+00 2.211379772807380295e+00 2.211379772807380295e+00 2.211379772807380295e+00
2.800000000000000000e+01 2.438535232937673047e+00 2.438535232937673047e+00 2.438535232937673047e+00 2.438535232937673047e+00
2.900000000000000000e+01 2.452591304842375308e+00 2.452591304842375308e+00 2.452591304842375308e+00 2.452591304842375308e+00
3.000000000000000000e+01 2.467637369531017200e+00 2.467637369531017200e+00 2.467637369531017200e+00 2.467637369531017200e+00
3.100000000000000000e+01 2.628566433924820256e+00 2.628566433924820256e+00 2.628566433924820256e+00 2.628566433924820256e+00
3.200000000000000000e+01 2.526226224164956680e+00 2.526226224164956680e+00 2.526226224164956680e+00 2.526226224164956680e+00
3.300000000000000000e+01 2.514644951760105496e+00 2.514644951760105496e+00 2.514644951760105496e+00 2.514644951760105496e+00
3.400000000000000000e+01 2.629012770135017885e+00 2.629012770135017885e+00 2.629012770135017885e+00 2.629012770135017885e+00
3.500000000000000000e+01 2.500939495097086240e+00 2.500939495097086240e+00 2.500939495097086240e+00 2.500939495097086240e+00
3.600000000000000000e+01 2.649202598359252647e+00 2.649202598359252647e+00 2.649202598359252647e+00 2.649202598359252647e+00
3.700000000000000000e+01 2.517575768750577758e+00 2.517575768750577758e+00 2.517575768750577758e+00 2.517575768750577758e+00
3.800000000000000000e+01 2.543425238286168177e+00 2.543425238286168177e+00 2.543425238286168177e+00 2.543425238286168177e+00
3.900000000000000000e+01 2.494987413117013553e+00 2.494987413117013553e+00 2.494987413117013553e+00 2.494987413117013553e+00
4.000000000000000000e+01 2.578846385569248056e+00 2.578846385569248056e+00 2.578846385569248056e+00 2.578846385569248056e+00
4.100000000000000000e+01 2.515101421645346669e+00 2.515101421645346669e+00 2.515101421645346669e+00 2.515101421645346669e+00
4.200000000000000000e+01 2.659091663436349506e+00 2.659091663436349506e+00 2.659091663436349506e+00 2.659091663436349506e+00
4.300000000000000000e+01 2.779070597470878479e+00 2.779070597470878479e+00 2.779070597470878479e+00 2.779070597470878479e+00
4.400000000000000000e+01 2.823472266208022052e+00 2.823472266208022052e+00 2.823472266208022052e+00 2.823472266208022052e+00
4.500000000000000000e+01 2.926814736391135430e+00 2.926814736391135430e+00 2.926814736391135430e+00 2.926814736391135430e+00
4.600000000000000000e+01 2.946362564586325838e+00 2.946362564586325838e+00 2.946362564586325838e+00 2.946362564586325838e+00
4.700000000000000000e+01 3.017290977230236315e+00 3.017290977230236315e+00 3.017290977230236315e+00 3.017290977230236315e+00
4.800000000000000000e+01 3.107539035135868932e+00 3.107539035135868932e+00 3.107539035135868932e+00 3.107539035135868932e+00
4.900000000000000000e+01 3.038261504343082731e+00 3.038261504343082731e+00 3.038261504343082731e+00 3.038261504343082731e+00
5.000000000000000000e+01 3.278722293400388121e+00 3.278722293400388121e+00 3.278722293400388121e+00 3.278722293400388121e+00
5.100000000000000000e+01 3.193575751879538682e+00 3.193575751879538682e+00 3.193575751879538682e+00 3.193575751879538682e+00
5.200000000000000000e+01 3.518842278469785700e+00 3.518842278469785700e+00 3.518842278469785700e+00 3.518842278469785700e+00
5.300000000000000000e+01 3.536845893209572989e+00 3.536845893209572989e+00 3.536845893209572989e+00 3.536845893209572989e+00
5.400000000000000000e+01 3.617576398591924924e+00 3.617576398591924924e+00 3.617576398591924924e+00 3.617576398591924924e+00
5.500000000000000000e+01 3.384533629485640294e+00 3.384533629485640294e+00 3.384533629485640294e+00 3.384533629485640294e+00
5.600000000000000000e+01 3.350179020805553520e+00 3.350179020805553520e+00 3.350179020805553520e+00 3.350179020805553520e+00
5.700000000000000000e+01 2.825565618701132653e+00 2.825565618701132653e+00 2.825565618701132653e+00 2.825565618701132653e+00
5.800000000000000000e+01 2.858156570692921949e+00 2.858156570692921949e+00 2.858156570692921949e+00 2.858156570692921949e+00
5.900000000000000000e+01 2.988881101762776105e+00 2.988881101762776105e+00 2.988881101762776105e+00 2.988881101762776105e+00
6.000000000000000000e+01 2.944261370312314607e+00 2.944261370312314607e+00 2.944261370312314607e+00 2.944261370312314607e+00
6.100000000000000000e+01 3.158323452835489764e+00 3.158323452835489764e+00 3.158323452835489764e+00 3.158323452835489764e+00
6.200000000000000000e+01 3.208799843249183770e+00 3.208799843249183770e+00 3.208799843249183770e+00 3.208799843249183770e+00
6.300000000000000000e+01 3.558337519696165963e+00 3.558337519696165963e+00 3.558337519696165963e+00 3.558337519696165963e+00
6.400000000000000000e+01 3.371745415631307807e+00 3.371745415631307807e+00 3.371745415631307807e+00 3.371745415631307807e+00
6.500000000000000000e+01 3.635042266227925367e+00 3.635042266227925367e+00 3.635042266227925367e+00 3.635042266227925367e+00
6.600000000000000000e+01 3.587719101655770348e+00 3.587719101655770348e+00 3.587719101655770348e+00 3.587719101655770348e+00
6.700000000000000000e+01 3.567361169308890023e+00 3.567361169308890023e+00 3.567361169308890023e+00 3.567361169308890023e+00
6.800000000000000000e+01 3.463832477420322853e+00 3.463832477420322853e+00 3.463832477420322853e+00 3.463832477420322853e+00
6.900000000000000000e+01 3.595247290631998549e+00 3.595247290631998549e+00 3.595247290631998549e+00 3.595247290631998549e+00
7.000000000000000000e+01 3.582459594732510411e+00 3.582459594732510411e+00 3.582459594732510411e+00 3.582459594732510411e+00
7.100000000000000000e+01 3.600884428668537307e+00 3.600884428668537307e+00 3.600884428668537307e+00 3.600884428668537307e+00
7.200000000000000000e+01 3.622644486929549767e+00 3.622644486929549767e+00 3.622644486929549767e+00 3.622644486929549767e+00
7.300000000000000000e+01 3.688991399924557602e+00 3.688991399924557602e+00 3.688991399924557602e+00 3.688991399924557602e+00
7.400000000000000000e+01 3.513782461514392885e+00 3.513782461514392885e+00 3.513782461514392885e+00 3.513782461514392885e+00
7.500000000000000000e+01 3.512304581656486402e+00 3.512304581656486402e+00 3.512304581656486402e+00 3.512304581656486402e+00
7.600000000000000000e+01 3.278297643272436890e+00 3.278297643272436890e+00 3.278297643272436890e+00 3.278297643272436890e+00
7.700000000000000000e+01 3.273079172590415808e+00 3.273079172590415808e+00 3.273079172590415808e+00 3.273079172590415808e+00
7.800000000000000000e+01 2.965724617483304293e+00 2.965724617483304293e+00 2.965724617483304293e+00 2.965724617483304293e+00
7.900000000000000000e+01 2.891634802233995494e+00 2.891634802233995494e+00 2.891634802233995494e+00 2.891634802233995494e+00
8.000000000000000000e+01 2.877217089462455135e+00 2.877217089462455135e+00 2.877217089462455135e+00 2.877217089462455135e+00
8.100000000000000000e+01 2.813368893149240879e+00 2.813368893149240879e+00 2.813368893149240879e+00 2.813368893149240879e+00
8.200000000000000000e+01 2.734078069573735004e+00 2.734078069573735004e+00 2.734078069573735004e+00 2.734078069573735004e+00
8.300000000000000000e+01 2.792169638549912847e+00 2.792169638549912847e+00 2.792169638549912847e+00 2.792169638549912847e+00
8.400000000000000000e+01 2.660725319683009182e+00 2.660725319683009182e+00 2.660725319683009182e+00 2.660725319683009182e+00
8.500000000000000000e+01 2.711339796825112280e+00 2.711339796825112280e+00 2.711339796825112280e+00 2.711339796825112280e+00
8.600000000000000000e+01 2.383586934406694890e+00 2.383586934406694890e+00 2.383586934406694890e+00 2.383586934406694890e+00
8.700000000000000000e+01 2.484208920587067215e+00 2.484208920587067215e+00 2.484208920587067215e+00 2.484208920587067215e+00
8.800000000000000000e+01 2.294486886773682510e+00 2.294486886773682510e+00 2.294486886773682510e+00 2.294486886773682510e+00
8.900000000000000000e+01 2.325878896670526164e+00 2.325878896670526164e+00 2.325878896670526164e+00 2.325878896670526164e+00
9.000000000000000000e+01 2.446384109804565110e+00 2.446384109804565110e+00 2.446384109804565110e+00 2.446384109804565110e+00
9.100000000000000000e+01 2.523185962851059561e+00 2.523185962851059561e+00 2.523185962851059561e+00 2.523185962851059561e+00
9.200000000000000000e+01 2.634108072517660659e+00 2.634108072517660659e+00 2.634108072517660659e+00 2.634108072517660659e+00
9.300000000000000000e+01 2.735926395608628159e+00 2.735926395608628159e+00 2.735926395608628159e+00 2.735926395608628159e+00
9.400000000000000000e+01 2.474890391935091749e+00 2.474890391935091749e+00 2.474890391935091749e+00 2.474890391935091749e+00
9.500000000000000000e+01 2.520120400685940787e+00 2.520120400685940787e+00 2.520120400685940787e+00 2.520120400685940787e+00
9.600000000000000000e+01 2.238198869816798275e+00 2.238198869816798275e+00 2.238198869816798275e+00 2.238198869816798275e+00
9.700000000000000000e+01 1.996219410149428164e+00 1.996219410149428164e+00 1.996219410149428164e+00 1.996219410149428164e+00
9.800000000000000000e+01 1.922886379590537098e+00 1.922886379590537098e+00 1.922886379590537098e+00 1.922886379590537098e+00
9.900000000000000000e+01 1.714122217366538026e+00 1.714122217366538026e+00 1.714122217366538026e+00 1.714122217366538026e+00
