0.000000000000000000e+00 4.002508879330057390e+00 4.002508879330057390e+00 4.002508879330057390e+00 4.002508879330057390e+00
1.000000000000000000e+00 6.640191420036646974e+00 6.640191420036646974e+00 6.640191420036646974e+00 6.640191420036646974e+00
2.000000000000000000e+00 4.274491160596215700e+00 4.274491160596215700e+00 4.274491160596215700e+00 4.274491160596215700e+00
3.000000000000000000e+00 1.632967517691435777e+00 1.632967517691435777e+00 1.632967517691435777e+00 1.632967517691435777e+00
4.000000000000000000e+00 1.193897512503476310e+00 1.193897512503476310e+00 1.193897512503476310e+00 1.193897512503476310e+00
5.000000000000000000e+00 -3.669091056700363729e-01 -3.669091056700363729e-01 -3.669091056700363729e-01 -3.669091056700363729e-01
6.000000000000000000e+00 -1.895275259985219174e+00 -1.895275259985219174e+00 -1.895275259985219174e+00 -1.895275259985219174e+00
7.000000000000000000e+00 1.163864233609239740e+00 1.163864233609239740e+00 1.163864233609239740e+00 1.163864233609239740e+00
8.000000000000000000e+00 -5.471412284375326562e-02 -5.471412284375326562e-02 -5.471412284375326562e-02 -5.471412284375326562e-02
9.000000000000000000e+00 -1.620437578541699342e+00 -1.620437578541699342e+00 -1.620437578541699342e+00 -1.620437578541699342e+00
1.000000000000000000e+01 9.937473983587431503e-01 9.937473983587431503e-01 9.937473983587431503e-01 9.937473983587431503e-01
1.100000000000000000e+01 -9.605748947705206042e-01 -9.605748947705206042e-01 -9.605748947705206042e-01 -9.605748947705206042e-01
1.200000000000000000e+01 -1.298601599016153130e-01 -1.298601599016153130e-01 -1.298601599016153130e-01 -1.298601599016153130e-01
1.300000000000000000e+01 8.520367869104698011e-01 8.520367869104698011e-01 8.520367869104698011e-01 8.520367869104698011e-01
1.400000000000000000e+01 -1.035202755209912562e+00 -1.035202755209912562e+00 -1.035202755209912562e+00 -1.035202755209912562e+00
1.500000000000000000e+01 6.485544315800371162e-01 6.485544315800371162e-01 6.485544315800371162e-01 6.485544315800371162e-01
1.600000000000000000e+01 -1.130924275098713488e-01 -1.130924275098713488e-01 -1.130924275098713488e-01 -1.130924275098713488e-01
1.700000000000000000e+01 1.628655099644881754e-01 1.628655099644881754e-01 1.628655099644881754e-01 1.628655099644881754e-01
1.800000000000000000e+01 8.988325646651463829e-01 8.988325646651463829e-01 8.988325646651463829e-01 8.988325646651463829e-01
1.900000000000000000e+01 -3.888555632399836592e-01 -3.888555632399836592e-01 -3.888555632399836592e-01 -3.888555632399836592e-01
2.000000000000000000e+01 -4.960635624230847474e-01 -4.960635624230847474e-01 -4.960635624230847474e-01 -4.960635624230847474e-01
2.100000000000000000e+01 -2.741863551543430866e+00 -2.741863551543430866e+00 -2.741863551543430866e+00 -2.741863551543430866e+00
2.200000000000000000e+01 6.263752225718068056e-02 6.263752225718068056e-02 6.263752225718068056e-02 6.263752225718068056e-02
2.300000000000000000e+01 -5.213625094601069820e-01 -5.213625094601069820e-01 -5.213625094601069820e-01 -5.213625094601069820e-01
2.400000000000000000e+01 1.868421326394715143e+00 1.868421326394715143e+00 1.868421326394715143e+00 1.868421326394715143e+00
2.500000000000000000e+01 1.677346203967232441e+00 1.677346203967232441e+00 1.677346203967232441e+00 1.677346203967232441e+00
2.600000000000000000e+01 1.844804363820193638e+00 1.844804363820193638e+00 1.844804363820193638e+00 1.844804363820193638e+00
2.700000000000000000e+01 2.776763415102165289e-01 2.776763415102165289e-01 2.776763415102165289e-01 2.776763415102165289e-01
2.800000000000000000e+01 -1.744637686948742106e+00 -1.744637686948742106e+00 -1.744637686948742106e+00 -1.744637686948742106e+00
2.900000000000000000e+01 1.098812837816414145e+00 1.098812837816414145e+00 1.098812837816414145e+00 1.098812837816414145e+00
3.000000000000000000e+01 4.685788504093776896e-01 4.685788504093776896e-01 4.685788504093776896e-01 4.685788504093776896e-01
3.100000000000000000e+01 -3.141160707441821742e+00 -3.141160707441821742e+00 -3.141160707441821742e+00 -3.141160707441821742e+00
3.200000000000000000e+01 -5.203243797373711566e+00 -5.203243797373711566e+00 -5.203243797373711566e+00 -5.203243797373711566e+00
3.300000000000000000e+01 -6.877403964114841450e+00 -6.877403964114841450e+00 -6.877403964114841450e+00 -6.877403964114841450e+00
3.400000000000000000e+01 9.894696888552008407e-02 9.894696888552008407e-02 9.894696888552008407e-02 9.894696888552008407e-02
3.500000000000000000e+01 7.728671796373906666e+00 7.728671796373906666e+00 7.728671796373906666e+00 7.728671796373906666e+00
3.600000000000000000e+01 4.949664505587443308e+00 4.949664505587443308e+00 4.949664505587443308e+00 4.949664505587443308e+00
3.700000000000000000e+01 -1.145462238401063315e+00 -1.145462238401063315e+00 -1.145462238401063315e+00 -1.145462238401063315e+00
3.800000000000000000e+01 -3.365099234729850952e+00 -3.365099234729850952e+00 -3.365099234729850952e+00 -3.365099234729850952e+00
3.900000000000000000e+01 8.993961412866920968e-01 8.993961412866920968e-01 8.993961412866920968e-01 8.993961412866920968e-01
4.000000000000000000e+01 7.526804655675444211e-01 7.526804655675444211e-01 7.526804655675444211e-01 7.526804655675444211e-01
4.100000000000000000e+01 1.076083274057342276e+00 1.076083274057342276e+00 1.076083274057342276e+00 1.076083274057342276e+00
4.200000000000000000e+01 1.826844861934844522e+00 1.826844861934844522e+00 1.826844861934844522e+00 1.826844861934844522e+00
4.300000000000000000e+01 6.667663782490822477e-01 6.667663782490822477e-01 6.667663782490822477e-01 6.667663782490822477e-01
4.400000000000000000e+01 1.689711422739542668e+00 1.689711422739542668e+00 1.689711422739542668e+00 1.689711422739542668e+00
4.500000000000000000e+01 1.744909062756339280e+00 1.744909062756339280e+00 1.744909062756339280e+00 1.744909062756339280e+00
4.600000000000000000e+01 4.575983657731130250e-01 4.575983657731130250e-01 4.575983657731130250e-01 4.575983657731130250e-01
4.700000000000000000e+01 4.889901493660202547e-01 4.889901493660202547e-01 4.889901493660202547e-01 4.889901493660202547e-01
4.800000000000000000e+01 -2.343127041059764437e+00 -2.343127041059764437e+00 -2.343127041059764437e+00 -2.343127041059764437e+00
4.900000000000000000e+01 -6.910544989789081383e-01 -6.910544989789081383e-01 -6.910544989789081383e-01 -6.910544989789081383e-01
5.000000000000000000e+01 -1.010858216862482006e+00 -1.010858216862482006e+00 -1.010858216862482006e+00 -1.010858216862482006e+00
5.100000000000000000e+01 2.020655559542245128e-01 2.020655559542245128e-01 2.020655559542245128e-01 2.020655559542245128e-01
5.200000000000000000e+01 -9.491356069116818617e-01 -9.491356069116818617e-01 -9.491356069116818617e-01 -9.491356069116818617e-01
5.300000000000000000e+01 -5.295341469586886118e-01 -5.295341469586886118e-01 -5.295341469586886118e-01 -5.295341469586886118e-01
5.400000000000000000e+01 5.589423739381174094e-01 5.589423739381174094e-01 5.589423739381174094e-01 5.589423739381174094e-01
5.500000000000000000e+01 -7.247446454230416224e-02 -7.247446454230416224e-02 -7.247446454230416224e-02 -7.247446454230416224e-02
5.600000000000000000e+01 1.462180407161197238e+00 1.462180407161197238e+00 1.462180407161197238e+00 1.462180407161197238e+00
5.700000000000000000e+01 -7.103011888344999969e-01 -7.103011888344999969e-01 -7.103011888344999969e-01 -7.103011888344999969e-01
5.800000000000000000e+01 -1.224829524495648192e+00 -1.224829524495648192e+00 -1.224829524495648192e+00 -1.224829524495648192e+00
5.900000000000000000e+01 -3.467332977386353710e-01 -3.467332977386353710e-01 -3.467332977386353710e-01 -3.467332977386353710e-01
6.000000000000000000e+01 3.737538772946107923e-01 3.737538772946107923e-01 3.737538772946107923e-01 3.737538772946107923e-01
6.100000000000000000e+01 1.248451057035076639e+00 1.248451057035076639e+00 1.248451057035076639e+00 1.248451057035076639e+00
6.200000000000000000e+01 1.831943854816592943e+00 1.831943854816592943e+00 1.831943854816592943e+00 1.831943854816592943e+00
6.300000000000000000e+01 -1.823083014694923509e+00 -1.823083014694923509e+00 -1.823083014694923509e+00 -1.823083014694923509e+00
6.400000000000000000e+01 1.237486404514654081e+00 1.237486404514654081e+00 1.237486404514654081e+00 1.237486404514654081e+00
6.500000000000000000e+01 -9.778605794823934660e-01 -9.778605794823934660e-01 -9.778605794823934660e-01 -9.778605794823934660e-01
6.600000000000000000e+01 -6.714902129938661590e-02 -6.714902129938661590e-02 -6.714902129938661590e-02 -6.714902129938661590e-02
6.700000000000000000e+01 1.971589111141053563e-01 1.971589111141053563e-01 1.971589111141053563e-01 1.971589111141053563e-01
6.800000000000000000e+01 -2.809677271823992628e-01 -2.809677271823992628e-01 -2.809677271823992628e-01 -2.809677271823992628e-01
6.900000000000000000e+01 -2.949492516469988113e-01 -2.949492516469988113e-01 -2.949492516469988113e-01 -2.949492516469988113e-01
7.000000000000000000e+01 7.355991557215939280e-02 7.355991557215939280e-02 7.355991557215939280e-02 7.355991557215939280e-02
7.100000000000000000e+01 6.158845210554362293e-01 6.158845210554362293e-01 6.158845210554362293e-01 6.158845210554362293e-01
7.200000000000000000e+01 1.365720363915366553e+00 1.365720363915366553e+00 1.365720363915366553e+00 1.365720363915366553e+00
7.300000000000000000e+01 -3.076126785731650992e-01 -3.076126785731650992e-01 -3.076126785731650992e-01 -3.076126785731650992e-01
7.400000000000000000e+01 5.728737361533602357e-01 5.728737361533602357e-01 5.728737361533602357e-01 5.728737361533602357e-01
7.500000000000000000e+01 5.958050820221005850e-01 5.958050820221005850e-01 5.958050820221005850e-01 5.958050820221005850e-01
7.600000000000000000e+01 1.705113731903838969e+00 1.705113731903838969e+00 1.705113731903838969e+00 1.705113731903838969e+00
7.700000000000000000e+01 1.391024418384396277e+00 1.391024418384396277e+00 1.391024418384396277e+00 1.391024418384396277e+00
7.800000000000000000e+01 -1.662724055968333170e-01 -1.662724055968333170e-01 -1.662724055968333170e-01 -1.662724055968333170e-01
7.900000000000000000e+01 5.406727151105924500e-01 5.406727151105924500e-01 5.406727151105924500e-01 5.406727151105924500e-01
8.000000000000000000e+01 2.846529712536017831e-01 2.846529712536017831e-01 2.846529712536017831e-01 2.846529712536017831e-01
8.100000000000000000e+01 3.384659950633969738e-01 3.384659950633969738e-01 3.384659950633969738e-01 3.384659950633969738e-01
8.200000000000000000e+01 -7.370770086106216423e-01 -7.370770086106216423e-01 -7.370770086106216423e-01 -7.370770086106216423e-01
8.300000000000000000e+01 1.901747340065644554e-01 1.901747340065644554e-01 1.901747340065644554e-01 1.901747340065644554e-01
8.400000000000000000e+01 1.710793928908895256e-01 1.710793928908895256e-01 1.710793928908895256e-01 1.710793928908895256e-01
8.500000000000000000e+01 1.631776832546135564e-02 1.631776832546135564e-02 1.631776832546135564e-02 1.631776832546135564e-02
8.600000000000000000e+01 -2.359140255850726009e-01 -2.359140255850726009e-01 -2.359140255850726009e-01 -2.359140255850726009e-01
8.700000000000000000e+01 -2.474254876658699698e-01 -2.474254876658699698e-01 -2.474254876658699698e-01 -2.474254876658699698e-01
8.800000000000000000e+01 9.115830939414560907e-01 9.115830939414560907e-01 9.115830939414560907e-01 9.115830939414560907e-01
8.900000000000000000e+01 -2.316331393905056990e-01 -2.316331393905056990e-01 -2.316331393905056990e-01 -2.316331393905056990e-01
9.000000000000000000e+01 4.117195543021628379e-01 4.117195543021628379e-01 4.117195543021628379e-01 4.117195543021628379e-01
9.100000000000000000e+01 9.004177789507629148e-01 9.004177789507629148e-01 9.004177789507629148e-01 9.004177789507629148e-01
9.200000000000000000e+01 -1.842490684951942459e+00 -1.842490684951942459e+00 -1.842490684951942459e+00 -1.842490684951942459e+00
9.300000000000000000e+01 7.607768262001364176e-04 7.607768262001364176e-04 7.607768262001364176e-04 7.607768262001364176e-04
9.400000000000000000e+01 1.376909442482166235e-01 1.376909442482166235e-01 1.376909442482166235e-01 1.376909442482166235e-01
9.500000000000000000e+01 3.716215808404105259e-01 3.716215808404105259e-01 3.716215808404105259e-01 3.716215808404105259e-01
9.600000000000000000e+01 -5.821943526569970384e-01 -5.821943526569970384e-01 -5.821943526569970384e-01 -5.821943526569970384e-01
9.700000000000000000e+01 1.636602780123934009e+00 1.636602780123934009e+00 1.636602780123934009e+00 1.636602780123934009e+00
9.800000000000000000e+01 1.834529802414247221e-02 1.834529802414247221e-02 1.834529802414247221e-02 1.834529802414247221e-02
