0.000000000000000000e+00 5.508884850496676977e-01 5.508884850496676977e-01 5.508884850496676977e-01 5.508884850496676977e-01
1.000000000000000000e+00 3.923681287622255431e-01 3.923681287622255431e-01 3.923681287622255431e-01 3.923681287622255431e-01
2.000000000000000000e+00 5.548365726445241286e-01 5.548365726445241286e-01 5.548365726445241286e-01 5.548365726445241286e-01
3.000000000000000000e+00 5.572030077193780295e-01 5.572030077193780295e-01 5.572030077193780295e-01 5.572030077193780295e-01
4.000000000000000000e+00 5.487125744284542250e-01 5.487125744284542250e-01 5.487125744284542250e-01 5.487125744284542250e-01
5.000000000000000000e+00 6.942673093806668305e-01 6.942673093806668305e-01 6.942673093806668305e-01 6.942673093806668305e-01
6.000000000000000000e+00 7.374927111968878624e-01 7.374927111968878624e-01 7.374927111968878624e-01 7.374927111968878624e-01
7.000000000000000000e+00 8.747726469490801904e-01 8.747726469490801904e-01 8.747726469490801904e-01 8.747726469490801904e-01
8.000000000000000000e+00 1.013894642074739005e+00 1.013894642074739005e+00 1.013894642074739005e+00 1.013894642074739005e+00
9.000000000000000000e+00 1.048015540529349865e+00 1.048015540529349865e+00 1.048015540529349865e+00 1.048015540529349865e+00
1.000000000000000000e+01 1.114072294087701920e+00 1.114072294087701920e+00 1.114072294087701920e+00 1.114072294087701920e+00
1.100000000000000000e+01 1.176248650527198292e+00 1.176248650527198292e+00 1.176248650527198292e+00 1.176248650527198292e+00
1.200000000000000000e+01 1.299926379712992741e+00 1.299926379712992741e+00 1.299926379712992741e+00 1.299926379712992741e+00
1.300000000000000000e+01 1.337285413137485834e+00 1.337285413137485834e+00 1.337285413137485834e+00 1.337285413137485834e+00
1.400000000000000000e+01 1.446438793790868038e+00 1.446438793790868038e+00 1.446438793790868038e+00 1.446438793790868038e+00
1.500000000000000000e+01 1.499979976993685460e+00 1.499979976993685460e+00 1.499979976993685460e+00 1.499979976993685460e+00
1.600000000000000000e+01 1.489555171730093885e+00 1.489555171730093885e+00 1.489555171730093885e+00 1.489555171730093885e+00
1.700000000000000000e+01 1.533293969993931638e+00 1.533293969993931638e+00 1.533293969993931638e+00 1.533293969993931638e+00
1.800000000000000000e+01 1.559912152054831802e+00 1.559912152054831802e+00 1.559912152054831802e+00 1.559912152054831802e+00
1.900000000000000000e+01 1.614903851029634740e+00 1.614903851029634740e+00 1.614903851029634740e+00 1.614903851029634740e+00
2.000000000000000000e+01 1.573480252699686277e+00 1.573480252699686277e+00 1.573480252699686277e+00 1.573480252699686277e+00
2.100000000000000000e+01 1.647228923844415549e+00 1.647228923844415549e+00 1.647228923844415549e+00 1.647228923844415549e+00
2.200000000000000000e+01 1.667292912532656546e+00 1.667292912532656546e+00 1.667292912532656546e+00 1.667292912532656546e+00
2.300000000000000000e+01 1.876745460277272404e+00 1.876745460277272404e+00 1.876745460277272404e+00 1.876745460277272404e+00
2.400000000000000000e+01 1.815682041320144435e+00 1.815682041320144435e+00 1.815682041320144435e+00 1.815682041320144435e+00
2.500000000000000000e+01 1.939653843369251174e+00 1.939653843369251174e+00 1.939653843369251174e+00 1.939653843369251174e+00
2.600000000000000000e+01 2.085997955810206861e+00 2.085997955810206861e+00 2.085997955810206861e+00 2.085997955810206861e+00
2.700000000000000000e+01 2.269487756647361465e+00 2.269487756647361465e+00 2.269487756647361465e+00 2.269487756647361465e+00
2.800000000000000000e+01 2.498391081081390741e+00 2.498391081081390741e+00 2.498391081081390741e+00 2.498391081081390741e+00
2.900000000000000000e+01 2.511980575311383301e+00 2.511980575311383301e+00 2.511980575311383301e+00 2.511980575311383301e+00
3.000000000000000000e+01 2.536359981006954811e+00 2.536359981006954811e+00 2.536359981006954811e+00 2.536359981006954811e+00
3.100000000000000000e+01 2.686868485057448463e+00 2.686868485057448463e+00 2.686868485057448463e+00 2.686868485057448463e+00
3.200000000000000000e+01 2.628252705815135482e+00 2.628252705815135482e+00 2.628252705815135482e+00 2.628252705815135482e+00
3.300000000000000000e+01 2.575804453454182852e+00 2.575804453454182852e+00 2.575804453454182852e+00 2.575804453454182852e+00
3.400000000000000000e+01 2.728258208188078182e+00 2.728258208188078182e+00 2.728258208188078182e+00 2.728258208188078182e+00
3.500000000000000000e+01 2.636964200958595850e+00 2.636964200958595850e+00 2.636964200958595850e+00 2.636964200958595850e+00
3.600000000000000000e+01 2.676038408871012297e+00 2.676038408871012297e+00 2.676038408871012297e+00 2.676038408871012297e+00
3.700000000000000000e+01 2.648890332220039223e+00 2.648890332220039223e+00 2.648890332220039223e+00 2.648890332220039223e+00
3.800000000000000000e+01 2.601963246571865174e+00 2.601963246571865174e+00 2.601963246571865174e+00 2.601963246571865174e+00
3.900000000000000000e+01 2.557279676844819161e+00 2.557279676844819161e+00 2.557279676844819161e+00 2.557279676844819161e+00
4.000000000000000000e+01 2.713420375237892923e+00 2.713420375237892923e+00 2.713420375237892923e+00 2.713420375237892923e+00
4.100000000000000000e+01 2.684078609767593715e+00 2.684078609767593715e+00 2.684078609767593715e+00 2.684078609767593715e+00
4.200000000000000000e+01 2.821118905718846381e+00 2.821118905718846381e+00 2.821118905718846381e+00 2.821118905718846381e+00
4.300000000000000000e+01 2.804786363458300347e+00 2.804786363458300347e+00 2.804786363458300347e+00 2.804786363458300347e+00
4.400000000000000000e+01 2.855838524874024564e+00 2.855838524874024564e+00 2.855838524874024564e+00 2.855838524874024564e+00
4.500000000000000000e+01 3.017562957997558915e+00 3.017562957997558915e+00 3.017562957997558915e+00 3.017562957997558915e+00
4.600000000000000000e+01 3.046162832544724086e+00 3.046162832544724086e+00 3.046162832544724086e+00 3.046162832544724086e+00
4.700000000000000000e+01 3.128399266160684533e+00 3.128399266160684533e+00 3.128399266160684533e+00 3.128399266160684533e+00
4.800000000000000000e+01 3.147539586067545692e+00 3.147539586067545692e+00 3.147539586067545692e+00 3.147539586067545692e+00
4.900000000000000000e+01 3.103633226625534203e+00 3.103633226625534203e+00 3.103633226625534203e+00 3.103633226625534203e+00
5.000000000000000000e+01 3.356709459938866491e+00 3.356709459938866491e+00 3.356709459938866491e+00 3.356709459938866491e+00
5.100000000000000000e+01 3.254330339899243363e+00 3.254330339899243363e+00 3.254330339899243363e+00 3.254330339899243363e+00
5.200000000000000000e+01 3.541600709609023845e+00 3.541600709609023845e+00 3.541600709609023845e+00 3.541600709609023845e+00
5.300000000000000000e+01 3.606217623835119568e+00 3.606217623835119568e+00 3.606217623835119568e+00 3.606217623835119568e+00
5.400000000000000000e+01 3.658500547385069801e+00 3.658500547385069801e+00 3.658500547385069801e+00 3.658500547385069801e+00
5.500000000000000000e+01 3.442494432303050189e+00 3.442494432303050189e+00 3.442494432303050189e+00 3.442494432303050189e+00
5.600000000000000000e+01 3.338532759091293212e+00 3.338532759091293212e+00 3.338532759091293212e+00 3.338532759091293212e+00
5.700000000000000000e+01 3.114087581284251449e+00 3.114087581284251449e+00 3.114087581284251449e+00 3.114087581284251449e+00
5.800000000000000000e+01 2.999729809735404373e+00 2.999729809735404373e+00 2.999729809735404373e+00 2.999729809735404373e+00
5.900000000000000000e+01 3.068404919237665229e+00 3.068404919237665229e+00 3.068404919237665229e+00 3.068404919237665229e+00
6.000000000000000000e+01 3.026393388898752868e+00 3.026393388898752868e+00 3.026393388898752868e+00 3.026393388898752868e+00
6.100000000000000000e+01 3.290822306274602038e+00 3.290822306274602038e+00 3.290822306274602038e+00 3.290822306274602038e+00
6.200000000000000000e+01 3.329315666078603186e+00 3.329315666078603186e+00 3.329315666078603186e+00 3.329315666078603186e+00
6.300000000000000000e+01 3.688468208767567091e+00 3.688468208767567091e+00 3.688468208767567091e+00 3.688468208767567091e+00
6.400000000000000000e+01 3.531363493392353448e+00 3.531363493392353448e+00 3.531363493392353448e+00 3.531363493392353448e+00
6.500000000000000000e+01 3.740272362641633208e+00 3.740272362641633208e+00 3.740272362641633208e+00 3.740272362641633208e+00
6.600000000000000000e+01 3.741716816793005940e+00 3.741716816793005940e+00 3.741716816793005940e+00 3.741716816793005940e+00
6.700000000000000000e+01 3.727149079977351676e+00 3.727149079977351676e+00 3.727149079977351676e+00 3.727149079977351676e+00
6.800000000000000000e+01 3.581352657025042241e+00 3.581352657025042241e+00 3.581352657025042241e+00 3.581352657025042241e+00
6.900000000000000000e+01 3.664220443962069584e+00 3.664220443962069584e+00 3.664220443962069584e+00 3.664220443962069584e+00
7.000000000000000000e+01 3.684293227576088903e+00 3.684293227576088903e+00 3.684293227576088903e+00 3.684293227576088903e+00
7.100000000000000000e+01 3.743779295278575781e+00 3.743779295278575781e+00 3.743779295278575781e+00 3.743779295278575781e+00
7.200000000000000000e+01 3.704682271800227245e+00 3.704682271800227245e+00 3.704682271800227245e+00 3.704682271800227245e+00
7.300000000000000000e+01 3.747228797640784759e+00 3.747228797640784759e+00 3.747228797640784759e+00 3.747228797640784759e+00
7.400000000000000000e+01 3.562419233105301952e+00 3.562419233105301952e+00 3.562419233105301952e+00 3.562419233105301952e+00
7.500000000000000000e+01 3.605825291111524056e+00 3.605825291111524056e+00 3.605825291111524056e+00 3.605825291111524056e+00
7.600000000000000000e+01 3.383525534169543381e+00 3.383525534169543381e+00 3.383525534169543381e+00 3.383525534169543381e+00
7.700000000000000000e+01 3.364702965492412545e+00 3.364702965492412545e+00 3.364702965492412545e+00 3.364702965492412545e+00
7.800000000000000000e+01 3.122371448436714214e+00 3.122371448436714214e+00 3.122371448436714214e+00 3.122371448436714214e+00
7.900000000000000000e+01 3.005079228464392571e+00 3.005079228464392571e+00 3.005079228464392571e+00 3.005079228464392571e+00
8.000000000000000000e+01 2.943769608154577000e+00 2.943769608154577000e+00 2.943769608154577000e+00 2.943769608154577000e+00
8.100000000000000000e+01 2.891626383956796609e+00 2.891626383956796609e+00 2.891626383956796609e+00 2.891626383956796609e+00
8.200000000000000000e+01 2.867721328060120811e+00 2.867721328060120811e+00 2.867721328060120811e+00 2.867721328060120811e+00
8.300000000000000000e+01 2.831967835251151033e+00 2.831967835251151033e+00 2.831967835251151033e+00 2.831967835251151033e+00
8.400000000000000000e+01 2.769363751575652621e+00 2.769363751575652621e+00 2.769363751575652621e+00 2.769363751575652621e+00
8.500000000000000000e+01 2.879906345023839798e+00 2.879906345023839798e+00 2.879906345023839798e+00 2.879906345023839798e+00
8.600000000000000000e+01 2.514444140293871310e+00 2.514444140293871310e+00 2.514444140293871310e+00 2.514444140293871310e+00
8.700000000000000000e+01 2.613190920653972960e+00 2.613190920653972960e+00 2.613190920653972960e+00 2.613190920653972960e+00
8.800000000000000000e+01 2.427389021634721811e+00 2.427389021634721811e+00 2.427389021634721811e+00 2.427389021634721811e+00
8.900000000000000000e+01 2.458426862208074493e+00 2.458426862208074493e+00 2.458426862208074493e+00 2.458426862208074493e+00
9.000000000000000000e+01 2.532854020418466412e+00 2.532854020418466412e+00 2.532854020418466412e+00 2.532854020418466412e+00
9.100000000000000000e+01 2.597391900506057727e+00 2.597391900506057727e+00 2.597391900506057727e+00 2.597391900506057727e+00
9.200000000000000000e+01 2.732078695772310439e+00 2.732078695772310439e+00 2.732078695772310439e+00 2.732078695772310439e+00
9.300000000000000000e+01 2.864118417532855787e+00 2.864118417532855787e+00 2.864118417532855787e+00 2.864118417532855787e+00
9.400000000000000000e+01 2.627344230300598937e+00 2.627344230300598937e+00 2.627344230300598937e+00 2.627344230300598937e+00
9.500000000000000000e+01 2.669971081590142958e+00 2.669971081590142958e+00 2.669971081590142958e+00 2.669971081590142958e+00
9.600000000000000000e+01 2.366569517041125170e+00 2.366569517041125170e+00 2.366569517041125170e+00 2.366569517041125170e+00
9.700000000000000000e+01 2.133378064364650495e+00 2.133378064364650495e+00 2.133378064364650495e+00 2.133378064364650495e+00
9.800000000000000000e+01 2.014227725495812749e+00 2.014227725495812749e+00 2.014227725495812749e+00 2.014227725495812749e+00
9.900000000000000000e+01 1.855655501838459953e+00 1.855655501838459953e+00 1.855655501838459953e+00 1.855655501838459953e+00
