0.000000000000000000e+00 -1.629244640981695413e+00 -1.629244640981695413e+00 -1.629244640981695413e+00 -1.629244640981695413e+00
1.000000000000000000e+00 -9.889206347568574307e-01 -9.889206347568574307e-01 -9.889206347568574307e-01 -9.889206347568574307e-01
2.000000000000000000e+00 -4.582000629097082167e-01 -4.582000629097082167e-01 -4.582000629097082167e-01 -4.582000629097082167e-01
3.000000000000000000e+00 -1.729181805818195417e-01 -1.729181805818195417e-01 -1.729181805818195417e-01 -1.729181805818195417e-01
4.000000000000000000e+00 2.779066940117485771e-02 2.779066940117485771e-02 2.779066940117485771e-02 2.779066940117485771e-02
5.000000000000000000e+00 3.081145322847620924e-02 3.081145322847620924e-02 3.081145322847620924e-02 3.081145322847620924e-02
6.000000000000000000e+00 4.761075442113100187e-01 4.761075442113100187e-01 4.761075442113100187e-01 4.761075442113100187e-01
7.000000000000000000e+00 2.400268801781062500e-01 2.400268801781062500e-01 2.400268801781062500e-01 2.400268801781062500e-01
8.000000000000000000e+00 1.255051331483633792e+00 1.255051331483633792e+00 1.255051331483633792e+00 1.255051331483633792e+00
9.000000000000000000e+00 1.228921754991096682e+00 1.228921754991096682e+00 1.228921754991096682e+00 1.228921754991096682e+00
1.000000000000000000e+01 1.644487602569408624e+00 1.644487602569408624e+00 1.644487602569408624e+00 1.644487602569408624e+00
1.100000000000000000e+01 1.516252058234839772e+00 1.516252058234839772e+00 1.516252058234839772e+00 1.516252058234839772e+00
1.200000000000000000e+01 1.891540349872634419e+00 1.891540349872634419e+00 1.891540349872634419e+00 1.891540349872634419e+00
1.300000000000000000e+01 1.972331722582463032e+00 1.972331722582463032e+00 1.972331722582463032e+00 1.972331722582463032e+00
1.400000000000000000e+01 2.047422098206764129e+00 2.047422098206764129e+00 2.047422098206764129e+00 2.047422098206764129e+00
1.500000000000000000e+01 2.031286484644501567e+00 2.031286484644501567e+00 2.031286484644501567e+00 2.031286484644501567e+00
1.600000000000000000e+01 2.212075116794084639e+00 2.212075116794084639e+00 2.212075116794084639e+00 2.212075116794084639e+00
1.700000000000000000e+01 2.297233462555544392e+00 2.297233462555544392e+00 2.297233462555544392e+00 2.297233462555544392e+00
1.800000000000000000e+01 1.951709417377234024e+00 1.951709417377234024e+00 1.951709417377234024e+00 1.951709417377234024e+00
1.900000000000000000e+01 2.443045728475286893e+00 2.443045728475286893e+00 2.443045728475286893e+00 2.443045728475286893e+00
2.000000000000000000e+01 2.372563866443019087e+00 2.372563866443019087e+00 2.372563866443019087e+00 2.372563866443019087e+00
2.100000000000000000e+01 2.423751165054809587e+00 2.423751165054809587e+00 2.423751165054809587e+00 2.423751165054809587e+00
2.200000000000000000e+01 2.610838047191848865e+00 2.610838047191848865e+00 2.610838047191848865e+00 2.610838047191848865e+00
2.300000000000000000e+01 2.592624948375137350e+00 2.592624948375137350e+00 2.592624948375137350e+00 2.592624948375137350e+00
2.400000000000000000e+01 2.564590917892806576e+00 2.564590917892806576e+00 2.564590917892806576e+00 2.564590917892806576e+00
2.500000000000000000e+01 2.880608774407189099e+00 2.880608774407189099e+00 2.880608774407189099e+00 2.880608774407189099e+00
2.600000000000000000e+01 2.913061691871397851e+00 2.913061691871397851e+00 2.913061691871397851e+00 2.913061691871397851e+00
2.700000000000000000e+01 3.529236865737002571e+00 3.529236865737002571e+00 3.529236865737002571e+00 3.529236865737002571e+00
2.800000000000000000e+01 4.123210352072693041e+00 4.123210352072693041e+00 4.123210352072693041e+00 4.123210352072693041e+00
2.900000000000000000e+01 4.004878433728298326e+00 4.004878433728298326e+00 4.004878433728298326e+00 4.004878433728298326e+00
3.000000000000000000e+01 4.586086464952153108e+00 4.586086464952153108e+00 4.586086464952153108e+00 4.586086464952153108e+00
3.100000000000000000e+01 4.551162418366931917e+00 4.551162418366931917e+00 4.551162418366931917e+00 4.551162418366931917e+00
3.200000000000000000e+01 4.762536899282399538e+00 4.762536899282399538e+00 4.762536899282399538e+00 4.762536899282399538e+00
3.300000000000000000e+01 4.896195967619876299e+00 4.896195967619876299e+00 4.896195967619876299e+00 4.896195967619876299e+00
3.400000000000000000e+01 4.954595834956796452e+00 4.954595834956796452e+00 4.954595834956796452e+00 4.954595834956796452e+00
3.500000000000000000e+01 4.950736508418650317e+00 4.950736508418650317e+00 4.950736508418650317e+00 4.950736508418650317e+00
3.600000000000000000e+01 4.843981471719234655e+00 4.843981471719234655e+00 4.843981471719234655e+00 4.843981471719234655e+00
3.700000000000000000e+01 4.601077394099820417e+00 4.601077394099820417e+00 4.601077394099820417e+00 4.601077394099820417e+00
3.800000000000000000e+01 4.758579197843556763e+00 4.758579197843556763e+00 4.758579197843556763e+00 4.758579197843556763e+00
3.900000000000000000e+01 4.759101150244962497e+00 4.759101150244962497e+00 4.759101150244962497e+00 4.759101150244962497e+00
4.000000000000000000e+01 4.795104209327059941e+00 4.795104209327059941e+00 4.795104209327059941e+00 4.795104209327059941e+00
4.100000000000000000e+01 4.919744811058240685e+00 4.919744811058240685e+00 4.919744811058240685e+00 4.919744811058240685e+00
4.200000000000000000e+01 4.954258546098445848e+00 4.954258546098445848e+00 4.954258546098445848e+00 4.954258546098445848e+00
4.300000000000000000e+01 4.823772836402284270e+00 4.823772836402284270e+00 4.823772836402284270e+00 4.823772836402284270e+00
4.400000000000000000e+01 5.102917590186124563e+00 5.102917590186124563e+00 5.102917590186124563e+00 5.102917590186124563e+00
4.500000000000000000e+01 5.257331420725531501e+00 5.257331420725531501e+00 5.257331420725531501e+00 5.257331420725531501e+00
4.600000000000000000e+01 5.570266911986426095e+00 5.570266911986426095e+00 5.570266911986426095e+00 5.570266911986426095e+00
4.700000000000000000e+01 5.942142569880854097e+00 5.942142569880854097e+00 5.942142569880854097e+00 5.942142569880854097e+00
4.800000000000000000e+01 6.007928930734213857e+00 6.007928930734213857e+00 6.007928930734213857e+00 6.007928930734213857e+00
4.900000000000000000e+01 6.119659454040104585e+00 6.119659454040104585e+00 6.119659454040104585e+00 6.119659454040104585e+00
5.000000000000000000e+01 6.629410544293265595e+00 6.629410544293265595e+00 6.629410544293265595e+00 6.629410544293265595e+00
5.100000000000000000e+01 6.895033619337766595e+00 6.895033619337766595e+00 6.895033619337766595e+00 6.895033619337766595e+00
5.200000000000000000e+01 6.770806818398335203e+00 6.770806818398335203e+00 6.770806818398335203e+00 6.770806818398335203e+00
5.300000000000000000e+01 6.806800117683114770e+00 6.806800117683114770e+00 6.806800117683114770e+00 6.806800117683114770e+00
5.400000000000000000e+01 6.861633397240822774e+00 6.861633397240822774e+00 6.861633397240822774e+00 6.861633397240822774e+00
5.500000000000000000e+01 6.735382332440176256e+00 6.735382332440176256e+00 6.735382332440176256e+00 6.735382332440176256e+00
5.600000000000000000e+01 6.592694464776757357e+00 6.592694464776757357e+00 6.592694464776757357e+00 6.592694464776757357e+00
5.700000000000000000e+01 6.512215211193895570e+00 6.512215211193895570e+00 6.512215211193895570e+00 6.512215211193895570e+00
5.800000000000000000e+01 6.208152694536821059e+00 6.208152694536821059e+00 6.208152694536821059e+00 6.208152694536821059e+00
5.900000000000000000e+01 6.153836753630400835e+00 6.153836753630400835e+00 6.153836753630400835e+00 6.153836753630400835e+00
6.000000000000000000e+01 6.122469790345888008e+00 6.122469790345888008e+00 6.122469790345888008e+00 6.122469790345888008e+00
6.100000000000000000e+01 5.912149783912017398e+00 5.912149783912017398e+00 5.912149783912017398e+00 5.912149783912017398e+00
6.200000000000000000e+01 6.330711207142940111e+00 6.330711207142940111e+00 6.330711207142940111e+00 6.330711207142940111e+00
6.300000000000000000e+01 6.373152061258882561e+00 6.373152061258882561e+00 6.373152061258882561e+00 6.373152061258882561e+00
6.400000000000000000e+01 6.768473150073521794e+00 6.768473150073521794e+00 6.768473150073521794e+00 6.768473150073521794e+00
6.500000000000000000e+01 6.836101408738755936e+00 6.836101408738755936e+00 6.836101408738755936e+00 6.836101408738755936e+00
6.600000000000000000e+01 7.083839109980115900e+00 7.083839109980115900e+00 7.083839109980115900e+00 7.083839109980115900e+00
6.700000000000000000e+01 7.236852996271136540e+00 7.236852996271136540e+00 7.236852996271136540e+00 7.236852996271136540e+00
6.800000000000000000e+01 7.489710835660619459e+00 7.489710835660619459e+00 7.489710835660619459e+00 7.489710835660619459e+00
6.900000000000000000e+01 7.312745559954741736e+00 7.312745559954741736e+00 7.312745559954741736e+00 7.312745559954741736e+00
7.000000000000000000e+01 7.577370874958377023e+00 7.577370874958377023e+00 7.577370874958377023e+00 7.577370874958377023e+00
7.100000000000000000e+01 7.837607692396287185e+00 7.837607692396287185e+00 7.837607692396287185e+00 7.837607692396287185e+00
7.200000000000000000e+01 7.584981338814186458e+00 7.584981338814186458e+00 7.584981338814186458e+00 7.584981338814186458e+00
7.300000000000000000e+01 7.562267719705912050e+00 7.562267719705912050e+00 7.562267719705912050e+00 7.562267719705912050e+00
7.400000000000000000e+01 7.463346801272316533e+00 7.463346801272316533e+00 7.463346801272316533e+00 7.463346801272316533e+00
7.500000000000000000e+01 7.258187297106237779e+00 7.258187297106237779e+00 7.258187297106237779e+00 7.258187297106237779e+00
7.600000000000000000e+01 6.804463524517865736e+00 6.804463524517865736e+00 6.804463524517865736e+00 6.804463524517865736e+00
7.700000000000000000e+01 6.559383347720244117e+00 6.559383347720244117e+00 6.559383347720244117e+00 6.559383347720244117e+00
7.800000000000000000e+01 6.225835944056211879e+00 6.225835944056211879e+00 6.225835944056211879e+00 6.225835944056211879e+00
7.900000000000000000e+01 6.044312334380926188e+00 6.044312334380926188e+00 6.044312334380926188e+00 6.044312334380926188e+00
8.000000000000000000e+01 5.834986025580591651e+00 5.834986025580591651e+00 5.834986025580591651e+00 5.834986025580591651e+00
8.100000000000000000e+01 5.599841822869518815e+00 5.599841822869518815e+00 5.599841822869518815e+00 5.599841822869518815e+00
8.200000000000000000e+01 5.714487309765330814e+00 5.714487309765330814e+00 5.714487309765330814e+00 5.714487309765330814e+00
8.300000000000000000e+01 5.582407612683844000e+00 5.582407612683844000e+00 5.582407612683844000e+00 5.582407612683844000e+00
8.400000000000000000e+01 5.364331021750194495e+00 5.364331021750194495e+00 5.364331021750194495e+00 5.364331021750194495e+00
8.500000000000000000e+01 5.462307893445700557e+00 5.462307893445700557e+00 5.462307893445700557e+00 5.462307893445700557e+00
8.600000000000000000e+01 5.184054959774411664e+00 5.184054959774411664e+00 5.184054959774411664e+00 5.184054959774411664e+00
8.700000000000000000e+01 5.380873139430420338e+00 5.380873139430420338e+00 5.380873139430420338e+00 5.380873139430420338e+00
8.800000000000000000e+01 5.499789890751116239e+00 5.499789890751116239e+00 5.499789890751116239e+00 5.499789890751116239e+00
8.900000000000000000e+01 5.056279943886505812e+00 5.056279943886505812e+00 5.056279943886505812e+00 5.056279943886505812e+00
9.000000000000000000e+01 5.222045788682980749e+00 5.222045788682980749e+00 5.222045788682980749e+00 5.222045788682980749e+00
9.100000000000000000e+01 5.189924280016052549e+00 5.189924280016052549e+00 5.189924280016052549e+00 5.189924280016052549e+00
9.200000000000000000e+01 5.355557501628879002e+00 5.355557501628879002e+00 5.355557501628879002e+00 5.355557501628879002e+00
9.300000000000000000e+01 5.332850203174712256e+00 5.332850203174712256e+00 5.332850203174712256e+00 5.332850203174712256e+00
9.400000000000000000e+01 5.434034938015229521e+00 5.434034938015229521e+00 5.434034938015229521e+00 5.434034938015229521e+00
9.500000000000000000e+01 4.862172596060348795e+00 4.862172596060348795e+00 4.862172596060348795e+00 4.862172596060348795e+00
9.600000000000000000e+01 5.177586838764817401e+00 5.177586838764817401e+00 5.177586838764817401e+00 5.177586838764817401e+00
9.700000000000000000e+01 4.501044245016323053e+00 4.501044245016323053e+00 4.501044245016323053e+00 4.501044245016323053e+00
9.800000000000000000e+01 3.747081000247603821e+00 3.747081000247603821e+00 3.747081000247603821e+00 3.747081000247603821e+00
9.900000000000000000e+01 3.661201165749386810e+00 3.661201165749386810e+00 3.661201165749386810e+00 3.661201165749386810e+00
