0.000000000000000000e+00 -7.580969730240293414e-01 -7.580969730240293414e-01 -7.580969730240293414e-01 -7.580969730240293414e-01
1.000000000000000000e+00 -4.756457577630197608e-01 -4.756457577630197608e-01 -4.756457577630197608e-01 -4.756457577630197608e-01
2.000000000000000000e+00 -6.232479422283325743e-01 -6.232479422283325743e-01 -6.232479422283325743e-01 -6.232479422283325743e-01
3.000000000000000000e+00 -4.699443882320525345e-01 -4.699443882320525345e-01 -4.699443882320525345e-01 -4.699443882320525345e-01
4.000000000000000000e+00 -5.535750134688737223e-01 -5.535750134688737223e-01 -5.535750134688737223e-01 -5.535750134688737223e-01
5.000000000000000000e+00 -4.171394979209215315e-01 -4.171394979209215315e-01 -4.171394979209215315e-01 -4.171394979209215315e-01
6.000000000000000000e+00 -2.261359880610831485e-01 -2.261359880610831485e-01 -2.261359880610831485e-01 -2.261359880610831485e-01
7.000000000000000000e+00 -1.790049291626203132e-01 -1.790049291626203132e-01 -1.790049291626203132e-01 -1.790049291626203132e-01
8.000000000000000000e+00 -2.730012446331474552e-01 -2.730012446331474552e-01 -2.730012446331474552e-01 -2.730012446331474552e-01
9.000000000000000000e+00 -5.395895423887665521e-01 -5.395895423887665521e-01 -5.395895423887665521e-01 -5.395895423887665521e-01
1.000000000000000000e+01 -2.928727112252219600e-01 -2.928727112252219600e-01 -2.928727112252219600e-01 -2.928727112252219600e-01
1.100000000000000000e+01 -5.517199959368778162e-01 -5.517199959368778162e-01 -5.517199959368778162e-01 -5.517199959368778162e-01
1.200000000000000000e+01 -5.025166906647734466e-01 -5.025166906647734466e-01 -5.025166906647734466e-01 -5.025166906647734466e-01
1.300000000000000000e+01 -4.008674263609570132e-01 -4.008674263609570132e-01 -4.008674263609570132e-01 -4.008674263609570132e-01
1.400000000000000000e+01 -4.158849489863976068e-01 -4.158849489863976068e-01 -4.158849489863976068e-01 -4.158849489863976068e-01
1.500000000000000000e+01 -2.942016195834610826e-01 -2.942016195834610826e-01 -2.942016195834610826e-01 -2.942016195834610826e-01
1.600000000000000000e+01 -7.781383077349152133e-02 -7.781383077349152133e-02 -7.781383077349152133e-02 -7.781383077349152133e-02
1.700000000000000000e+01 -1.572585665022760149e-01 -1.572585665022760149e-01 -1.572585665022760149e-01 -1.572585665022760149e-01
1.800000000000000000e+01 5.756590608049509672e-02 5.756590608049509672e-02 5.756590608049509672e-02 5.756590608049509672e-02
1.900000000000000000e+01 -6.428215489151460627e-02 -6.428215489151460627e-02 -6.428215489151460627e-02 -6.428215489151460627e-02
2.000000000000000000e+01 1.427574612584296965e-01 1.427574612584296965e-01 1.427574612584296965e-01 1.427574612584296965e-01
2.100000000000000000e+01 2.539855083207228637e-01 2.539855083207228637e-01 2.539855083207228637e-01 2.539855083207228637e-01
2.200000000000000000e+01 6.067176173480131052e-01 6.067176173480131052e-01 6.067176173480131052e-01 6.067176173480131052e-01
2.300000000000000000e+01 9.602121995658317033e-01 9.602121995658317033e-01 9.602121995658317033e-01 9.602121995658317033e-01
2.400000000000000000e+01 1.441248851604730152e+00 1.441248851604730152e+00 1.441248851604730152e+00 1.441248851604730152e+00
2.500000000000000000e+01 1.192465399274007520e+00 1.192465399274007520e+00 1.192465399274007520e+00 1.192465399274007520e+00
2.600000000000000000e+01 1.898741930860061489e+00 1.898741930860061489e+00 1.898741930860061489e+00 1.898741930860061489e+00
2.700000000000000000e+01 1.747143438496707502e+00 1.747143438496707502e+00 1.747143438496707502e+00 1.747143438496707502e+00
2.800000000000000000e+01 1.644618882879047561e+00 1.644618882879047561e+00 1.644618882879047561e+00 1.644618882879047561e+00
2.900000000000000000e+01 1.784368496986199037e+00 1.784368496986199037e+00 1.784368496986199037e+00 1.784368496986199037e+00
3.000000000000000000e+01 1.435121650655494907e+00 1.435121650655494907e+00 1.435121650655494907e+00 1.435121650655494907e+00
3.100000000000000000e+01 1.600179685558782205e+00 1.600179685558782205e+00 1.600179685558782205e+00 1.600179685558782205e+00
3.200000000000000000e+01 1.809777371872046903e+00 1.809777371872046903e+00 1.809777371872046903e+00 1.809777371872046903e+00
3.300000000000000000e+01 1.890081062004141055e+00 1.890081062004141055e+00 1.890081062004141055e+00 1.890081062004141055e+00
3.400000000000000000e+01 1.912206288575722501e+00 1.912206288575722501e+00 1.912206288575722501e+00 1.912206288575722501e+00
3.500000000000000000e+01 2.530497125659438851e+00 2.530497125659438851e+00 2.530497125659438851e+00 2.530497125659438851e+00
3.600000000000000000e+01 2.335336949732608414e+00 2.335336949732608414e+00 2.335336949732608414e+00 2.335336949732608414e+00
3.700000000000000000e+01 2.231566829085938952e+00 2.231566829085938952e+00 2.231566829085938952e+00 2.231566829085938952e+00
3.800000000000000000e+01 2.091471219198506759e+00 2.091471219198506759e+00 2.091471219198506759e+00 2.091471219198506759e+00
3.900000000000000000e+01 2.766225534118703866e+00 2.766225534118703866e+00 2.766225534118703866e+00 2.766225534118703866e+00
4.000000000000000000e+01 2.515599195594088400e+00 2.515599195594088400e+00 2.515599195594088400e+00 2.515599195594088400e+00
4.100000000000000000e+01 2.726928739693680104e+00 2.726928739693680104e+00 2.726928739693680104e+00 2.726928739693680104e+00
4.200000000000000000e+01 2.260863738269614398e+00 2.260863738269614398e+00 2.260863738269614398e+00 2.260863738269614398e+00
4.300000000000000000e+01 2.590518962750303800e+00 2.590518962750303800e+00 2.590518962750303800e+00 2.590518962750303800e+00
4.400000000000000000e+01 2.658244286420721192e+00 2.658244286420721192e+00 2.658244286420721192e+00 2.658244286420721192e+00
4.500000000000000000e+01 2.837229178165740606e+00 2.837229178165740606e+00 2.837229178165740606e+00 2.837229178165740606e+00
4.600000000000000000e+01 3.217872618581805622e+00 3.217872618581805622e+00 3.217872618581805622e+00 3.217872618581805622e+00
4.700000000000000000e+01 3.085614881970938139e+00 3.085614881970938139e+00 3.085614881970938139e+00 3.085614881970938139e+00
4.800000000000000000e+01 3.750622523153301913e+00 3.750622523153301913e+00 3.750622523153301913e+00 3.750622523153301913e+00
4.900000000000000000e+01 2.722089568079388400e+00 2.722089568079388400e+00 2.722089568079388400e+00 2.722089568079388400e+00
5.000000000000000000e+01 2.740625123927499907e+00 2.740625123927499907e+00 2.740625123927499907e+00 2.740625123927499907e+00
5.100000000000000000e+01 3.262215822477858129e+00 3.262215822477858129e+00 3.262215822477858129e+00 3.262215822477858129e+00
5.200000000000000000e+01 3.409033315054093460e+00 3.409033315054093460e+00 3.409033315054093460e+00 3.409033315054093460e+00
5.300000000000000000e+01 3.554352357037654286e+00 3.554352357037654286e+00 3.554352357037654286e+00 3.554352357037654286e+00
5.400000000000000000e+01 3.287641423122296569e+00 3.287641423122296569e+00 3.287641423122296569e+00 3.287641423122296569e+00
5.500000000000000000e+01 3.145538985598963944e+00 3.145538985598963944e+00 3.145538985598963944e+00 3.145538985598963944e+00
5.600000000000000000e+01 4.153523291102952264e+00 4.153523291102952264e+00 4.153523291102952264e+00 4.153523291102952264e+00
5.700000000000000000e+01 1.502037497748115014e+00 1.502037497748115014e+00 1.502037497748115014e+00 1.502037497748115014e+00
5.800000000000000000e+01 2.434624001127109860e+00 2.434624001127109860e+00 2.434624001127109860e+00 2.434624001127109860e+00
5.900000000000000000e+01 2.631280995368923570e+00 2.631280995368923570e+00 2.631280995368923570e+00 2.631280995368923570e+00
6.000000000000000000e+01 2.139258874293289203e+00 2.139258874293289203e+00 2.139258874293289203e+00 2.139258874293289203e+00
6.100000000000000000e+01 2.977796209495351842e+00 2.977796209495351842e+00 2.977796209495351842e+00 2.977796209495351842e+00
6.200000000000000000e+01 2.089471422650094556e+00 2.089471422650094556e+00 2.089471422650094556e+00 2.089471422650094556e+00
6.300000000000000000e+01 2.442267058337992847e+00 2.442267058337992847e+00 2.442267058337992847e+00 2.442267058337992847e+00
6.400000000000000000e+01 2.566834333393906320e+00 2.566834333393906320e+00 2.566834333393906320e+00 2.566834333393906320e+00
6.500000000000000000e+01 3.060816208661961912e+00 3.060816208661961912e+00 3.060816208661961912e+00 3.060816208661961912e+00
6.600000000000000000e+01 2.845406068729434690e+00 2.845406068729434690e+00 2.845406068729434690e+00 2.845406068729434690e+00
6.700000000000000000e+01 3.012610418758978614e+00 3.012610418758978614e+00 3.012610418758978614e+00 3.012610418758978614e+00
6.800000000000000000e+01 2.113719468068316676e+00 2.113719468068316676e+00 2.113719468068316676e+00 2.113719468068316676e+00
6.900000000000000000e+01 2.168763360805415985e+00 2.168763360805415985e+00 2.168763360805415985e+00 2.168763360805415985e+00
7.000000000000000000e+01 2.452436298818278182e+00 2.452436298818278182e+00 2.452436298818278182e+00 2.452436298818278182e+00
7.100000000000000000e+01 2.368078268058256164e+00 2.368078268058256164e+00 2.368078268058256164e+00 2.368078268058256164e+00
7.200000000000000000e+01 2.645222498809641998e+00 2.645222498809641998e+00 2.645222498809641998e+00 2.645222498809641998e+00
7.300000000000000000e+01 2.118634454271204337e+00 2.118634454271204337e+00 2.118634454271204337e+00 2.118634454271204337e+00
7.400000000000000000e+01 2.476995964298421615e+00 2.476995964298421615e+00 2.476995964298421615e+00 2.476995964298421615e+00
7.500000000000000000e+01 2.523595827119631263e+00 2.523595827119631263e+00 2.523595827119631263e+00 2.523595827119631263e+00
7.600000000000000000e+01 2.328733613309557526e+00 2.328733613309557526e+00 2.328733613309557526e+00 2.328733613309557526e+00
7.700000000000000000e+01 2.257551530219083613e+00 2.257551530219083613e+00 2.257551530219083613e+00 2.257551530219083613e+00
7.800000000000000000e+01 2.110829738410417544e+00 2.110829738410417544e+00 2.110829738410417544e+00 2.110829738410417544e+00
7.900000000000000000e+01 1.906778464556171615e+00 1.906778464556171615e+00 1.906778464556171615e+00 1.906778464556171615e+00
8.000000000000000000e+01 2.094496675283112896e+00 2.094496675283112896e+00 2.094496675283112896e+00 2.094496675283112896e+00
8.100000000000000000e+01 1.987414248661770744e+00 1.987414248661770744e+00 1.987414248661770744e+00 1.987414248661770744e+00
8.200000000000000000e+01 2.292166607297420278e+00 2.292166607297420278e+00 2.292166607297420278e+00 2.292166607297420278e+00
8.300000000000000000e+01 2.331055656726804148e+00 2.331055656726804148e+00 2.331055656726804148e+00 2.331055656726804148e+00
8.400000000000000000e+01 2.525439398101576138e+00 2.525439398101576138e+00 2.525439398101576138e+00 2.525439398101576138e+00
8.500000000000000000e+01 2.287716496899504737e+00 2.287716496899504737e+00 2.287716496899504737e+00 2.287716496899504737e+00
8.600000000000000000e+01 2.318203854503792627e+00 2.318203854503792627e+00 2.318203854503792627e+00 2.318203854503792627e+00
8.700000000000000000e+01 2.068423776967946104e+00 2.068423776967946104e+00 2.068423776967946104e+00 2.068423776967946104e+00
8.800000000000000000e+01 2.209035842204835731e+00 2.209035842204835731e+00 2.209035842204835731e+00 2.209035842204835731e+00
8.900000000000000000e+01 2.144698598844700488e+00 2.144698598844700488e+00 2.144698598844700488e+00 2.144698598844700488e+00
9.000000000000000000e+01 2.382620724214032037e+00 2.382620724214032037e+00 2.382620724214032037e+00 2.382620724214032037e+00
9.100000000000000000e+01 2.079191304015699071e+00 2.079191304015699071e+00 2.079191304015699071e+00 2.079191304015699071e+00
9.200000000000000000e+01 2.080302748569774707e+00 2.080302748569774707e+00 2.080302748569774707e+00 2.080302748569774707e+00
9.300000000000000000e+01 2.359047483487786145e+00 2.359047483487786145e+00 2.359047483487786145e+00 2.359047483487786145e+00
9.400000000000000000e+01 1.750524162827841623e+00 1.750524162827841623e+00 1.750524162827841623e+00 1.750524162827841623e+00
9.500000000000000000e+01 2.028081631107204519e+00 2.028081631107204519e+00 2.028081631107204519e+00 2.028081631107204519e+00
9.600000000000000000e+01 1.941426516846123551e+00 1.941426516846123551e+00 1.941426516846123551e+00 1.941426516846123551e+00
9.700000000000000000e+01 1.866758175468392400e+00 1.866758175468392400e+00 1.866758175468392400e+00 1.866758175468392400e+00
9.800000000000000000e+01 1.645637296977239483e+00 1.645637296977239483e+00 1.645637296977239483e+00 1.645637296977239483e+00
9.900000000000000000e+01 1.675037572159986832e+00 1.675037572159986832e+00 1.675037572159986832e+00 1.675037572159986832e+00
