0.000000000000000000e+00 8.818208383365844227e-01 8.818208383365844227e-01 8.818208383365844227e-01 8.818208383365844227e-01
1.000000000000000000e+00 1.387254067981334549e+00 1.387254067981334549e+00 1.387254067981334549e+00 1.387254067981334549e+00
2.000000000000000000e+00 1.759978056502019772e+00 1.759978056502019772e+00 1.759978056502019772e+00 1.759978056502019772e+00
3.000000000000000000e+00 1.802865557620517700e+00 1.802865557620517700e+00 1.802865557620517700e+00 1.802865557620517700e+00
4.000000000000000000e+00 1.765674580575756103e+00 1.765674580575756103e+00 1.765674580575756103e+00 1.765674580575756103e+00
5.000000000000000000e+00 1.456381117218406240e+00 1.456381117218406240e+00 1.456381117218406240e+00 1.456381117218406240e+00
6.000000000000000000e+00 1.394712359088784659e+00 1.394712359088784659e+00 1.394712359088784659e+00 1.394712359088784659e+00
7.000000000000000000e+00 1.271568024524503571e+00 1.271568024524503571e+00 1.271568024524503571e+00 1.271568024524503571e+00
8.000000000000000000e+00 1.560757039919900890e+00 1.560757039919900890e+00 1.560757039919900890e+00 1.560757039919900890e+00
9.000000000000000000e+00 2.028387209480248199e+00 2.028387209480248199e+00 2.028387209480248199e+00 2.028387209480248199e+00
1.000000000000000000e+01 2.104387278560935659e+00 2.104387278560935659e+00 2.104387278560935659e+00 2.104387278560935659e+00
1.100000000000000000e+01 2.328060639129510001e+00 2.328060639129510001e+00 2.328060639129510001e+00 2.328060639129510001e+00
1.200000000000000000e+01 2.861136850763829731e+00 2.861136850763829731e+00 2.861136850763829731e+00 2.861136850763829731e+00
1.300000000000000000e+01 3.417810349692667060e+00 3.417810349692667060e+00 3.417810349692667060e+00 3.417810349692667060e+00
1.400000000000000000e+01 3.519474323787967762e+00 3.519474323787967762e+00 3.519474323787967762e+00 3.519474323787967762e+00
1.500000000000000000e+01 3.658130078789588957e+00 3.658130078789588957e+00 3.658130078789588957e+00 3.658130078789588957e+00
1.600000000000000000e+01 3.451931163789815571e+00 3.451931163789815571e+00 3.451931163789815571e+00 3.451931163789815571e+00
1.700000000000000000e+01 3.482420866637756518e+00 3.482420866637756518e+00 3.482420866637756518e+00 3.482420866637756518e+00
1.800000000000000000e+01 3.175173117652393184e+00 3.175173117652393184e+00 3.175173117652393184e+00 3.175173117652393184e+00
1.900000000000000000e+01 3.340858605043953045e+00 3.340858605043953045e+00 3.340858605043953045e+00 3.340858605043953045e+00
2.000000000000000000e+01 3.770566580582696226e+00 3.770566580582696226e+00 3.770566580582696226e+00 3.770566580582696226e+00
2.100000000000000000e+01 4.036422943929498963e+00 4.036422943929498963e+00 4.036422943929498963e+00 4.036422943929498963e+00
2.200000000000000000e+01 4.493265641196957816e+00 4.493265641196957816e+00 4.493265641196957816e+00 4.493265641196957816e+00
2.300000000000000000e+01 5.235145531464152846e+00 5.235145531464152846e+00 5.235145531464152846e+00 5.235145531464152846e+00
2.400000000000000000e+01 5.577690722273603185e+00 5.577690722273603185e+00 5.577690722273603185e+00 5.577690722273603185e+00
2.500000000000000000e+01 5.834585683100740994e+00 5.834585683100740994e+00 5.834585683100740994e+00 5.834585683100740994e+00
2.600000000000000000e+01 5.560276743928540988e+00 5.560276743928540988e+00 5.560276743928540988e+00 5.560276743928540988e+00
2.700000000000000000e+01 4.888284383730162830e+00 4.888284383730162830e+00 4.888284383730162830e+00 4.888284383730162830e+00
2.800000000000000000e+01 4.826385708141109454e+00 4.826385708141109454e+00 4.826385708141109454e+00 4.826385708141109454e+00
2.900000000000000000e+01 4.685323327576950803e+00 4.685323327576950803e+00 4.685323327576950803e+00 4.685323327576950803e+00
3.000000000000000000e+01 4.839788685509148536e+00 4.839788685509148536e+00 4.839788685509148536e+00 4.839788685509148536e+00
3.100000000000000000e+01 5.392171714243513492e+00 5.392171714243513492e+00 5.392171714243513492e+00 5.392171714243513492e+00
3.200000000000000000e+01 5.789770159808925065e+00 5.789770159808925065e+00 5.789770159808925065e+00 5.789770159808925065e+00
3.300000000000000000e+01 6.303195399595058923e+00 6.303195399595058923e+00 6.303195399595058923e+00 6.303195399595058923e+00
3.400000000000000000e+01 6.921089353966126012e+00 6.921089353966126012e+00 6.921089353966126012e+00 6.921089353966126012e+00
3.500000000000000000e+01 7.955557584764933132e+00 7.955557584764933132e+00 7.955557584764933132e+00 7.955557584764933132e+00
3.600000000000000000e+01 8.267988041842562197e+00 8.267988041842562197e+00 8.267988041842562197e+00 8.267988041842562197e+00
3.700000000000000000e+01 7.759212761419335358e+00 7.759212761419335358e+00 7.759212761419335358e+00 7.759212761419335358e+00
3.800000000000000000e+01 7.185915050672762483e+00 7.185915050672762483e+00 7.185915050672762483e+00 7.185915050672762483e+00
3.900000000000000000e+01 6.431554789930795657e+00 6.431554789930795657e+00 6.431554789930795657e+00 6.431554789930795657e+00
4.000000000000000000e+01 6.060954491783716591e+00 6.060954491783716591e+00 6.060954491783716591e+00 6.060954491783716591e+00
4.100000000000000000e+01 6.226592808450416072e+00 6.226592808450416072e+00 6.226592808450416072e+00 6.226592808450416072e+00
4.200000000000000000e+01 6.595837275368898744e+00 6.595837275368898744e+00 6.595837275368898744e+00 6.595837275368898744e+00
4.300000000000000000e+01 6.381320558580494406e+00 6.381320558580494406e+00 6.381320558580494406e+00 6.381320558580494406e+00
4.400000000000000000e+01 6.511963841789083496e+00 6.511963841789083496e+00 6.511963841789083496e+00 6.511963841789083496e+00
4.500000000000000000e+01 6.477550223300929666e+00 6.477550223300929666e+00 6.477550223300929666e+00 6.477550223300929666e+00
4.600000000000000000e+01 7.027452705686007661e+00 7.027452705686007661e+00 7.027452705686007661e+00 7.027452705686007661e+00
4.700000000000000000e+01 7.447118489491338700e+00 7.447118489491338700e+00 7.447118489491338700e+00 7.447118489491338700e+00
4.800000000000000000e+01 7.232595157420018239e+00 7.232595157420018239e+00 7.232595157420018239e+00 7.232595157420018239e+00
4.900000000000000000e+01 6.607605523309995732e+00 6.607605523309995732e+00 6.607605523309995732e+00 6.607605523309995732e+00
5.000000000000000000e+01 6.450096023164637593e+00 6.450096023164637593e+00 6.450096023164637593e+00 6.450096023164637593e+00
5.100000000000000000e+01 5.972169479909275047e+00 5.972169479909275047e+00 5.972169479909275047e+00 5.972169479909275047e+00
5.200000000000000000e+01 6.116944738532025916e+00 6.116944738532025916e+00 6.116944738532025916e+00 6.116944738532025916e+00
5.300000000000000000e+01 5.892854981213333510e+00 5.892854981213333510e+00 5.892854981213333510e+00 5.892854981213333510e+00
5.400000000000000000e+01 5.602791681266390711e+00 5.602791681266390711e+00 5.602791681266390711e+00 5.602791681266390711e+00
5.500000000000000000e+01 5.497640270715737465e+00 5.497640270715737465e+00 5.497640270715737465e+00 5.497640270715737465e+00
5.600000000000000000e+01 5.715086329164974721e+00 5.715086329164974721e+00 5.715086329164974721e+00 5.715086329164974721e+00
5.700000000000000000e+01 5.999557751394042349e+00 5.999557751394042349e+00 5.999557751394042349e+00 5.999557751394042349e+00
5.800000000000000000e+01 6.443346764743426824e+00 6.443346764743426824e+00 6.443346764743426824e+00 6.443346764743426824e+00
5.900000000000000000e+01 6.275699444287409889e+00 6.275699444287409889e+00 6.275699444287409889e+00 6.275699444287409889e+00
6.000000000000000000e+01 6.019890437725853971e+00 6.019890437725853971e+00 6.019890437725853971e+00 6.019890437725853971e+00
6.100000000000000000e+01 5.648872966887326541e+00 5.648872966887326541e+00 5.648872966887326541e+00 5.648872966887326541e+00
6.200000000000000000e+01 5.323345621139910833e+00 5.323345621139910833e+00 5.323345621139910833e+00 5.323345621139910833e+00
6.300000000000000000e+01 5.064663667538513714e+00 5.064663667538513714e+00 5.064663667538513714e+00 5.064663667538513714e+00
6.400000000000000000e+01 4.629107446109695267e+00 4.629107446109695267e+00 4.629107446109695267e+00 4.629107446109695267e+00
6.500000000000000000e+01 4.421385308420102689e+00 4.421385308420102689e+00 4.421385308420102689e+00 4.421385308420102689e+00
6.600000000000000000e+01 4.939173703775743718e+00 4.939173703775743718e+00 4.939173703775743718e+00 4.939173703775743718e+00
6.700000000000000000e+01 4.995381896764219398e+00 4.995381896764219398e+00 4.995381896764219398e+00 4.995381896764219398e+00
6.800000000000000000e+01 5.561165890048251903e+00 5.561165890048251903e+00 5.561165890048251903e+00 5.561165890048251903e+00
6.900000000000000000e+01 5.584451832264528015e+00 5.584451832264528015e+00 5.584451832264528015e+00 5.584451832264528015e+00
7.000000000000000000e+01 5.526856015811911327e+00 5.526856015811911327e+00 5.526856015811911327e+00 5.526856015811911327e+00
7.100000000000000000e+01 5.871645819783593012e+00 5.871645819783593012e+00 5.871645819783593012e+00 5.871645819783593012e+00
7.200000000000000000e+01 6.015308968922798982e+00 6.015308968922798982e+00 6.015308968922798982e+00 6.015308968922798982e+00
7.300000000000000000e+01 6.710002980844170573e+00 6.710002980844170573e+00 6.710002980844170573e+00 6.710002980844170573e+00
7.400000000000000000e+01 6.622591332823836829e+00 6.622591332823836829e+00 6.622591332823836829e+00 6.622591332823836829e+00
7.500000000000000000e+01 6.277825694037370674e+00 6.277825694037370674e+00 6.277825694037370674e+00 6.277825694037370674e+00
7.600000000000000000e+01 6.110918542901049300e+00 6.110918542901049300e+00 6.110918542901049300e+00 6.110918542901049300e+00
7.700000000000000000e+01 6.444238370357296297e+00 6.444238370357296297e+00 6.444238370357296297e+00 6.444238370357296297e+00
7.800000000000000000e+01 6.807778101372584878e+00 6.807778101372584878e+00 6.807778101372584878e+00 6.807778101372584878e+00
7.900000000000000000e+01 6.936135212325720723e+00 6.936135212325720723e+00 6.936135212325720723e+00 6.936135212325720723e+00
8.000000000000000000e+01 6.475303571521318524e+00 6.475303571521318524e+00 6.475303571521318524e+00 6.475303571521318524e+00
8.100000000000000000e+01 6.093134628643023909e+00 6.093134628643023909e+00 6.093134628643023909e+00 6.093134628643023909e+00
8.200000000000000000e+01 6.049507910728039839e+00 6.049507910728039839e+00 6.049507910728039839e+00 6.049507910728039839e+00
8.300000000000000000e+01 6.627451673585689207e+00 6.627451673585689207e+00 6.627451673585689207e+00 6.627451673585689207e+00
8.400000000000000000e+01 7.670687453308481452e+00 7.670687453308481452e+00 7.670687453308481452e+00 7.670687453308481452e+00
8.500000000000000000e+01 8.166409621104827821e+00 8.166409621104827821e+00 8.166409621104827821e+00 8.166409621104827821e+00
8.600000000000000000e+01 8.681968283904700101e+00 8.681968283904700101e+00 8.681968283904700101e+00 8.681968283904700101e+00
8.700000000000000000e+01 9.169577458699682992e+00 9.169577458699682992e+00 9.169577458699682992e+00 9.169577458699682992e+00
8.800000000000000000e+01 1.005887192874644143e+01 1.005887192874644143e+01 1.005887192874644143e+01 1.005887192874644143e+01
8.900000000000000000e+01 9.627966439704218615e+00 9.627966439704218615e+00 9.627966439704218615e+00 9.627966439704218615e+00
9.000000000000000000e+01 8.580383754328648749e+00 8.580383754328648749e+00 8.580383754328648749e+00 8.580383754328648749e+00
9.100000000000000000e+01 7.248523444517063652e+00 7.248523444517063652e+00 7.248523444517063652e+00 7.248523444517063652e+00
9.200000000000000000e+01 6.128204853889078763e+00 6.128204853889078763e+00 6.128204853889078763e+00 6.128204853889078763e+00
9.300000000000000000e+01 5.768044839297503223e+00 5.768044839297503223e+00 5.768044839297503223e+00 5.768044839297503223e+00
9.400000000000000000e+01 5.959221158258874773e+00 5.959221158258874773e+00 5.959221158258874773e+00 5.959221158258874773e+00
9.500000000000000000e+01 6.707224111566877589e+00 6.707224111566877589e+00 6.707224111566877589e+00 6.707224111566877589e+00
9.600000000000000000e+01 7.942556725439226639e+00 7.942556725439226639e+00 7.942556725439226639e+00 7.942556725439226639e+00
9.700000000000000000e+01 9.248620760125302098e+00 9.248620760125302098e+00 9.248620760125302098e+00 9.248620760125302098e+00
9.800000000000000000e+01 9.786963614818779078e+00 9.786963614818779078e+00 9.786963614818779078e+00 9.786963614818779078e+00
9.900000000000000000e+01 9.616654924015712425e+00 9.616654924015712425e+00 9.616654924015712425e+00 9.616654924015712425e+00
