0.000000000000000000e+00 -1.165236566054261402e+00 -1.165236566054261402e+00 -1.165236566054261402e+00 -1.165236566054261402e+00
1.000000000000000000e+00 -1.013743847667466724e+00 -1.013743847667466724e+00 -1.013743847667466724e+00 -1.013743847667466724e+00
2.000000000000000000e+00 -7.051198057081964343e-01 -7.051198057081964343e-01 -7.051198057081964343e-01 -7.051198057081964343e-01
3.000000000000000000e+00 -1.525653972907305977e+00 -1.525653972907305977e+00 -1.525653972907305977e+00 -1.525653972907305977e+00
4.000000000000000000e+00 -5.674801460786457197e-01 -5.674801460786457197e-01 -5.674801460786457197e-01 -5.674801460786457197e-01
5.000000000000000000e+00 -8.801272048976238604e-01 -8.801272048976238604e-01 -8.801272048976238604e-01 -8.801272048976238604e-01
6.000000000000000000e+00 -3.414747694245139908e-01 -3.414747694245139908e-01 -3.414747694245139908e-01 -3.414747694245139908e-01
7.000000000000000000e+00 -2.756339950749374657e-01 -2.756339950749374657e-01 -2.756339950749374657e-01 -2.756339950749374657e-01
8.000000000000000000e+00 -7.564760558201111262e-01 -7.564760558201111262e-01 -7.564760558201111262e-01 -7.564760558201111262e-01
9.000000000000000000e+00 -2.327471848083002559e-01 -2.327471848083002559e-01 -2.327471848083002559e-01 -2.327471848083002559e-01
1.000000000000000000e+01 -7.149644395080319015e-01 -7.149644395080319015e-01 -7.149644395080319015e-01 -7.149644395080319015e-01
1.100000000000000000e+01 -1.714624992765753642e-02 -1.714624992765753642e-02 -1.714624992765753642e-02 -1.714624992765753642e-02
1.200000000000000000e+01 -5.465857851718299854e-01 -5.465857851718299854e-01 -5.465857851718299854e-01 -5.465857851718299854e-01
1.300000000000000000e+01 7.140240249758096625e-02 7.140240249758096625e-02 7.140240249758096625e-02 7.140240249758096625e-02
1.400000000000000000e+01 -1.152493347778612703e-01 -1.152493347778612703e-01 -1.152493347778612703e-01 -1.152493347778612703e-01
1.500000000000000000e+01 -2.464978762057617734e-01 -2.464978762057617734e-01 -2.464978762057617734e-01 -2.464978762057617734e-01
1.600000000000000000e+01 1.121381105004044670e-01 1.121381105004044670e-01 1.121381105004044670e-01 1.121381105004044670e-01
1.700000000000000000e+01 -9.208600303298930534e-02 -9.208600303298930534e-02 -9.208600303298930534e-02 -9.208600303298930534e-02
1.800000000000000000e+01 -1.078832748592700452e-01 -1.078832748592700452e-01 -1.078832748592700452e-01 -1.078832748592700452e-01
1.900000000000000000e+01 2.213275132431383740e-01 2.213275132431383740e-01 2.213275132431383740e-01 2.213275132431383740e-01
2.000000000000000000e+01 1.477894967995474311e-02 1.477894967995474311e-02 1.477894967995474311e-02 1.477894967995474311e-02
2.100000000000000000e+01 5.320726549717985643e-01 5.320726549717985643e-01 5.320726549717985643e-01 5.320726549717985643e-01
2.200000000000000000e+01 -2.100172219282259445e-01 -2.100172219282259445e-01 -2.100172219282259445e-01 -2.100172219282259445e-01
2.300000000000000000e+01 2.661962432383260801e-01 2.661962432383260801e-01 2.661962432383260801e-01 2.661962432383260801e-01
2.400000000000000000e+01 2.461481937244562046e-01 2.461481937244562046e-01 2.461481937244562046e-01 2.461481937244562046e-01
2.500000000000000000e+01 9.520846772872922081e-02 9.520846772872922081e-02 9.520846772872922081e-02 9.520846772872922081e-02
2.600000000000000000e+01 7.077112894039992996e-01 7.077112894039992996e-01 7.077112894039992996e-01 7.077112894039992996e-01
2.700000000000000000e+01 2.216530654433013503e-01 2.216530654433013503e-01 2.216530654433013503e-01 2.216530654433013503e-01
2.800000000000000000e+01 3.111323756424016485e-01 3.111323756424016485e-01 3.111323756424016485e-01 3.111323756424016485e-01
2.900000000000000000e+01 4.469578548514243632e-01 4.469578548514243632e-01 4.469578548514243632e-01 4.469578548514243632e-01
3.000000000000000000e+01 2.382896590582480045e-01 2.382896590582480045e-01 2.382896590582480045e-01 2.382896590582480045e-01
3.100000000000000000e+01 5.123272602358116545e-01 5.123272602358116545e-01 5.123272602358116545e-01 5.123272602358116545e-01
3.200000000000000000e+01 4.091015593797069361e-01 4.091015593797069361e-01 4.091015593797069361e-01 4.091015593797069361e-01
3.300000000000000000e+01 4.497993572669116702e-01 4.497993572669116702e-01 4.497993572669116702e-01 4.497993572669116702e-01
3.400000000000000000e+01 4.113722545891247417e-01 4.113722545891247417e-01 4.113722545891247417e-01 4.113722545891247417e-01
3.500000000000000000e+01 9.195175442495984175e-01 9.195175442495984175e-01 9.195175442495984175e-01 9.195175442495984175e-01
3.600000000000000000e+01 2.842474584598383425e-01 2.842474584598383425e-01 2.842474584598383425e-01 2.842474584598383425e-01
3.700000000000000000e+01 5.944731949712042107e-01 5.944731949712042107e-01 5.944731949712042107e-01 5.944731949712042107e-01
3.800000000000000000e+01 4.375599003242579554e-01 4.375599003242579554e-01 4.375599003242579554e-01 4.375599003242579554e-01
3.900000000000000000e+01 7.225203693670948502e-01 7.225203693670948502e-01 7.225203693670948502e-01 7.225203693670948502e-01
4.000000000000000000e+01 5.098434055742568916e-01 5.098434055742568916e-01 5.098434055742568916e-01 5.098434055742568916e-01
4.100000000000000000e+01 5.732668909551923431e-01 5.732668909551923431e-01 5.732668909551923431e-01 5.732668909551923431e-01
4.200000000000000000e+01 5.799738151195682478e-01 5.799738151195682478e-01 5.799738151195682478e-01 5.799738151195682478e-01
4.300000000000000000e+01 8.408302364781869986e-01 8.408302364781869986e-01 8.408302364781869986e-01 8.408302364781869986e-01
4.400000000000000000e+01 1.144678786867701747e+00 1.144678786867701747e+00 1.144678786867701747e+00 1.144678786867701747e+00
4.500000000000000000e+01 1.097323321953414199e+00 1.097323321953414199e+00 1.097323321953414199e+00 1.097323321953414199e+00
4.600000000000000000e+01 1.272628375343995977e+00 1.272628375343995977e+00 1.272628375343995977e+00 1.272628375343995977e+00
4.700000000000000000e+01 7.672792062204087937e-01 7.672792062204087937e-01 7.672792062204087937e-01 7.672792062204087937e-01
4.800000000000000000e+01 1.278451004707195526e+00 1.278451004707195526e+00 1.278451004707195526e+00 1.278451004707195526e+00
4.900000000000000000e+01 9.086376695040304652e-01 9.086376695040304652e-01 9.086376695040304652e-01 9.086376695040304652e-01
5.000000000000000000e+01 1.203533605594011791e+00 1.203533605594011791e+00 1.203533605594011791e+00 1.203533605594011791e+00
5.100000000000000000e+01 8.918243886872978532e-01 8.918243886872978532e-01 8.918243886872978532e-01 8.918243886872978532e-01
5.200000000000000000e+01 1.158735597447418053e+00 1.158735597447418053e+00 1.158735597447418053e+00 1.158735597447418053e+00
5.300000000000000000e+01 3.007258156377534686e-01 3.007258156377534686e-01 3.007258156377534686e-01 3.007258156377534686e-01
5.400000000000000000e+01 1.461889046537944714e-01 1.461889046537944714e-01 1.461889046537944714e-01 1.461889046537944714e-01
5.500000000000000000e+01 -8.374622498185427255e-02 -8.374622498185427255e-02 -8.374622498185427255e-02 -8.374622498185427255e-02
5.600000000000000000e+01 2.372033480883257300e-02 2.372033480883257300e-02 2.372033480883257300e-02 2.372033480883257300e-02
5.700000000000000000e+01 -3.765836740552188644e-01 -3.765836740552188644e-01 -3.765836740552188644e-01 -3.765836740552188644e-01
5.800000000000000000e+01 -7.040392131740597081e-01 -7.040392131740597081e-01 -7.040392131740597081e-01 -7.040392131740597081e-01
5.900000000000000000e+01 -5.274091259193683934e-01 -5.274091259193683934e-01 -5.274091259193683934e-01 -5.274091259193683934e-01
6.000000000000000000e+01 -9.084861283439737978e-01 -9.084861283439737978e-01 -9.084861283439737978e-01 -9.084861283439737978e-01
6.100000000000000000e+01 -4.070930086785172763e-01 -4.070930086785172763e-01 -4.070930086785172763e-01 -4.070930086785172763e-01
6.200000000000000000e+01 -5.180848808479893153e-01 -5.180848808479893153e-01 -5.180848808479893153e-01 -5.180848808479893153e-01
6.300000000000000000e+01 8.093986271831542234e-02 8.093986271831542234e-02 8.093986271831542234e-02 8.093986271831542234e-02
6.400000000000000000e+01 -2.033088625078870726e-01 -2.033088625078870726e-01 -2.033088625078870726e-01 -2.033088625078870726e-01
6.500000000000000000e+01 -1.265599640246191371e-01 -1.265599640246191371e-01 -1.265599640246191371e-01 -1.265599640246191371e-01
6.600000000000000000e+01 -1.955619805995318164e-02 -1.955619805995318164e-02 -1.955619805995318164e-02 -1.955619805995318164e-02
6.700000000000000000e+01 -3.361522337917306064e-02 -3.361522337917306064e-02 -3.361522337917306064e-02 -3.361522337917306064e-02
6.800000000000000000e+01 2.224371254790588961e-02 2.224371254790588961e-02 2.224371254790588961e-02 2.224371254790588961e-02
6.900000000000000000e+01 1.311743584202798053e-02 1.311743584202798053e-02 1.311743584202798053e-02 1.311743584202798053e-02
7.000000000000000000e+01 1.559948690547831585e-01 1.559948690547831585e-01 1.559948690547831585e-01 1.559948690547831585e-01
7.100000000000000000e+01 1.253706674613024041e-01 1.253706674613024041e-01 1.253706674613024041e-01 1.253706674613024041e-01
7.200000000000000000e+01 3.832601747680768889e-01 3.832601747680768889e-01 3.832601747680768889e-01 3.832601747680768889e-01
7.300000000000000000e+01 1.673883073426673807e-01 1.673883073426673807e-01 1.673883073426673807e-01 1.673883073426673807e-01
7.400000000000000000e+01 2.808166768912960243e-01 2.808166768912960243e-01 2.808166768912960243e-01 2.808166768912960243e-01
7.500000000000000000e+01 2.210157906669001637e-01 2.210157906669001637e-01 2.210157906669001637e-01 2.210157906669001637e-01
7.600000000000000000e+01 1.031745453938778118e-01 1.031745453938778118e-01 1.031745453938778118e-01 1.031745453938778118e-01
7.700000000000000000e+01 1.123228907459064424e-01 1.123228907459064424e-01 1.123228907459064424e-01 1.123228907459064424e-01
7.800000000000000000e+01 -1.938826948809679596e-01 -1.938826948809679596e-01 -1.938826948809679596e-01 -1.938826948809679596e-01
7.900000000000000000e+01 -2.389064532980915978e-01 -2.389064532980915978e-01 -2.389064532980915978e-01 -2.389064532980915978e-01
8.000000000000000000e+01 2.170841251787711257e-01 2.170841251787711257e-01 2.170841251787711257e-01 2.170841251787711257e-01
8.100000000000000000e+01 2.491672381334908148e-01 2.491672381334908148e-01 2.491672381334908148e-01 2.491672381334908148e-01
8.200000000000000000e+01 5.141588753285815105e-01 5.141588753285815105e-01 5.141588753285815105e-01 5.141588753285815105e-01
8.300000000000000000e+01 5.532978766294245343e-01 5.532978766294245343e-01 5.532978766294245343e-01 5.532978766294245343e-01
8.400000000000000000e+01 5.319410450529730161e-01 5.319410450529730161e-01 5.319410450529730161e-01 5.319410450529730161e-01
8.500000000000000000e+01 7.682003708652245244e-01 7.682003708652245244e-01 7.682003708652245244e-01 7.682003708652245244e-01
8.600000000000000000e+01 7.385317910603407254e-01 7.385317910603407254e-01 7.385317910603407254e-01 7.385317910603407254e-01
8.700000000000000000e+01 7.175502482720120812e-01 7.175502482720120812e-01 7.175502482720120812e-01 7.175502482720120812e-01
8.800000000000000000e+01 7.419571746409380220e-01 7.419571746409380220e-01 7.419571746409380220e-01 7.419571746409380220e-01
8.900000000000000000e+01 5.762104162216897807e-01 5.762104162216897807e-01 5.762104162216897807e-01 5.762104162216897807e-01
9.000000000000000000e+01 8.489393858079741229e-01 8.489393858079741229e-01 8.489393858079741229e-01 8.489393858079741229e-01
9.100000000000000000e+01 7.643642055129847845e-01 7.643642055129847845e-01 7.643642055129847845e-01 7.643642055129847845e-01
9.200000000000000000e+01 7.663077660263183377e-01 7.663077660263183377e-01 7.663077660263183377e-01 7.663077660263183377e-01
9.300000000000000000e+01 5.801564845630834411e-01 5.801564845630834411e-01 5.801564845630834411e-01 5.801564845630834411e-01
9.400000000000000000e+01 7.271208882278129559e-01 7.271208882278129559e-01 7.271208882278129559e-01 7.271208882278129559e-01
9.500000000000000000e+01 6.416984552309459300e-01 6.416984552309459300e-01 6.416984552309459300e-01 6.416984552309459300e-01
9.600000000000000000e+01 5.622891765254531826e-01 5.622891765254531826e-01 5.622891765254531826e-01 5.622891765254531826e-01
9.700000000000000000e+01 5.202522058311848108e-01 5.202522058311848108e-01 5.202522058311848108e-01 5.202522058311848108e-01
9.800000000000000000e+01 6.404051114750837215e-01 6.404051114750837215e-01 6.404051114750837215e-01 6.404051114750837215e-01
9.900000000000000000e+01 4.135536783083011980e-01 4.135536783083011980e-01 4.135536783083011980e-01 4.135536783083011980e-01
