0.000000000000000000e+00 4.258424004607824220e-01 4.258424004607824220e-01 4.258424004607824220e-01 4.258424004607824220e-01
1.000000000000000000e+00 2.897840713345989916e-01 2.897840713345989916e-01 2.897840713345989916e-01 2.897840713345989916e-01
2.000000000000000000e+00 1.318032283445847441e-01 1.318032283445847441e-01 1.318032283445847441e-01 1.318032283445847441e-01
3.000000000000000000e+00 4.243365552086828529e-01 4.243365552086828529e-01 4.243365552086828529e-01 4.243365552086828529e-01
4.000000000000000000e+00 3.222916055624130971e-01 3.222916055624130971e-01 3.222916055624130971e-01 3.222916055624130971e-01
5.000000000000000000e+00 -3.629415249405913979e-01 -3.629415249405913979e-01 -3.629415249405913979e-01 -3.629415249405913979e-01
6.000000000000000000e+00 -1.702136013381457147e+00 -1.702136013381457147e+00 -1.702136013381457147e+00 -1.702136013381457147e+00
7.000000000000000000e+00 -2.437525824196763224e+00 -2.437525824196763224e+00 -2.437525824196763224e+00 -2.437525824196763224e+00
8.000000000000000000e+00 -1.526368072368869511e+00 -1.526368072368869511e+00 -1.526368072368869511e+00 -1.526368072368869511e+00
9.000000000000000000e+00 -1.670775746122906247e+00 -1.670775746122906247e+00 -1.670775746122906247e+00 -1.670775746122906247e+00
1.000000000000000000e+01 -1.871607443747509203e+00 -1.871607443747509203e+00 -1.871607443747509203e+00 -1.871607443747509203e+00
1.100000000000000000e+01 -1.088736013712762851e+00 -1.088736013712762851e+00 -1.088736013712762851e+00 -1.088736013712762851e+00
1.200000000000000000e+01 -8.016178491304245535e-01 -8.016178491304245535e-01 -8.016178491304245535e-01 -8.016178491304245535e-01
1.300000000000000000e+01 -2.808137864348401735e-01 -2.808137864348401735e-01 -2.808137864348401735e-01 -2.808137864348401735e-01
1.400000000000000000e+01 -1.010579908108329011e-01 -1.010579908108329011e-01 -1.010579908108329011e-01 -1.010579908108329011e-01
1.500000000000000000e+01 -2.766336498203983973e-01 -2.766336498203983973e-01 -2.766336498203983973e-01 -2.766336498203983973e-01
1.600000000000000000e+01 -4.156163922682536982e-01 -4.156163922682536982e-01 -4.156163922682536982e-01 -4.156163922682536982e-01
1.700000000000000000e+01 -1.835274899602789000e-01 -1.835274899602789000e-01 -1.835274899602789000e-01 -1.835274899602789000e-01
1.800000000000000000e+01 3.755064390841211797e-01 3.755064390841211797e-01 3.755064390841211797e-01 3.755064390841211797e-01
1.900000000000000000e+01 3.037420219597108950e-02 3.037420219597108950e-02 3.037420219597108950e-02 3.037420219597108950e-02
2.000000000000000000e+01 2.920720948302942821e-01 2.920720948302942821e-01 2.920720948302942821e-01 2.920720948302942821e-01
2.100000000000000000e+01 3.667760112385476945e-01 3.667760112385476945e-01 3.667760112385476945e-01 3.667760112385476945e-01
2.200000000000000000e+01 3.425881319514123557e-01 3.425881319514123557e-01 3.425881319514123557e-01 3.425881319514123557e-01
2.300000000000000000e+01 3.767926447486214525e-01 3.767926447486214525e-01 3.767926447486214525e-01 3.767926447486214525e-01
2.400000000000000000e+01 1.380933803732821707e-01 1.380933803732821707e-01 1.380933803732821707e-01 1.380933803732821707e-01
2.500000000000000000e+01 3.937067335367334109e-01 3.937067335367334109e-01 3.937067335367334109e-01 3.937067335367334109e-01
2.600000000000000000e+01 -7.299267779456494742e-02 -7.299267779456494742e-02 -7.299267779456494742e-02 -7.299267779456494742e-02
2.700000000000000000e+01 -8.865874061018544968e-04 -8.865874061018544968e-04 -8.865874061018544968e-04 -8.865874061018544968e-04
2.800000000000000000e+01 -2.775034806814308808e-01 -2.775034806814308808e-01 -2.775034806814308808e-01 -2.775034806814308808e-01
2.900000000000000000e+01 2.092117639254139905e-01 2.092117639254139905e-01 2.092117639254139905e-01 2.092117639254139905e-01
3.000000000000000000e+01 1.480345371645962194e-01 1.480345371645962194e-01 1.480345371645962194e-01 1.480345371645962194e-01
3.100000000000000000e+01 -2.696682993163116437e-01 -2.696682993163116437e-01 -2.696682993163116437e-01 -2.696682993163116437e-01
3.200000000000000000e+01 2.236078653603621944e-02 2.236078653603621944e-02 2.236078653603621944e-02 2.236078653603621944e-02
3.300000000000000000e+01 -5.918071535221608448e-01 -5.918071535221608448e-01 -5.918071535221608448e-01 -5.918071535221608448e-01
3.400000000000000000e+01 1.706483682498088350e-01 1.706483682498088350e-01 1.706483682498088350e-01 1.706483682498088350e-01
3.500000000000000000e+01 -1.917543521133510398e-01 -1.917543521133510398e-01 -1.917543521133510398e-01 -1.917543521133510398e-01
3.600000000000000000e+01 -4.578009832649996280e-01 -4.578009832649996280e-01 -4.578009832649996280e-01 -4.578009832649996280e-01
3.700000000000000000e+01 -4.283880128452019487e-02 -4.283880128452019487e-02 -4.283880128452019487e-02 -4.283880128452019487e-02
3.800000000000000000e+01 8.907552422125140923e-02 8.907552422125140923e-02 8.907552422125140923e-02 8.907552422125140923e-02
3.900000000000000000e+01 -6.434043212438322890e-02 -6.434043212438322890e-02 -6.434043212438322890e-02 -6.434043212438322890e-02
4.000000000000000000e+01 1.707887481787606909e-01 1.707887481787606909e-01 1.707887481787606909e-01 1.707887481787606909e-01
4.100000000000000000e+01 7.960376433770179894e-01 7.960376433770179894e-01 7.960376433770179894e-01 7.960376433770179894e-01
4.200000000000000000e+01 -3.528929050909949128e-01 -3.528929050909949128e-01 -3.528929050909949128e-01 -3.528929050909949128e-01
4.300000000000000000e+01 -3.451777815497227286e-01 -3.451777815497227286e-01 -3.451777815497227286e-01 -3.451777815497227286e-01
4.400000000000000000e+01 3.849160548738143894e-02 3.849160548738143894e-02 3.849160548738143894e-02 3.849160548738143894e-02
4.500000000000000000e+01 2.503440677876009879e-01 2.503440677876009879e-01 2.503440677876009879e-01 2.503440677876009879e-01
4.600000000000000000e+01 1.278242475860056626e-01 1.278242475860056626e-01 1.278242475860056626e-01 1.278242475860056626e-01
4.700000000000000000e+01 3.544499320330340431e-01 3.544499320330340431e-01 3.544499320330340431e-01 3.544499320330340431e-01
4.800000000000000000e+01 -1.702569414296316863e-01 -1.702569414296316863e-01 -1.702569414296316863e-01 -1.702569414296316863e-01
4.900000000000000000e+01 -4.292313868751180816e-01 -4.292313868751180816e-01 -4.292313868751180816e-01 -4.292313868751180816e-01
5.000000000000000000e+01 -3.463141802884231457e-01 -3.463141802884231457e-01 -3.463141802884231457e-01 -3.463141802884231457e-01
5.100000000000000000e+01 -2.791821317307600636e-01 -2.791821317307600636e-01 -2.791821317307600636e-01 -2.791821317307600636e-01
5.200000000000000000e+01 2.002923203872752217e-04 2.002923203872752217e-04 2.002923203872752217e-04 2.002923203872752217e-04
5.300000000000000000e+01 2.156779352697661169e-03 2.156779352697661169e-03 2.156779352697661169e-03 2.156779352697661169e-03
5.400000000000000000e+01 -4.079900754766895288e-01 -4.079900754766895288e-01 -4.079900754766895288e-01 -4.079900754766895288e-01
5.500000000000000000e+01 -7.736887674674376436e-01 -7.736887674674376436e-01 -7.736887674674376436e-01 -7.736887674674376436e-01
5.600000000000000000e+01 2.266624489513657803e-01 2.266624489513657803e-01 2.266624489513657803e-01 2.266624489513657803e-01
5.700000000000000000e+01 1.107335614598897906e-02 1.107335614598897906e-02 1.107335614598897906e-02 1.107335614598897906e-02
5.800000000000000000e+01 2.306156043401073052e-01 2.306156043401073052e-01 2.306156043401073052e-01 2.306156043401073052e-01
5.900000000000000000e+01 -2.933899074673487761e-01 -2.933899074673487761e-01 -2.933899074673487761e-01 -2.933899074673487761e-01
6.000000000000000000e+01 -1.578550683196998719e-02 -1.578550683196998719e-02 -1.578550683196998719e-02 -1.578550683196998719e-02
6.100000000000000000e+01 -3.964426703796503776e-02 -3.964426703796503776e-02 -3.964426703796503776e-02 -3.964426703796503776e-02
6.200000000000000000e+01 -1.025390438792284975e+00 -1.025390438792284975e+00 -1.025390438792284975e+00 -1.025390438792284975e+00
6.300000000000000000e+01 -2.569298650805655004e+00 -2.569298650805655004e+00 -2.569298650805655004e+00 -2.569298650805655004e+00
6.400000000000000000e+01 -2.532924892196207978e+00 -2.532924892196207978e+00 -2.532924892196207978e+00 -2.532924892196207978e+00
6.500000000000000000e+01 -2.121372035718859461e+00 -2.121372035718859461e+00 -2.121372035718859461e+00 -2.121372035718859461e+00
6.600000000000000000e+01 -1.691494450233973046e+00 -1.691494450233973046e+00 -1.691494450233973046e+00 -1.691494450233973046e+00
6.700000000000000000e+01 -9.703524890962973437e-01 -9.703524890962973437e-01 -9.703524890962973437e-01 -9.703524890962973437e-01
6.800000000000000000e+01 -6.251882769372416604e-01 -6.251882769372416604e-01 -6.251882769372416604e-01 -6.251882769372416604e-01
6.900000000000000000e+01 -8.035346631312292320e-01 -8.035346631312292320e-01 -8.035346631312292320e-01 -8.035346631312292320e-01
7.000000000000000000e+01 -2.245318966389175386e-01 -2.245318966389175386e-01 -2.245318966389175386e-01 -2.245318966389175386e-01
7.100000000000000000e+01 -4.295333427488606248e-01 -4.295333427488606248e-01 -4.295333427488606248e-01 -4.295333427488606248e-01
7.200000000000000000e+01 -6.572076762761082380e-02 -6.572076762761082380e-02 -6.572076762761082380e-02 -6.572076762761082380e-02
7.300000000000000000e+01 3.599146668627577483e-01 3.599146668627577483e-01 3.599146668627577483e-01 3.599146668627577483e-01
7.400000000000000000e+01 -7.995244870756809674e-02 -7.995244870756809674e-02 -7.995244870756809674e-02 -7.995244870756809674e-02
7.500000000000000000e+01 7.881671278924580470e-02 7.881671278924580470e-02 7.881671278924580470e-02 7.881671278924580470e-02
7.600000000000000000e+01 1.541474559258705079e-01 1.541474559258705079e-01 1.541474559258705079e-01 1.541474559258705079e-01
7.700000000000000000e+01 3.515423498780719802e-01 3.515423498780719802e-01 3.515423498780719802e-01 3.515423498780719802e-01
7.800000000000000000e+01 4.755820880612530721e-01 4.755820880612530721e-01 4.755820880612530721e-01 4.755820880612530721e-01
7.900000000000000000e+01 7.139661423015608577e-02 7.139661423015608577e-02 7.139661423015608577e-02 7.139661423015608577e-02
8.000000000000000000e+01 1.982958641185139925e-01 1.982958641185139925e-01 1.982958641185139925e-01 1.982958641185139925e-01
8.100000000000000000e+01 -1.084180969176607168e-01 -1.084180969176607168e-01 -1.084180969176607168e-01 -1.084180969176607168e-01
8.200000000000000000e+01 4.505049734732179401e-01 4.505049734732179401e-01 4.505049734732179401e-01 4.505049734732179401e-01
8.300000000000000000e+01 2.092398023858985934e-01 2.092398023858985934e-01 2.092398023858985934e-01 2.092398023858985934e-01
8.400000000000000000e+01 -2.283736775435568911e-01 -2.283736775435568911e-01 -2.283736775435568911e-01 -2.283736775435568911e-01
8.500000000000000000e+01 5.559605789957567934e-01 5.559605789957567934e-01 5.559605789957567934e-01 5.559605789957567934e-01
8.600000000000000000e+01 -3.162514087259847284e-01 -3.162514087259847284e-01 -3.162514087259847284e-01 -3.162514087259847284e-01
8.700000000000000000e+01 -2.028523238881058954e-01 -2.028523238881058954e-01 -2.028523238881058954e-01 -2.028523238881058954e-01
8.800000000000000000e+01 -4.694911682990088875e-01 -4.694911682990088875e-01 -4.694911682990088875e-01 -4.694911682990088875e-01
8.900000000000000000e+01 -2.622853661964372196e-01 -2.622853661964372196e-01 -2.622853661964372196e-01 -2.622853661964372196e-01
9.000000000000000000e+01 -1.334971212438775812e-01 -1.334971212438775812e-01 -1.334971212438775812e-01 -1.334971212438775812e-01
9.100000000000000000e+01 -1.291633701919943922e-01 -1.291633701919943922e-01 -1.291633701919943922e-01 -1.291633701919943922e-01
9.200000000000000000e+01 1.135854413371962385e-01 1.135854413371962385e-01 1.135854413371962385e-01 1.135854413371962385e-01
9.300000000000000000e+01 -7.726617279858295773e-02 -7.726617279858295773e-02 -7.726617279858295773e-02 -7.726617279858295773e-02
9.400000000000000000e+01 1.179706479967700394e-01 1.179706479967700394e-01 1.179706479967700394e-01 1.179706479967700394e-01
9.500000000000000000e+01 1.053975156694378773e-01 1.053975156694378773e-01 1.053975156694378773e-01 1.053975156694378773e-01
9.600000000000000000e+01 -1.160241135740266299e-01 -1.160241135740266299e-01 -1.160241135740266299e-01 -1.160241135740266299e-01
9.700000000000000000e+01 4.345263457731877166e-01 4.345263457731877166e-01 4.345263457731877166e-01 4.345263457731877166e-01
9.800000000000000000e+01 3.748607854791309313e-01 3.748607854791309313e-01 3.748607854791309313e-01 3.748607854791309313e-01
